20 3500
121 8
610 12
863 4
824 14
858 9
750 11
887 9
718 9
935 10
727 8
919 11
803 15
765 14
772 19
714 11
957 1
949 8
632 3
635 4
644 3
623 5
960 16
975 11
966 19
778 13
861 1
654 4
778 13
939 11
654 14
865 14
620 5
806 11
748 2
865 1
811 2
612 6
798 12
626 8
631 2
927 2
730 7
878 8
784 1
833 17
876 14
843 5
652 7
679 11
977 10
887 1
923 3
944 18
865 2
718 20
967 3
701 11
754 15
900 8
833 2
635 5
950 1
847 15
988 14
907 19
715 5
630 16
635 20
641 4
869 1
602 14
864 2
817 8
771 1
658 2
862 11
639 1
733 9
738 17
954 7
695 17
742 13
789 13
734 2
858 14
681 11
897 12
795 9
681 6
908 14
694 4
600 18
819 15
784 15
736 15
991 11
808 15
877 10
767 12
755 13
843 6
957 17
897 20
638 2
878 3
657 4
687 2
774 18
972 18
964 14
794 4
779 15
681 19
612 8
756 13
874 16
918 4
956 15
713 7
646 16
899 7
804 19
653 17
645 6
854 14
813 8
669 18
645 9
866 18
653 4
994 11
679 10
646 20
912 20
883 12
944 9
954 14
609 18
627 18
708 19
924 10
901 7
999 19
657 2
977 17
615 17
822 1
884 3
658 8
871 14
744 13
623 1
828 18
791 1
664 4
626 19
742 7
874 7
800 9
932 15
749 10
792 17
687 5
931 12
923 5
761 20
933 16
686 3
723 17
755 4
970 11
874 6
811 20
874 11
859 10
691 12
634 8
714 13
861 8
769 17
800 17
851 3
946 20
933 2
944 1
976 7
631 4
601 12
966 1
616 8
647 18
987 14
792 2
947 14
988 19
707 7
693 13
823 4
946 19
895 17
660 15
626 11
877 10
880 9
701 19
820 1
766 20
793 11
631 11
882 8
683 16
760 14
703 3
723 4
694 15
701 14
637 15
620 14
696 2
708 2
681 14
841 15
939 11
921 18
619 3
641 14
853 15
662 9
882 7
899 2
642 20
882 3
603 13
770 19
953 16
712 4
782 10
649 14
896 19
782 20
629 1
653 5
835 1
604 10
874 15
857 14
920 16
802 5
708 11
636 10
612 5
903 2
932 5
831 20
667 9
746 15
739 5
856 18
966 11
669 19
680 6
901 11
991 18
791 4
647 15
858 11
943 1
851 16
855 14
798 15
645 14
710 17
904 20
608 12
675 3
797 12
776 5
986 18
865 20
787 1
924 16
733 11
788 9
714 11
835 20
989 20
966 16
924 8
818 15
663 16
664 17
731 17
912 5
651 16
648 8
609 12
621 7
684 2
705 8
792 4
968 8
838 18
848 6
630 18
993 18
744 19
978 19
629 3
605 15
747 14
667 16
678 12
949 4
820 19
646 13
995 17
645 6
670 2
787 17
844 11
982 11
815 10
697 9
715 9
785 17
722 10
614 9
931 20
843 12
857 11
852 1
770 16
998 9
798 4
990 17
949 8
686 7
896 7
976 18
909 16
656 20
919 10
923 19
967 14
874 18
990 17
760 18
798 3
650 6
724 19
687 2
960 19
699 17
836 7
754 17
986 1
764 5
635 6
625 2
729 4
830 7
817 19
766 3
726 15
940 12
622 18
703 15
835 11
665 2
620 18
953 15
825 4
653 20
785 20
681 4
711 15
827 17
839 14
773 20
979 1
788 2
646 18
893 13
947 7
829 14
772 7
865 13
934 9
654 4
984 7
639 15
768 16
815 17
698 14
853 13
744 8
920 5
936 20
758 7
607 13
609 6
745 12
968 10
626 1
610 16
899 13
645 16
848 12
836 17
629 15
859 15
771 20
867 2
901 18
936 10
694 7
692 18
620 7
937 9
965 13
618 9
793 6
816 10
915 8
996 7
904 11
674 13
789 1
667 6
855 17
798 9
717 6
918 6
995 15
855 5
800 14
677 9
606 20
803 17
728 14
815 10
616 12
936 15
854 8
970 1
681 9
789 7
960 7
667 10
703 19
933 14
703 18
954 1
664 9
958 15
606 4
654 19
783 19
662 11
714 3
800 11
854 3
719 7
871 2
759 19
859 14
880 13
867 2
828 10
932 6
868 10
603 8
822 14
724 5
798 8
666 14
842 1
610 11
938 19
630 11
663 20
791 8
775 17
975 6
981 12
964 14
762 16
730 17
656 6
831 1
711 8
867 8
892 9
662 4
821 17
853 17
858 19
706 13
678 8
690 12
825 3
922 10
639 8
903 3
899 20
933 16
883 20
607 5
827 16
716 10
809 7
867 6
953 12
962 17
806 15
643 8
996 9
629 17
714 4
679 13
779 20
727 17
804 7
919 19
612 2
875 13
671 8
698 8
815 18
889 4
761 13
688 5
815 18
608 12
829 12
878 4
635 19
630 14
870 5
840 1
693 3
809 9
666 6
779 18
925 9
677 8
909 19
951 3
907 5
832 3
848 12
976 13
962 13
622 12
879 2
903 14
935 17
686 5
714 8
918 6
791 4
729 14
934 1
740 11
742 14
766 10
754 16
624 20
782 12
981 20
699 2
629 15
607 2
653 8
800 14
726 12
821 2
644 8
928 1
901 5
809 19
896 9
616 3
653 10
776 10
624 8
647 16
672 15
792 5
1000 13
958 4
628 9
935 11
670 12
611 20
854 8
864 17
983 14
872 18
712 10
720 1
845 6
723 1
840 19
607 13
935 17
744 16
736 18
739 20
638 15
723 16
664 3
854 16
695 8
651 13
601 7
948 9
722 18
899 3
725 18
657 3
891 8
701 14
978 1
818 5
820 9
865 19
915 6
635 1
777 12
696 8
952 19
974 13
648 14
917 19
869 3
986 14
844 18
651 15
704 19
727 18
949 14
815 13
684 14
690 14
871 16
695 14
900 6
672 16
978 6
903 3
890 4
935 13
655 4
940 9
731 5
613 7
769 14
704 10
861 2
799 2
1000 15
886 17
915 10
687 3
667 19
741 17
822 10
664 4
755 7
743 16
836 12
901 11
961 7
743 14
613 2
897 20
979 18
921 16
624 3
871 16
948 20
832 20
652 5
900 7
793 6
773 3
745 7
719 7
984 1
729 14
710 8
689 6
941 5
680 18
949 18
925 19
696 16
724 1
812 11
987 19
975 4
798 8
710 18
826 14
964 20
600 14
788 17
730 8
680 2
612 11
840 2
837 7
977 7
685 12
824 18
855 17
889 13
732 13
649 2
660 6
750 9
739 20
959 4
656 11
643 17
636 1
864 9
730 10
645 3
961 16
683 10
836 6
826 19
688 1
826 16
742 19
688 3
766 16
704 4
652 16
697 13
649 7
708 12
776 20
742 9
860 8
621 6
752 5
920 11
944 19
976 17
891 11
950 20
895 18
685 10
653 11
659 18
831 7
707 17
962 2
648 9
728 13
668 20
896 17
779 18
765 16
948 8
808 14
792 2
656 11
769 1
609 10
887 6
791 6
955 20
936 15
839 2
744 6
684 8
621 11
805 15
745 12
689 8
982 2
744 5
733 8
915 18
843 19
961 9
601 2
804 1
801 6
606 19
998 6
858 1
619 10
852 7
873 4
623 13
641 6
846 19
706 18
845 12
718 3
857 19
692 13
622 1
665 17
831 18
872 2
610 18
624 10
777 16
821 1
858 3
943 20
913 4
762 12
659 7
856 16
669 11
790 14
912 9
755 18
886 17
899 10
774 14
908 11
936 9
769 18
951 19
740 19
734 11
869 2
978 2
822 20
807 14
990 2
767 14
987 12
626 16
619 12
608 13
949 6
751 4
654 1
992 14
621 2
659 10
883 15
829 12
898 16
692 6
893 6
640 18
768 3
872 16
672 9
756 9
973 4
828 13
959 13
979 8
626 14
839 18
600 19
917 6
899 10
886 19
943 17
755 1
987 2
795 16
929 10
715 6
898 15
824 14
803 13
668 12
798 15
922 6
917 10
872 3
950 10
782 1
951 14
993 10
772 19
910 14
945 17
613 18
875 4
742 19
725 1
990 1
769 12
910 18
689 3
869 10
788 2
994 3
741 1
993 16
644 18
758 9
738 12
666 20
654 18
810 12
735 15
937 2
638 10
782 6
733 15
734 8
982 12
931 4
873 8
952 16
745 15
834 14
962 14
905 17
892 2
878 4
838 17
694 15
753 6
834 9
695 5
621 2
643 16
837 15
947 8
806 10
858 13
852 6
659 9
620 2
839 16
677 4
869 2
941 3
791 7
736 7
854 9
809 11
686 6
939 11
963 9
740 6
780 6
834 6
946 2
615 20
919 19
923 3
976 16
957 8
705 11
613 20
699 4
728 13
766 8
847 18
926 17
796 15
644 1
959 13
650 5
819 6
904 16
743 4
799 4
994 13
673 11
634 7
643 2
907 11
653 4
801 14
607 2
806 14
949 16
658 10
818 4
666 18
759 3
916 12
806 13
843 10
669 20
842 16
681 9
884 7
677 13
637 6
996 11
698 19
675 8
632 2
665 2
971 6
713 8
959 1
897 13
834 11
741 11
886 10
864 15
659 12
707 15
963 3
900 13
979 8
756 20
900 9
867 12
796 9
641 15
647 16
829 2
670 20
869 15
883 15
912 17
618 19
882 10
816 19
925 8
923 18
617 6
924 16
829 16
634 19
702 11
904 13
980 14
906 2
841 9
819 20
878 13
805 1
978 5
618 13
696 4
965 19
966 2
701 11
617 7
776 2
941 4
722 11
643 6
813 20
765 19
608 13
984 11
879 18
893 9
650 8
754 9
636 15
826 18
609 12
742 4
809 9
913 16
671 12
771 6
793 11
726 19
665 6
942 8
888 13
694 15
860 15
702 5
724 9
639 6
683 7
938 19
980 13
729 8
905 6
753 17
788 20
667 20
734 19
720 15
712 19
633 20
989 20
843 20
776 20
786 4
628 20
718 10
632 3
639 6
827 1
947 17
947 12
828 19
724 18
865 13
823 15
660 4
613 10
710 8
869 19
847 19
628 7
730 1
805 12
991 17
739 5
618 6
781 17
639 11
646 3
962 18
895 12
789 15
645 6
748 8
768 2
656 19
774 16
634 7
896 20
619 11
871 6
990 16
931 18
846 18
878 20
924 12
830 9
794 5
733 18
873 17
746 6
722 3
817 4
818 16
770 4
653 1
935 14
668 10
654 20
911 4
857 19
847 8
998 6
764 13
799 11
920 9
836 18
754 14
796 3
972 19
921 2
933 2
719 11
884 1
628 5
682 13
681 12
760 3
880 1
735 11
615 18
979 5
907 6
707 14
905 3
694 13
886 14
741 13
630 11
954 12
879 15
951 3
652 4
670 1
770 18
662 3
887 8
841 14
794 20
850 9
750 5
712 7
949 13
674 12
676 1
811 15
973 18
972 8
732 5
773 1
618 19
697 17
718 6
757 10
893 16
860 16
648 2
868 16
641 8
646 17
846 8
741 14
634 12
872 2
702 8
621 13
866 7
877 3
669 14
708 19
921 17
936 8
957 16
643 1
1000 7
914 12
868 3
818 20
611 15
844 18
743 3
757 11
769 6
674 16
637 16
677 12
838 11
889 6
948 7
879 8
606 3
715 12
721 20
875 17
801 19
606 15
843 8
842 1
741 2
793 4
634 13
880 5
627 16
907 10
646 8
667 15
754 1
834 19
872 9
873 11
795 14
670 8
653 19
652 12
915 7
615 11
753 20
941 6
859 9
707 11
864 11
682 18
751 17
899 9
916 4
659 19
825 18
631 1
739 11
819 20
997 17
933 2
782 11
793 1
856 18
616 17
950 7
1000 8
751 7
795 4
813 19
732 6
973 19
1000 9
917 15
899 12
623 14
654 17
859 5
742 5
720 16
649 12
632 17
938 9
905 20
636 2
835 3
903 19
683 13
712 5
663 8
897 7
775 3
613 12
944 2
613 7
903 16
795 7
647 1
946 9
930 17
706 17
815 11
691 16
631 19
703 11
614 19
824 4
668 13
842 3
781 17
625 5
873 19
639 7
783 18
750 17
816 1
771 18
689 15
817 4
863 4
846 16
985 7
756 9
669 20
683 16
950 6
770 4
972 14
833 14
766 13
973 3
818 8
685 19
770 17
605 1
767 17
987 20
732 17
876 3
732 6
713 15
903 9
670 2
695 6
902 4
664 18
999 12
695 4
670 18
668 16
910 15
655 15
806 7
991 10
894 5
620 3
835 16
974 6
952 4
900 7
698 2
759 12
760 16
998 4
665 3
871 18
915 6
885 15
864 19
790 1
984 4
980 7
864 18
969 20
664 2
764 9
646 11
843 12
644 11
902 16
632 16
946 17
845 10
988 14
978 14
850 5
875 7
729 11
868 7
938 5
879 9
638 11
822 16
847 14
975 5
895 2
887 13
860 4
755 14
699 8
873 15
612 15
757 14
623 7
796 10
961 6
929 9
897 6
697 16
941 9
892 19
963 11
873 6
791 10
876 14
729 19
738 9
845 15
724 11
774 13
686 1
971 12
733 6
1000 6
801 7
997 15
804 8
949 15
998 6
709 4
606 17
747 13
608 1
810 6
798 8
780 11
948 8
990 4
788 7
898 11
945 6
754 1
641 3
994 2
605 8
929 8
871 12
966 10
669 9
812 10
838 5
798 4
629 14
924 17
646 17
861 11
686 7
719 19
656 17
873 10
907 15
701 11
604 3
963 12
866 10
886 10
667 8
640 7
954 16
826 2
844 18
872 9
775 19
655 17
794 11
987 12
889 1
633 9
807 15
694 19
649 18
906 19
854 7
629 8
620 20
797 18
941 14
712 13
614 18
924 8
966 11
902 1
767 6
804 5
783 20
610 16
635 12
851 8
983 8
911 17
924 2
744 11
810 7
681 1
940 10
725 14
841 9
836 12
898 19
917 17
799 18
989 1
928 8
885 19
830 20
747 9
984 8
719 2
767 2
729 14
764 6
752 1
665 8
678 14
602 19
996 10
957 19
924 19
987 12
942 5
916 16
753 1
881 3
794 8
893 10
784 20
865 15
981 15
788 13
969 18
712 3
926 13
623 16
602 8
909 12
908 9
968 18
866 13
729 10
845 16
789 16
950 6
615 13
888 1
636 20
655 1
710 7
646 3
763 20
626 12
738 9
921 11
655 18
978 7
865 9
788 13
775 12
648 20
646 16
821 13
678 16
659 19
802 8
638 10
755 3
656 4
603 12
672 16
737 1
644 15
938 1
840 11
739 6
630 4
693 13
994 18
710 16
831 18
715 6
943 3
799 20
674 20
641 14
769 13
873 18
684 12
772 3
771 14
939 1
629 8
947 10
698 14
752 14
716 18
922 16
662 1
997 11
700 11
889 3
801 20
923 9
973 7
637 8
616 9
952 11
858 14
822 15
963 8
913 2
837 18
833 12
656 16
982 17
663 18
639 2
865 1
925 17
991 11
925 10
931 3
973 4
749 14
911 14
962 16
742 20
726 19
700 18
873 1
886 7
810 10
910 12
841 5
745 14
751 20
662 11
771 9
944 14
845 18
992 3
922 5
938 14
792 12
659 7
829 6
940 1
720 9
636 4
720 9
838 8
748 5
608 13
834 16
914 18
987 12
799 11
722 6
956 5
866 1
704 13
809 5
922 6
935 4
755 19
623 14
938 3
920 3
759 2
964 3
690 4
799 12
896 4
981 2
961 5
763 1
767 4
799 2
709 5
605 6
697 7
639 19
860 4
643 10
751 3
736 9
896 13
692 3
819 7
866 13
844 2
673 18
843 20
645 7
754 13
607 16
809 2
609 20
775 2
638 16
803 14
926 11
624 1
967 15
621 4
607 10
649 16
690 17
619 19
953 18
924 16
988 5
920 14
870 16
853 19
757 2
833 18
713 9
749 7
706 20
991 4
958 1
661 10
852 18
787 14
654 17
649 10
886 12
658 3
785 12
695 1
855 3
837 7
921 20
631 18
630 2
794 13
944 17
817 3
823 6
867 4
613 18
996 13
965 19
961 13
701 20
765 11
890 20
805 19
660 12
672 3
982 11
771 15
736 12
916 12
623 4
713 17
798 3
630 10
980 19
940 2
708 19
703 20
725 2
658 2
868 18
717 18
742 1
902 15
810 17
1000 4
648 6
942 8
612 17
711 16
604 6
923 17
718 7
784 11
879 11
895 17
814 6
728 19
884 5
702 7
939 19
614 13
894 7
988 14
704 19
993 3
691 3
768 10
722 11
650 11
805 16
665 11
725 13
843 19
720 18
821 9
715 13
788 9
637 10
899 9
857 15
834 18
618 4
811 14
740 16
804 11
624 18
769 15
806 20
794 10
676 7
815 20
918 2
789 18
728 13
881 9
782 13
629 20
820 16
969 15
794 6
716 6
896 3
826 16
928 4
852 15
773 20
964 20
962 14
730 9
730 2
872 7
766 8
850 8
746 2
813 13
790 4
975 5
695 1
691 12
969 4
861 1
702 20
757 19
971 11
697 5
862 2
774 18
803 20
696 3
957 1
752 6
717 5
754 1
826 17
905 7
801 4
904 11
636 8
922 15
602 5
880 10
744 20
833 13
686 15
697 2
613 7
771 17
947 9
739 2
614 16
669 11
681 19
950 1
679 17
996 11
730 19
889 17
774 11
972 14
918 20
888 12
942 12
933 2
630 17
666 10
739 19
930 11
883 2
938 9
615 6
603 9
626 2
974 14
958 16
616 14
884 1
997 12
767 20
972 2
771 15
900 17
620 16
929 5
822 6
727 15
743 16
898 3
736 18
619 7
662 5
674 13
979 4
680 4
923 1
785 2
829 18
751 11
874 14
726 4
807 12
943 16
678 4
909 4
751 12
766 2
825 16
986 1
765 4
745 13
825 15
718 7
874 8
625 9
997 7
829 6
987 5
972 3
987 4
609 1
637 17
965 4
962 15
901 2
766 5
884 8
794 2
922 4
657 9
972 18
915 19
917 6
816 5
606 10
915 15
796 8
604 20
799 6
923 1
883 2
743 1
916 11
610 20
786 19
783 5
845 16
826 12
600 8
737 1
944 15
872 19
992 10
646 3
603 20
754 20
698 6
723 2
933 19
657 3
605 12
655 20
892 7
904 10
799 17
629 19
680 14
822 20
781 5
754 10
739 18
676 19
619 7
842 20
937 11
954 7
792 13
897 15
993 11
815 8
822 9
732 4
947 11
748 12
770 8
874 2
680 15
645 4
714 7
888 13
741 1
893 4
857 2
665 1
992 6
668 16
856 18
696 13
628 13
993 14
608 1
923 7
658 19
940 17
957 5
700 4
807 16
851 9
707 7
607 11
677 8
677 8
922 20
671 4
954 14
851 9
930 8
654 3
735 6
792 10
660 7
967 13
988 5
741 9
793 4
787 14
622 5
960 8
681 20
699 12
722 8
615 12
637 1
948 2
929 16
980 8
902 20
637 16
831 3
948 6
703 20
760 6
917 14
910 19
605 1
710 12
661 10
733 1
836 6
778 20
849 12
629 11
793 1
644 19
636 16
794 19
831 9
624 17
871 19
761 3
729 7
766 18
626 4
705 19
791 10
962 1
840 9
942 1
663 1
927 14
772 2
720 19
669 16
693 11
907 9
999 2
663 17
768 12
881 11
895 7
803 10
851 19
978 12
980 10
795 9
935 12
979 13
708 14
968 20
701 20
759 15
628 10
958 14
742 11
624 16
878 15
961 8
610 18
856 11
865 11
781 13
973 10
973 15
932 9
609 13
909 8
640 3
960 19
990 11
807 7
905 1
924 7
746 11
997 8
684 16
929 3
715 15
949 20
769 11
772 15
955 18
666 9
660 17
798 10
746 2
665 14
715 18
627 13
872 19
766 19
854 19
753 20
917 6
894 12
842 10
912 17
639 2
876 8
892 16
829 4
986 3
646 19
820 2
705 6
798 5
831 15
706 3
838 5
753 15
805 3
988 6
618 12
714 10
645 12
990 2
619 20
602 12
783 10
632 12
814 16
754 16
984 3
962 12
925 17
935 9
700 8
707 17
856 6
703 11
813 8
832 4
797 17
661 13
789 16
768 2
707 9
745 13
860 9
939 1
668 2
797 20
739 10
807 7
823 13
753 5
818 11
810 4
883 7
863 16
719 17
734 2
780 8
974 4
750 8
887 16
746 9
692 16
963 7
954 19
644 2
937 7
901 9
725 6
881 13
888 3
877 9
943 16
981 4
724 17
674 14
686 3
983 6
773 5
938 10
943 13
721 18
644 17
699 20
653 3
854 14
641 12
953 15
643 1
923 20
720 4
908 20
892 16
729 15
850 1
927 5
778 15
897 2
860 16
685 3
988 16
697 8
865 20
754 17
732 11
765 14
940 15
719 18
869 12
951 13
690 1
982 6
883 1
950 19
775 15
613 16
844 14
934 2
781 12
981 19
695 8
958 7
778 5
994 7
983 11
981 6
807 12
763 5
844 9
709 3
722 9
884 8
890 5
974 1
850 12
734 8
747 10
736 20
943 12
684 5
828 12
968 5
884 16
600 12
730 20
744 3
967 11
602 14
647 19
911 15
884 1
618 6
718 7
927 2
842 19
892 2
978 12
619 9
912 20
804 19
653 17
673 5
886 8
993 10
898 16
762 20
867 7
625 14
897 18
627 10
894 4
988 1
621 4
688 14
846 15
912 10
769 18
896 2
884 9
779 4
608 10
942 10
856 20
614 11
823 1
686 16
676 13
614 9
985 11
822 18
887 7
680 13
738 17
978 2
928 16
745 3
870 13
665 9
694 11
862 14
744 3
668 13
982 16
850 9
936 8
674 11
676 10
991 17
639 1
880 17
727 16
921 17
978 10
711 4
776 10
733 19
780 17
863 10
607 11
622 20
721 12
893 11
639 19
732 18
904 14
662 14
954 1
940 19
975 6
839 16
782 12
896 3
715 9
654 16
600 8
899 17
796 16
691 16
917 13
914 9
829 6
909 14
697 15
977 3
762 9
763 20
601 20
652 13
942 4
626 3
610 3
807 1
958 8
754 10
800 16
985 10
648 19
924 11
947 14
785 9
807 10
808 8
686 17
634 17
740 15
914 19
970 18
975 11
845 16
731 7
938 16
936 14
927 14
737 17
853 2
701 4
999 18
647 2
687 20
980 8
673 11
906 12
842 8
819 2
815 17
941 8
965 17
800 18
764 3
734 10
899 4
679 2
997 4
675 2
676 3
679 19
819 8
829 4
731 17
664 10
826 15
602 20
967 13
715 10
676 1
752 8
786 11
760 14
815 3
699 8
782 1
910 18
724 9
905 10
635 15
792 10
870 4
743 20
719 9
879 6
956 12
628 3
735 10
780 15
869 5
912 7
786 18
782 20
736 14
801 13
783 19
750 7
953 14
980 8
802 5
788 7
637 6
816 20
848 7
680 3
711 10
673 20
807 20
615 16
731 13
954 14
912 4
950 13
617 7
821 16
811 1
721 15
669 5
611 17
974 19
721 1
660 9
961 4
636 19
723 7
999 7
862 18
908 16
639 3
635 16
937 20
608 13
969 1
986 7
805 5
974 20
796 4
965 15
925 6
734 20
915 19
981 10
797 8
991 17
774 11
952 10
936 5
745 6
642 15
718 12
788 11
627 10
900 12
736 4
600 17
682 3
977 11
765 11
799 19
884 18
658 12
751 18
949 7
974 20
813 1
739 7
980 8
658 17
600 5
873 1
783 1
660 11
652 18
619 9
915 9
785 14
816 5
799 9
765 12
615 18
806 9
904 11
789 1
808 13
666 10
674 5
833 13
620 8
615 20
847 15
935 17
763 20
846 11
957 18
912 2
982 17
702 12
657 5
637 17
625 10
659 2
854 20
802 18
737 8
617 19
957 14
860 17
924 13
719 2
628 19
732 17
688 9
782 1
637 19
742 20
793 2
808 14
788 7
781 4
617 7
823 4
645 1
852 11
936 14
836 13
842 10
903 2
603 11
904 18
829 9
711 6
646 7
654 7
912 4
957 16
822 17
818 19
892 11
789 6
617 3
793 2
811 11
787 9
613 4
753 4
665 4
647 4
749 3
827 10
845 12
921 2
850 7
971 7
665 17
685 4
842 20
865 13
791 19
827 6
891 15
680 17
810 8
602 5
641 5
998 19
786 7
948 19
938 11
710 19
864 4
912 7
938 19
784 17
793 15
855 3
742 16
778 13
800 7
858 8
832 5
774 2
774 15
771 18
951 3
792 17
729 12
881 12
791 7
872 16
760 8
916 9
984 20
690 4
870 17
698 20
992 7
761 20
925 9
879 4
672 11
921 4
829 14
822 6
615 10
610 5
767 3
704 18
901 2
828 19
641 15
673 2
761 4
610 1
829 13
749 16
635 12
775 5
828 15
678 18
690 5
887 18
796 14
702 15
676 1
909 5
824 13
967 12
876 13
944 17
795 11
891 10
639 20
789 18
795 6
873 16
663 9
951 3
791 8
946 4
920 13
668 13
825 3
716 1
955 12
908 8
858 3
843 7
797 17
855 6
784 19
680 11
703 6
703 8
623 11
906 6
633 7
931 20
905 9
876 1
912 8
986 11
646 11
708 8
990 4
990 16
915 7
739 14
878 9
776 9
612 5
675 20
770 14
745 8
858 10
861 7
661 18
732 3
876 10
911 4
879 12
767 1
732 15
834 18
706 15
811 5
652 6
641 5
776 1
747 3
726 10
601 12
765 18
796 5
829 7
625 10
986 16
791 11
609 2
821 5
701 7
697 8
870 19
787 2
740 12
692 8
886 10
625 1
752 18
738 19
911 4
988 14
735 8
956 17
823 6
757 3
748 16
932 11
697 15
934 18
948 18
922 17
649 14
714 7
615 14
673 6
666 14
908 17
961 13
967 10
913 10
778 8
719 18
647 14
884 17
892 1
848 1
903 10
712 6
693 9
757 6
706 6
822 17
667 16
926 8
812 13
969 5
909 19
845 18
748 17
916 2
664 4
675 15
638 6
662 14
837 17
619 11
810 14
816 17
609 16
844 12
783 12
838 18
623 12
698 8
944 17
789 19
750 16
812 11
831 10
647 7
650 14
803 10
800 14
744 20
673 5
779 2
948 14
752 6
718 14
880 14
895 1
898 14
895 2
960 19
818 14
821 17
932 12
887 15
921 14
952 12
653 16
627 18
888 6
790 11
743 3
771 16
656 15
879 5
769 11
966 16
842 7
873 10
779 20
962 15
739 20
701 19
861 2
952 6
819 17
901 10
808 14
757 7
739 18
850 10
998 16
613 12
853 7
716 15
937 16
735 16
822 2
984 19
764 7
974 12
865 6
964 20
836 9
901 7
658 15
629 13
725 1
726 3
990 6
755 20
728 5
828 11
748 10
738 4
851 20
813 11
940 19
903 2
934 18
805 19
776 9
713 14
849 13
772 8
670 4
988 14
671 4
909 2
932 14
728 13
605 9
970 18
990 12
957 16
670 7
708 9
747 19
882 18
963 7
735 7
603 17
703 7
765 5
959 13
612 13
685 13
850 13
757 14
647 15
736 17
797 5
789 9
995 19
832 8
751 9
626 9
617 18
895 12
818 6
925 15
834 6
947 6
826 7
731 19
994 8
892 3
944 18
728 7
995 2
890 4
853 16
726 17
909 3
982 2
915 2
743 15
779 9
860 18
960 15
705 12
831 16
763 1
686 10
711 14
768 17
951 12
741 3
861 14
732 8
725 2
981 5
963 17
636 10
800 12
791 8
684 3
757 2
720 15
865 1
634 11
818 4
940 14
964 7
982 3
681 7
782 15
720 14
621 11
825 2
944 1
751 9
936 12
723 14
680 2
909 13
928 19
927 6
857 13
729 18
798 10
868 8
701 4
879 9
773 8
642 10
862 5
912 8
860 4
868 13
647 15
874 5
798 9
804 17
626 1
909 8
660 14
929 16
900 9
889 15
857 18
901 20
780 7
642 18
740 6
966 2
606 12
767 6
698 4
699 11
630 10
829 3
603 11
978 9
904 12
627 15
675 16
716 3
630 12
914 16
938 20
664 16
789 2
789 16
733 20
723 3
936 18
884 2
746 8
670 10
992 6
914 6
655 7
901 3
876 16
819 9
674 3
888 7
711 1
862 7
683 11
902 10
840 3
611 4
696 12
633 2
666 1
693 19
844 15
938 5
964 15
758 18
1000 7
993 10
813 3
711 9
925 20
826 16
804 3
687 13
876 19
673 8
716 13
848 1
609 12
877 3
755 5
710 9
926 8
966 11
838 9
650 14
624 8
607 12
988 9
871 2
701 13
878 2
670 11
709 4
840 4
674 18
684 11
681 3
829 10
671 8
864 14
775 12
771 19
646 9
983 19
914 10
663 4
661 8
730 6
659 3
729 6
872 8
626 2
964 4
818 10
956 7
616 3
930 2
623 12
827 18
650 18
611 2
789 12
894 2
866 4
681 17
607 6
832 4
708 17
899 4
681 17
758 9
967 2
859 15
683 2
1000 19
765 17
768 2
730 3
826 8
642 3
970 1
752 13
647 18
663 6
699 3
721 16
867 9
702 2
778 7
602 14
758 14
967 20
673 11
671 11
716 15
638 9
703 18
617 3
765 11
749 16
613 3
640 16
962 19
825 8
761 14
737 16
600 3
631 18
772 1
896 5
964 11
916 8
637 11
733 3
877 8
885 17
760 15
633 14
630 15
711 19
633 14
924 9
817 10
662 19
747 18
733 19
994 10
883 14
778 6
979 6
947 16
770 7
609 17
877 7
949 4
637 3
628 10
872 9
750 7
653 5
616 7
988 4
890 20
813 13
954 11
763 19
825 16
928 20
902 11
687 8
944 6
769 2
939 2
820 7
831 15
989 15
863 6
806 1
759 19
807 6
722 12
898 20
864 13
816 3
677 13
747 7
959 12
613 2
805 10
998 2
736 6
802 5
608 8
781 13
773 7
636 4
692 10
920 3
643 10
655 4
816 9
949 18
829 5
838 19
643 17
676 10
711 20
663 12
814 1
670 18
882 8
798 13
666 14
676 4
750 16
853 19
901 9
623 13
714 1
802 12
749 11
982 2
955 14
690 10
911 20
717 5
955 9
872 15
896 3
930 19
981 20
923 2
729 1
649 18
787 11
969 8
929 20
663 7
814 5
658 11
708 8
995 1
838 12
616 12
652 1
852 18
652 15
848 13
985 6
930 14
932 14
721 11
856 10
913 11
768 20
671 19
698 11
913 1
703 11
956 3
789 5
812 12
898 13
781 14
944 10
878 11
806 13
926 19
893 15
946 17
752 4
777 8
931 15
675 1
896 13
904 16
757 1
871 14
811 8
956 18
672 4
748 5
617 5
868 16
611 19
893 10
728 18
861 15
603 15
780 8
857 19
937 13
944 19
615 1
907 17
762 11
825 6
606 17
946 15
953 13
703 18
680 12
624 9
635 10
899 18
749 8
940 9
804 20
662 18
830 6
956 11
763 11
952 12
923 20
805 1
892 15
944 9
816 2
800 7
828 19
623 18
746 17
702 18
982 4
653 3
610 1
837 17
872 19
799 2
644 9
809 1
946 9
945 14
659 7
692 2
633 4
638 10
908 14
715 20
667 14
797 2
908 19
836 9
814 1
859 6
872 4
764 1
750 5
649 14
851 17
962 8
731 18
853 1
725 12
967 5
800 15
796 7
605 11
654 13
615 13
764 6
917 17
738 5
808 20
781 8
641 12
818 2
852 12
879 13
648 15
708 17
763 13
951 6
602 14
645 9
760 15
652 4
737 5
601 15
806 10
611 12
717 14
661 13
826 5
868 7
