452 773
583 629
285 1137
626 971
316 889
545 1339
23 791
683 1286
22 1028
949 1167
687 1070
508 603
12 687
758 1223
889 1102
555 715
690 718
642 1143
54 1137
303 1319
811 1102
271 780
708 1131
821 1239
806 1257
440 1297
376 902
34 740
976 1266
992 1345
110 635
145 1032
540 1198
344 768
354 1332
42 1367
307 624
202 1073
675 828
55 989
232 961
637 1219
197 883
48 902
841 1111
392 972
851 1069
436 642
460 1283
352 1174
176 1060
534 952
8 1344
986 1004
789 904
886 1107
330 1115
751 881
408 675
391 1399
945 1297
315 1376
946 1183
721 1369
463 830
756 900
753 842
280 712
586 928
865 955
434 989
622 1347
293 1255
792 960
728 1005
593 721
631 754
349 855
594 1376
211 693
906 1089
367 956
759 918
178 731
214 898
934 1317
737 835
91 629
231 1112
44 1223
969 1028
172 1023
253 1071
468 698
804 1368
929 1040
616 1074
497 1155
784 1352
645 986
409 1021
185 1233
444 1399
892 1378
123 1386
662 1070
932 1286
697 998
448 1026
648 887
813 1273
530 884
606 1082
469 1265
72 782
564 876
175 922
81 672
713 947
338 835
528 1223
312 1308
97 1276
921 994
994 1028
697 1369
208 687
614 962
861 1237
974 999
133 1233
632 1208
117 1159
308 696
66 1221
643 680
669 1006
290 641
585 660
76 1286
462 1023
630 1219
682 1299
731 862
737 1038
668 1306
879 1273
346 1205
482 838
73 656
839 931
942 1005
112 1082
686 1323
242 1075
355 1281
938 1336
339 1234
926 974
397 953
27 893
664 762
481 825
10 730
45 986
246 607
765 985
773 860
727 843
875 883
357 1167
864 1349
620 842
730 1367
359 924
745 931
426 1100
274 1188
453 1161
135 679
228 897
875 1234
692 1099
84 888
660 962
400 967
755 898
309 1026
213 1241
930 1354
787 1237
415 979
108 727
191 1070
603 1312
943 1284
65 1188
687 832
956 1028
941 1354
466 1275
326 1268
151 811
126 1057
184 788
486 1031
68 784
464 1023
86 1280
500 1070
736 1174
746 962
222 697
205 928
284 627
979 1298
615 965
52 1273
383 681
646 708
163 981
882 976
715 914
430 1082
641 953
276 1172
390 1223
717 831
575 901
901 1272
539 962
513 838
288 853
26 724
325 836
20 1028
499 785
913 1114
492 1178
94 1047
517 1017
154 1308
512 814
200 1092
424 1082
155 913
681 703
842 912
635 749
552 1339
578 1034
600 840
628 643
782 925
485 802
652 1192
554 824
77 772
663 931
331 889
521 715
553 1062
688 948
267 1050
547 1071
210 1362
727 817
844 1212
877 1089
152 750
749 1178
779 976
369 1040
258 943
631 699
857 1258
265 956
487 928
373 1248
456 1067
791 931
600 1376
459 1106
18 1280
104 1315
306 752
107 1111
550 872
764 891
240 918
981 1062
298 1017
591 785
226 821
797 924
170 1057
880 966
39 1073
180 1114
372 1208
30 827
893 935
235 866
365 643
705 1276
787 850
254 1058
385 724
332 880
680 1377
388 1284
966 1361
153 920
243 747
712 1247
623 1137
11 1263
144 724
121 953
565 927
830 895
245 729
252 970
87 1006
351 1176
903 1030
59 1012
816 1189
584 853
78 883
131 789
187 770
845 873
181 1186
939 1174
249 717
973 1287
881 951
217 896
505 1057
63 928
446 1258
75 930
5 1273
374 712
933 1154
617 876
522 1214
476 957
589 1275
858 1216
212 1383
350 853
568 1241
977 1194
410 618
734 1291
562 604
60 1254
658 1221
36 1145
370 974
909 1320
702 1091
337 1138
229 858
663 852
856 961
786 1055
604 1193
902 936
496 1337
533 1348
771 1245
870 982
43 1186
696 1374
768 1392
382 880
548 873
723 949
336 1268
157 658
62 766
799 923
893 1227
241 1220
262 977
957 999
124 1242
158 802
907 1179
53 671
743 1058
404 816
438 742
275 1241
794 1074
884 1048
220 1258
454 731
610 724
375 1129
670 1177
25 1096
403 1275
549 671
627 712
795 1113
612 1297
825 1212
649 1028
93 640
14 830
537 807
50 773
192 880
493 924
827 1067
878 944
771 782
751 1004
757 800
685 1018
38 1218
83 1304
855 1020
563 1320
323 1055
772 809
264 1070
703 889
98 833
128 966
206 1071
826 888
626 921
637 910
559 607
381 870
796 1268
432 1217
470 1021
980 1180
573 1244
28 1175
102 921
704 764
661 819
523 1254
546 1350
511 1329
322 1008
524 724
769 1273
566 673
413 817
667 941
329 1233
99 1102
57 1012
327 961
115 1115
473 630
46 1004
85 747
35 1387
194 741
129 1128
846 1271
567 1026
491 1336
167 736
666 1172
650 1239
905 1084
950 1145
260 947
9 720
770 1256
802 1186
219 1024
412 1376
621 1090
209 717
340 1371
207 1270
495 1357
580 612
233 961
402 817
669 984
634 995
848 1392
490 949
393 828
755 894
700 836
847 1395
218 837
757 1386
149 1202
817 898
51 739
899 1221
384 1115
561 830
989 991
596 1075
198 1160
270 880
96 629
216 720
722 1189
428 918
698 824
831 1212
395 1057
394 1261
923 972
259 1285
132 824
106 747
762 941
88 1006
809 977
29 1015
488 892
798 918
607 1166
911 1167
177 1107
633 1296
439 1236
398 1172
471 974
489 1216
287 1276
101 737
652 990
95 1297
291 768
724 957
247 949
619 643
778 780
718 1192
983 1111
595 1223
780 1352
183 1112
673 1186
851 958
767 810
656 863
474 783
750 815
852 940
69 1116
49 1113
80 953
19 1178
571 1046
411 1378
599 958
361 1196
449 970
224 829
368 1216
358 604
164 1364
225 1317
816 912
141 853
776 903
360 1112
624 718
706 964
458 1219
577 1073
173 1032
638 921
526 1275
130 1276
447 766
475 1185
433 1003
927 1304
503 1267
89 928
773 1178
653 1153
752 896
71 845
21 636
457 1224
656 908
356 1247
244 1138
715 873
590 933
295 724
139 837
300 962
576 1028
783 928
618 1040
538 1058
761 1361
136 833
324 761
967 1336
195 1306
803 833
310 725
414 1269
467 610
763 1399
363 1004
516 1297
832 993
421 1244
609 1118
602 856
119 1224
601 1004
592 1055
944 1197
443 696
423 1220
588 800
328 1326
455 602
678 744
788 1358
639 659
353 876
740 1131
903 960
236 1145
830 833
251 1336
870 1031
714 738
709 919
479 1253
801 937
297 1003
869 1023
520 1361
570 1214
6 1367
529 715
818 1203
342 1329
802 820
74 1348
805 1259
189 1399
7 728
465 1263
532 902
866 870
665 1256
67 625
672 718
597 823
741 1284
661 760
972 1024
215 1115
335 900
279 1265
17 648
379 1125
377 860
943 970
518 809
272 1231
808 1107
237 1270
256 1007
509 1157
624 765
156 816
622 953
814 1235
823 934
179 1399
204 848
162 1155
320 721
947 1191
781 795
238 863
234 636
557 741
148 1345
793 1232
472 1310
510 1035
887 1339
785 1192
778 900
748 1311
31 905
304 1135
674 1081
731 769
701 970
188 1129
755 1188
269 1217
890 1131
660 694
691 1283
266 1242
341 1032
931 975
168 644
699 916
716 1073
542 1032
478 941
137 859
105 1276
514 980
286 966
277 1233
134 1280
140 1178
579 675
975 986
661 863
420 1224
767 1014
601 853
733 1224
525 1353
122 1265
679 1071
859 1138
109 943
501 1070
822 1167
720 873
343 1130
829 964
427 659
378 618
223 788
726 804
598 1298
725 973
739 1317
40 928
396 1329
317 1009
418 1054
221 892
711 1369
766 1153
371 856
103 1102
160 1069
611 1153
480 600
305 1033
313 998
647 1309
278 685
560 747
92 643
964 1093
678 776
837 1032
79 1164
311 771
536 1297
689 1155
915 949
146 763
719 771
90 741
16 975
874 1227
111 1163
37 955
257 1218
874 997
461 1075
401 1070
399 1056
504 717
759 826
387 1180
845 1240
283 1349
775 1130
988 1073
742 1023
531 1279
314 1234
445 884
268 977
961 1023
790 1038
735 824
750 1385
838 1038
289 1320
729 893
608 1032
120 848
891 1313
863 1004
888 963
366 1089
558 901
654 811
159 768
64 1102
345 1186
380 719
406 1088
527 1358
711 954
477 1378
301 1391
747 1130
676 1038
581 724
348 1092
230 736
127 1256
33 1200
917 921
959 1133
655 903
613 659
70 852
627 746
425 669
713 922
507 1042
186 1073
281 1367
58 1374
169 1118
364 752
631 1235
957 968
125 798
828 1067
634 1376
15 1015
422 1044
407 793
605 975
321 973
296 631
519 768
714 757
405 943
569 736
502 924
574 1309
752 1161
386 762
203 618
318 1332
174 1257
292 841
556 1227
483 1313
640 829
47 1242
978 1006
319 620
636 824
82 1167
13 1252
809 952
707 1040
193 607
299 1284
261 917
777 1038
989 1227
885 1194
868 953
142 712
138 1247
227 1319
843 876
613 1023
150 1287
100 928
114 811
498 1033
625 896
629 880
143 1280
693 1210
165 1025
437 1163
809 996
732 902
834 1276
695 1028
118 1358
716 854
635 684
700 1383
263 1135
733 797
778 987
910 928
657 992
419 1303
551 782
865 994
61 604
201 797
710 740
171 644
688 939
807 1391
56 1017
32 649
116 1268
248 1014
417 1040
904 1038
974 1056
484 1230
239 1197
362 1076
451 672
389 1328
712 918
294 722
849 1010
161 870
812 840
833 1313
677 953
582 949
801 1298
735 1283
273 944
442 1314
255 731
416 816
435 1006
113 1319
644 1040
147 1113
199 1174
615 868
541 961
872 888
166 921
334 1259
347 780
24 827
544 741
190 1349
302 1221
515 1020
535 692
441 631
196 636
41 1338
250 912
867 1315
587 1155
333 814
431 1071
572 716
907 936
429 1339
774 1319
543 656
709 1384
640 920
790 871
506 1276
651 1192
671 981
182 1040
