1500
51
181
983
147
757
454
598
441
221
104
675
46
194
186
945
990
334
558
133
702
417
208
797
434
993
20
285
779
130
374
705
38
224
804
364
241
461
548
483
904
120
576
836
402
715
19
346
822
612
31
502
879
415
746
885
757
934
47
249
597
395
820
122
381
235
580
342
445
588
176
247
134
56
159
930
439
722
315
879
287
818
734
305
646
530
364
895
759
185
970
878
306
146
452
705
357
190
114
762
992
506
28
615
11
374
94
43
578
479
559
670
836
931
780
997
582
391
759
974
801
702
957
949
168
294
839
485
758
138
394
126
553
550
935
404
619
322
808
217
735
313
88
199
696
524
951
331
607
352
149
824
898
194
989
52
789
204
580
881
761
52
412
323
777
645
39
766
715
456
865
511
755
601
547
300
602
487
381
203
903
553
642
157
486
232
177
969
174
951
388
53
489
416
187
359
532
242
198
382
970
29
463
873
61
582
741
496
628
364
920
521
952
308
156
478
957
353
642
817
282
73
818
596
420
13
574
492
85
928
601
461
502
646
468
963
189
781
898
195
185
401
916
97
960
758
293
169
155
229
983
694
702
111
160
159
531
553
270
517
388
973
849
508
546
754
644
88
824
248
271
373
707
376
766
260
726
468
205
476
181
73
349
691
130
593
14
605
170
840
612
950
540
971
401
530
934
539
639
653
509
983
566
746
343
374
272
286
85
183
980
246
87
115
500
361
852
120
725
307
352
447
978
865
195
975
654
516
453
814
403
104
436
204
115
627
10
679
810
18
560
188
787
17
279
790
494
304
402
52
758
715
77
220
322
985
132
524
866
615
947
128
466
323
721
797
209
894
540
545
214
60
568
211
454
475
971
873
902
757
176
160
713
722
196
174
73
228
510
254
739
866
569
808
276
767
441
497
742
560
924
945
76
747
923
378
327
33
500
750
523
693
16
176
63
626
277
604
277
942
761
338
367
366
452
193
757
823
477
722
636
159
610
836
441
358
982
101
779
472
44
629
772
830
31
621
423
131
349
465
82
461
894
548
89
177
648
289
778
182
79
296
763
744
231
268
591
417
550
494
390
809
438
672
464
331
823
557
567
732
576
379
368
756
478
303
999
663
960
948
377
978
334
541
92
849
914
641
461
737
922
453
41
151
618
610
326
289
161
857
40
183
291
802
922
459
588
751
465
82
817
194
689
697
606
826
813
538
731
859
641
798
339
382
631
911
442
100
388
895
88
118
29
857
893
836
866
150
15
220
599
166
757
222
326
366
818
409
863
861
687
305
693
522
872
842
982
926
664
740
217
369
322
704
927
135
803
955
711
614
359
406
391
234
628
365
27
832
349
130
400
239
714
228
523
24
721
536
345
475
61
760
836
952
726
245
896
443
364
390
638
214
141
353
58
611
426
389
160
828
379
580
699
755
931
510
279
631
463
707
635
854
401
95
391
773
741
667
163
424
613
439
821
245
998
746
369
409
980
763
352
403
890
939
239
765
270
861
357
996
984
480
151
652
485
32
74
779
724
271
88
450
68
872
731
962
285
913
183
977
393
558
144
447
144
191
619
32
462
33
170
152
468
649
375
264
544
432
655
464
464
971
159
256
906
583
787
199
69
309
621
522
718
510
17
442
56
801
506
284
410
114
249
99
966
11
454
776
263
509
956
265
722
656
407
862
465
215
671
967
151
629
171
789
244
537
314
144
513
850
793
471
790
384
290
92
860
984
983
303
352
458
282
758
426
533
914
174
978
253
562
124
836
254
302
407
360
922
819
319
619
430
222
388
110
688
76
932
593
634
602
144
642
104
711
706
486
365
883
994
967
838
859
505
715
847
506
836
931
50
874
464
593
947
687
842
927
856
331
731
504
426
552
872
952
708
452
596
471
584
45
643
24
858
886
214
807
854
556
17
766
538
35
13
200
285
217
271
814
131
935
128
671
970
289
349
696
197
712
840
519
130
262
410
193
184
821
660
801
692
753
606
252
871
767
703
291
860
648
844
675
134
556
421
31
309
573
249
637
547
844
345
873
637
786
602
671
718
437
321
58
34
465
976
348
331
12
216
725
788
302
647
781
460
345
905
273
644
300
613
664
320
11
350
204
27
33
703
571
754
889
908
835
653
937
86
584
578
915
435
870
349
376
777
453
40
271
640
922
204
481
70
632
184
723
159
103
779
751
683
198
542
623
218
137
575
860
481
440
902
810
804
260
316
770
505
671
332
158
791
768
297
240
988
992
866
723
323
331
567
134
856
655
243
398
632
400
348
935
710
934
158
871
787
35
409
486
393
491
854
279
296
593
541
257
764
698
161
836
998
890
505
821
408
560
665
689
669
349
899
778
621
690
803
918
98
83
381
485
425
514
811
120
987
677
52
118
378
228
158
158
812
924
199
64
810
402
524
424
278
247
394
913
831
721
243
506
474
624
821
259
571
836
587
130
801
109
203
324
183
693
944
773
521
533
360
684
12
433
265
903
324
240
899
220
731
290
758
405
607
514
549
431
915
976
824
686
475
169
997
98
795
854
801
811
415
720
127
542
138
808
858
506
695
243
357
945
246
655
380
147
225
118
71
356
48
774
616
150
165
718
776
936
451
267
878
532
392
885
987
647
603
500
381
345
132
646
416
252
743
352
555
110
948
123
712
154
156
582
816
415
887
403
167
391
516
446
140
497
47
737
555
938
959
926
617
716
487
87
835
291
213
320
282
988
556
768
843
155
812
630
999
243
286
639
694
623
771
424
163
209
339
292
645
671
609
403
331
39
857
694
862
22
488
654
159
908
402
927
601
997
778
231
63
490
932
158
810
161
143
703
31
404
609
385
549
119
878
872
782
404
620
665
764
509
857
157
657
247
970
78
134
799
978
842
978
276
671
88
666
566
948
202
59
727
683
447
77
101
941
554
185
660
540
631
803
133
513
78
722
261
677
829
956
618
649
528
645
625
883
491
534
332
413
49
495
349
794
184
730
473
201
599
56
983
256
50
966
752
859
846
761
226
488
383
889
592
691
603
944
818
685
26
402
512
778
847
320
524
195
420
290
784
819
571
473
614
779
504
871
315
15
425
440
290
153
683
495
289
51
308
902
965
230
45
660
38
388
136
547
164
252
42
468
527
813
632
519
641
244
531
916
261
474
134
318
185
308
746
940
723
946
420
467
703
907
343
727
663
991
870
202
806
101
616
35
953
317
909
152
97
11
27
901
601
927
337
365
137
352
648
42
237
188
230
523
684
980
543
429
762
70
41
614
739
128
113
908
111
559
964
229
529
156
347
605
463
189
983
745
525
570
220
904
600
441
150
205
449
231
648
580
777
668
282
693
795
629
86
774
695
20
841
761
370
263
730
287
576
562
127
150
845
419
833
635
39
66
324
597
746
320
323
287
167
433
783
668
563
184
536
