724 813 5855
5 30 408250
282 651 96600
31 296 417250
167 724 109850
50 569 391750
106 216 244150
161 139 86150
41 571 355750
681 545 300800
444 365 286200
514 559 462700
525 787 163000
38 444 176500
188 562 25600
282 799 84400
406 495 80350
528 396 357650
425 800 146650
638 697 430350
688 56 70300
221 45 291250
269 412 512400
496 704 293350
293 393 400700
151 477 19350
301 119 225650
307 345 163400
575 303 168150
227 458 390350
428 537 320000
537 725 269700
447 442 92450
331 235 390100
705 634 242150
435 788 315950
252 298 208900
353 186 391650
244 641 242250
178 453 217450
210 447 73600
190 688 429900
250 4 503100
372 468 399800
284 436 122850
6 291 165300
278 553 139700
561 379 415250
182 751 435700
631 740 306850
372 32 418150
714 658 407200
642 759 197950
361 683 404800
664 343 452900
282 76 85400
530 216 322300
16 1 260700
537 632 232350
513 267 436400
545 571 400300
234 359 414750
62 391 900
378 506 365600
96 209 77850
496 214 323400
201 730 312850
0 209 5300
96 356 62450
678 625 266000
156 630 256300
164 278 329250
684 714 305000
41 511 408150
263 72 38050
550 758 464550
150 513 405500
363 773 68200
266 370 348000
615 44 335450
691 660 116150
191 517 117600
220 532 161650
21 179 226000
199 526 192050
177 43 16600
503 588 188150
252 323 222050
129 216 271750
372 774 384650
544 63 351950
215 233 361750
142 628 175650
679 585 346900
278 388 139900
107 259 66600
19 372 152750
605 402 471250
708 315 198600
330 9 462700
647 414 82200
314 39 10450
38 555 180500
388 796 192350
386 560 295250
683 49 227400
475 166 68100
465 679 377400
182 314 503000
289 645 63400
681 686 315900
94 519 553450
581 53 68000
284 278 116850
346 137 359950
170 607 400200
601 602 284800
305 219 230700
646 87 376500
690 468 528050
551 762 516750
716 336 190400
30 733 455400
634 336 275700
218 733 468700
293 283 419800
539 275 9250
579 376 36400
193 3 33650
144 164 297150
528 305 320300
688 35 75750
35 212 385750
115 569 166150
554 213 102900
666 778 78100
21 89 239600
255 310 476700
269 259 463150
175 608 31500
212 296 30200
480 130 203050
5 638 376300
78 556 14250
556 256 49950
478 372 154200
488 651 28100
134 497 217350
178 757 230650
62 346 1100
174 281 485800
564 6 535250
543 416 94950
622 728 45600
497 166 493150
196 77 134400
606 305 541800
397 308 246050
224 685 468100
640 533 13450
663 632 403750
233 470 23250
376 436 457650
622 475 41050
714 413 417250
582 774 441950
650 539 450650
470 485 364100
118 342 77650
302 675 205950
650 536 411950
274 586 32750
665 595 338850
234 508 371450
282 400 83800
184 563 109650
259 287 8300
537 34 266750
303 608 129100
635 231 445000
56 94 246800
221 431 367500
531 804 70250
644 628 319750
333 76 319450
397 769 233300
630 458 453700
451 546 437250
610 76 497300
428 41 306400
140 340 94700
673 96 458350
60 346 434650
358 577 586250
619 306 195000
629 153 426850
167 480 103100
304 769 460600
17 257 100050
68 33 102300
6 721 166850
133 597 248850
154 230 434300
548 64 363350
47 313 368450
309 416 428700
16 85 276300
556 347 47700
252 444 173350
297 354 452200
716 23 189900
494 384 349950
139 633 452350
372 79 472550
110 358 366350
606 547 457750
144 290 274350
273 699 109750
617 342 83900
545 58 413600
367 115 161650
310 50 18350
46 362 489700
701 812 489800
255 592 445650
569 685 155300
50 270 386850
486 450 325550
198 490 131950
458 776 435100
361 541 425500
617 190 73950
96 779 71300
696 475 392000
549 717 311550
539 264 10500
133 523 247300
269 661 499700
220 779 144100
535 516 273300
699 727 351800
302 434 243150
641 729 33050
539 732 8700
694 452 116550
122 365 97950
75 232 42350
714 124 441750
511 783 268950
106 238 235200
397 687 257600
44 171 85250
316 755 131300
485 715 75100
416 619 264650
692 14 437550
104 408 131150
3 292 253700
60 807 414850
196 317 141800
411 729 352200
381 347 412300
84 300 160050
690 810 491650
529 530 283100
318 569 350600
254 579 285600
68 110 106550
98 352 150050
245 168 476600
365 512 334050
228 789 451350
246 801 222350
708 337 189600
368 75 362900
541 760 320150
62 273 1050
293 449 430950
573 383 255250
25 120 34550
33 49 89550
291 5 32800
177 329 16400
611 707 2000
380 497 315000
301 257 193300
187 677 273550
712 215 251600
20 107 455750
307 799 151300
205 81 69600
708 431 202650
220 61 172000
250 44 446900
316 703 151200
520 61 224850
659 95 432650
501 654 370900
606 773 454700
221 40 286550
18 2 475000
496 126 344150
166 544 502450
397 239 221200
564 406 509800
548 357 358300
172 562 350950
390 400 417050
48 631 296550
442 720 86700
11 55 510150
125 748 90600
560 7 335100
65 314 96200
7 557 220750
24 567 136100
133 691 271150
525 542 147050
296 601 193250
447 650 86300
261 121 295450
509 476 396450
223 365 155450
406 673 92350
151 540 23350
294 233 349950
110 651 308000
298 388 197400
676 550 434700
177 517 18100
496 215 279300
247 341 106900
513 669 445250
532 641 164450
255 633 517600
434 354 134400
406 376 83350
463 307 359100
666 748 82000
659 388 416800
28 446 268550
562 232 21950
376 779 447000
139 812 458150
696 192 424450
286 498 117850
633 477 91750
133 459 243600
678 78 266750
209 384 70100
57 340 81500
680 801 131500
594 224 309750
488 727 28000
369 600 466450
475 410 70100
714 364 429900
180 25 261550
330 714 428500
491 94 72450
18 238 468400
543 764 89100
699 200 375300
144 566 269350
376 571 514000
220 801 157900
393 570 443500
40 655 65950
486 645 311100
561 644 379400
38 444 167100
460 776 350650
270 61 375150
671 316 323200
521 218 335400
589 220 197750
138 345 6850
711 13 433850
156 477 258750
510 219 404000
160 783 543900
333 810 326500
653 49 257150
215 486 330700
292 738 338450
443 26 320900
98 92 151300
255 708 449850
183 79 230200
221 111 298750
251 604 313150
475 439 66600
634 720 293600
447 683 77700
622 298 39450
637 202 36150
307 712 166250
120 454 439000
431 369 390000
583 265 70900
704 264 227000
678 423 276550
403 237 185150
0 683 5000
661 350 208600
626 559 86600
303 399 135200
666 263 76550
160 196 466300
675 493 416650
256 682 32000
185 267 435100
252 660 178350
504 693 225650
44 234 86250
660 684 470850
612 353 475500
296 167 190900
359 160 40600
230 588 320550
475 171 69700
517 608 58950
431 36 434850
183 155 204400
55 435 264600
34 465 119300
304 317 430250
13 313 66650
161 64 88450
715 766 70900
505 666 379900
403 520 225450
214 159 27500
302 739 221100
95 551 442800
163 363 48600
281 692 261300
378 784 348400
113 21 434350
676 15 404550
205 570 71400
511 71 267200
411 206 385050
510 330 356600
397 136 244150
136 169 264850
377 620 160800
701 53 455650
55 334 259400
32 95 342650
510 396 376400
117 356 88900
542 737 333350
465 129 356700
166 300 484550
138 42 7250
19 490 159300
432 731 174650
261 646 343250
362 550 156650
61 736 285100
125 446 102450
518 28 179700
160 35 417150
454 292 512400
96 26 80300
219 742 248700
607 754 100600
118 416 85650
223 578 140600
616 302 98100
435 788 361500
200 521 358900
566 676 317550
61 542 302200
130 488 374800
470 495 339000
206 467 268800
141 153 149000
414 349 429500
561 741 448550
243 498 311850
77 621 338400
661 516 218850
293 400 409200
622 214 44450
581 769 59350
358 583 461450
113 653 466950
458 559 479550
564 200 489950
228 202 526900
717 791 125750
223 585 150800
233 277 21750
369 793 491750
483 595 16250
203 86 243000
59 504 458550
712 228 230200
330 510 410150
427 552 352700
16 417 246650
49 667 189100
431 643 355400
544 563 341250
220 181 158000
7 187 245800
30 80 426000
141 141 166950
670 331 174700
516 774 366300
6 603 162900
0 748 4750
251 787 319650
412 87 49150
118 655 76850
670 792 148500
403 693 184500
25 786 44000
487 351 213550
423 181 413550
225 126 1600
197 540 104300
344 70 133000
518 231 231400
442 424 81950
81 58 152650
309 359 386950
708 282 188050
12 635 154050
623 493 357850
250 422 447900
296 699 196500
690 98 463300
498 555 14900
485 295 70050
675 142 390650
447 603 93700
15 306 316750
23 119 402750
563 266 383000
322 638 101950
31 375 383450
591 753 443300
711 469 446200
37 626 322450
287 523 201800
261 83 349900
278 792 157150
218 3 517250
605 716 508700
24 595 124700
403 73 212700
653 374 297550
639 366 68500
196 196 130950
110 362 356600
599 440 548700
456 32 62350
161 351 99300
166 791 452400
658 435 395750
72 183 242900
422 741 41250
422 268 42250
163 388 53650
49 639 186850
355 810 333600
714 58 464700
31 403 464950
23 337 483150
70 512 10350
619 784 165900
590 753 474600
182 244 456000
651 748 389650
90 589 500850
503 704 215000
714 360 483550
109 237 85450
460 684 325700
199 14 183250
23 216 460150
627 420 277100
244 675 232300
263 764 42050
269 203 457450
169 571 33700
288 692 381050
414 53 499000
475 270 70600
99 442 156400
103 679 319900
221 190 290100
601 674 260600
59 148 462350
374 198 387350
355 525 386850
625 415 382800
553 112 112800
166 160 475150
522 598 380950
715 810 77700
549 688 375700
243 370 331800
386 461 282550
212 287 28400
170 177 390650
305 476 216100
219 350 271400
176 691 95500
1 676 441050
392 685 154200
425 86 153000
170 272 357050
473 62 56850
202 105 37350
55 484 229850
587 373 153500
203 115 306150
362 360 147650
386 321 282900
355 624 344050
475 494 66000
110 582 345450
517 322 53700
174 204 464150
18 641 424800
681 519 300200
425 75 156000
55 41 255200
554 143 111450
220 809 171400
125 204 104950
197 768 101100
31 387 420000
610 55 459400
289 455 61050
65 376 103350
708 93 197650
354 593 371400
227 184 370100
666 534 79250
599 505 508450
105 528 419900
541 120 328350
469 86 417350
194 678 196700
266 344 360350
651 522 415850
252 532 182600
385 296 126850
535 324 284000
136 342 302400
595 482 79950
258 724 342900
447 288 93450
89 244 74600
424 417 352950
480 491 218750
454 298 504700
681 467 314600
270 293 373950
524 239 354850
694 423 108650
694 214 117000
678 681 267500
35 732 366050
283 428 472000
301 781 192350
7 704 228300
219 47 250000
376 738 457500
239 437 162900
37 34 344150
52 259 381100
174 159 491300
316 135 133600
142 636 165750
273 257 100800
58 137 160800
32 745 365650
497 79 499300
491 320 84750
187 762 259300
668 311 431550
698 316 358950
33 99 77400
610 478 463700
618 666 365100
27 458 249150
130 473 389350
534 28 146000
132 668 202000
299 245 139700
661 420 230750
492 183 115200
77 244 319800
431 7 399300
315 631 91400
451 682 469300
416 90 291550
528 18 335100
125 355 94300
180 222 352550
292 352 317350
496 628 330900
201 222 325650
219 704 256600
590 601 414100
680 672 148750
637 803 38800
316 334 119600
259 473 7950
110 336 359800
551 167 530700
160 203 445150
691 526 102450
435 133 398550
93 409 178900
496 620 313650
714 636 434250
278 156 153250
674 701 310950
151 63 21800
189 597 293200
603 721 20450
362 422 162950
152 683 329400
46 441 536150
344 95 140800
44 190 82350
643 398 453850
18 74 492400
106 199 225100
577 792 113850
504 531 227950
715 326 69400
169 153 34450
694 786 118050
246 210 231600
196 458 136950
464 754 300450
18 660 462350
17 717 96800
168 125 40800
545 407 351800
7 636 249450
224 322 487300
7 786 205250
622 248 39400
93 320 188200
587 514 156800
611 805 2150
573 110 226700
377 469 116250
188 138 24850
380 287 318900
617 653 93100
72 199 207750
676 428 485650
422 148 39300
703 73 495800
101 90 351100
307 706 159400
398 603 295500
520 371 204100
564 400 430850
579 799 32900
567 787 341500
134 793 213350
301 501 193150
289 408 64650
668 450 394250
34 187 141600
472 161 49700
86 192 278800
307 330 162600
21 149 230150
391 307 361650
203 666 296200
188 4 25100
438 427 49200
574 173 387350
438 637 53350
294 4 353350
119 678 280250
169 374 31450
425 689 157450
701 614 450850
391 331 332250
560 741 327150
273 773 105550
113 63 454350
315 575 86300
437 607 25300
468 684 192250
493 21 402800
499 463 522300
321 379 84950
617 593 80500
508 771 498750
720 561 206600
100 399 43250
7 517 257750
286 64 121250
124 516 171100
106 814 236400
586 659 183850
452 123 437200
151 107 22550
113 670 487450
584 129 265700
282 660 82600
201 101 284400
338 331 467550
577 513 112050
481 200 463800
609 540 462600
31 397 465600
558 564 278100
592 763 279350
245 368 517200
669 586 127600
678 649 265850
85 210 224200
278 679 146150
431 123 420950
541 533 338850
189 582 262550
583 237 67200
660 547 448550
265 761 504450
175 108 25950
393 537 442550
196 762 124600
367 225 149400
121 122 197950
425 804 164700
336 298 46450
658 474 352200
131 753 145950
29 776 37150
142 97 142300
365 739 348850
489 506 45350
168 263 54650
546 464 454700
554 433 89700
372 471 400600
344 379 137250
121 726 221600
392 371 149450
337 30 423450
143 342 435150
282 109 95750
684 438 317950
629 34 447950
5 561 379650
337 163 526000
122 316 104450
68 790 112200
577 242 108450
573 129 242450
177 122 16300
510 645 343500
380 28 345850
360 810 236350
358 206 502900
52 473 352050
372 263 416450
680 356 120750
287 73 183450
516 186 397750
106 629 253150
470 102 376700
71 646 122050
183 156 226550
32 525 356650
368 533 333800
42 121 461650
78 743 16550
68 443 105650
531 509 70000
219 282 256050
140 472 101650
316 807 145800
653 589 242650
244 494 255050
531 496 70100
622 733 41400
397 604 274050
458 544 468450
719 96 463150
470 721 375200
66 365 371400
674 437 288950
475 753 65000
448 147 409350
287 403 208100
38 121 173250
298 662 218850
156 481 285300
55 240 231200
502 151 366600
573 577 229800
315 144 90150
184 814 110000
412 21 50950
447 452 97150
394 448 103050
316 813 138950
708 35 198100
673 729 416800
571 110 103550
163 347 53800
665 596 391900
660 200 514650
174 97 487150
362 775 146000
444 529 244950
170 647 406000
274 258 33050
12 659 143100
666 576 74150
218 312 538950
241 567 101000
622 165 40800
363 169 74050
17 590 95500
226 443 257400
412 143 48350
39 429 284350
310 515 19850
403 132 196600
329 714 47100
79 264 498350
644 48 324500
182 118 508700
380 70 300650
64 309 92050
541 506 360250
286 369 125300
658 529 338400
542 564 298500
336 627 41000
142 56 159800
458 650 508500
265 499 429200
681 294 323450
227 86 365600
688 255 64300
49 401 187500
71 743 155900
493 705 418950
185 265 510900
334 352 272750
192 564 435650
72 665 222850
99 275 140850
1 701 424350
577 243 108450
626 771 82350
646 418 384450
711 325 496800
337 305 400650
546 95 481200
293 254 396950
62 609 1050
244 190 273350
591 401 456850
362 269 161850
516 331 394950
615 318 346900
47 363 356700
638 233 468700
156 373 249800
618 393 349450
69 472 366950
532 235 160850
0 722 5300
316 628 140250
329 361 44600
440 648 207000
416 397 268550
714 303 467450
527 492 189050
189 596 330350
16 15 285250
197 573 93000
33 557 84750
683 3 247250
619 671 190800
416 110 271600
81 617 140700
673 328 429950
16 640 260300
380 51 369400
191 522 127200
548 15 352200
3 344 271650
360 331 220450
277 638 59550
435 322 326750
541 131 371150
212 216 30150
493 498 404600
241 370 95150
561 565 487150
354 502 391300
555 376 90700
533 162 103550
287 1 217900
443 353 304750
472 217 46300
374 265 394000
372 142 375600
196 32 131900
550 334 493650
6 192 167300
506 476 29150
41 234 312450
203 125 246100
621 706 207050
500 430 167300
573 692 267100
44 107 101100
66 592 451700
57 422 77350
508 290 497800
621 276 194500
84 113 177750
488 19 32700
683 178 240650
456 106 64300
348 245 214900
87 756 115200
388 783 196750
27 77 226200
40 121 60200
137 183 449650
306 468 374200
125 445 91850
133 176 246100
331 85 398700
577 784 104450
692 589 449400
62 390 1050
622 678 41550
65 572 105800
327 256 391050
651 737 353900
689 195 189600
633 24 94550
37 518 317850
158 207 252100
420 628 322200
268 133 56300
369 350 477750
2 514 41900
33 42 92000
524 662 338850
391 497 302250
435 682 313900
230 49 312700
7 682 262300
132 740 196750
507 111 237900
332 579 175650
305 65 247600
571 3 101900
571 657 92700
83 790 359250
154 721 459500
6 585 157000
274 308 37600
691 600 100400
19 74 155350
78 677 16350
450 620 221650
230 287 290000
31 293 454800
637 639 41000
681 775 316500
674 271 318050
719 687 498650
716 545 187000
0 416 5250
48 324 272450
292 729 278600
718 208 22900
254 2 282100
19 661 151200
502 148 316850
45 561 297800
214 758 25250
142 747 169450
207 549 426600
121 676 195900
37 304 348300
586 584 172300
231 182 445850
616 108 116150
589 423 202450
647 200 78250
440 657 225100
302 227 215950
202 540 35700
470 806 386200
317 610 132800
84 646 162700
66 793 416000
44 501 96400
624 330 215250
125 131 95950
267 804 224750
399 398 395750
171 722 208100
53 577 295700
319 397 315250
51 192 52300
495 297 11350
223 109 156800
0 809 4450
627 349 281450
53 199 274650
300 340 109500
503 736 227200
688 292 66250
23 143 449500
490 377 16300
537 565 269300
172 152 306650
259 233 8100
212 648 34600
278 447 141900
194 279 201450
513 715 432150
55 332 222100
175 86 31150
81 772 148950
63 389 21800
56 456 202000
451 75 402050
691 75 108300
358 656 395550
493 768 357550
62 553 1150
64 778 89700
244 45 251750
268 261 58800
178 568 232600
523 374 151400
388 78 188650
599 764 488000
2 625 47800
535 206 253550
278 125 126500
84 398 156250
674 805 318950
245 782 512200
431 197 333650
349 152 253450
246 164 251450
349 344 235850
13 229 67350
339 42 455150
541 389 360100
171 626 214450
253 737 120250
226 109 281400
244 660 248200
259 535 8200
31 422 459050
47 492 373050
373 46 1850
616 116 128300
663 657 436200
101 516 322800
465 33 376500
406 176 86600
100 241 38500
425 379 158750
147 733 182150
641 316 34800
106 461 246100
127 734 38900
297 586 547400
47 329 341250
177 198 17450
506 610 28800
631 630 274950
445 307 405700
431 685 428900
1 19 390950
395 376 354350
615 780 281050
474 581 363000
381 711 474200
680 370 123000
243 84 326850
112 413 125400
460 674 358300
586 380 185750
330 278 397200
369 444 506700
200 45 351100
308 258 78150
491 248 72950
223 495 155950
107 814 71700
243 430 328100
215 402 334350
369 650 526050
251 499 348700
32 758 384850
444 176 227650
101 590 414950
105 341 495050
518 654 241950
520 13 237450
616 565 109050
226 681 231000
493 643 421850
511 70 257850
509 757 452500
588 356 100000
396 343 323750
28 301 269450
527 754 208050
668 522 456200
243 589 316450
257 170 285350
376 15 482100
196 93 144250
440 24 213300
466 304 527250
661 676 226150
353 553 412400
245 80 434850
307 75 153350
96 520 71600
12 244 150200
215 454 295250
332 361 149750
322 205 103500
472 483 50450
200 762 347000
356 291 371250
170 557 424050
142 455 189350
561 198 424500
690 565 487750
24 162 141950
31 342 444100
136 32 294750
452 240 447450
718 255 19050
46 519 516100
396 153 340700
44 121 100300
377 273 142500
201 328 352800
676 797 432650
70 29 9100
473 417 57500
350 483 16000
49 314 170350
97 600 495200
523 27 144650
373 547 1950
252 419 191050
411 635 421550
101 461 396250
113 118 453950
579 405 39600
617 796 85050
62 190 1200
669 34 120300
567 455 306950
385 518 141300
76 517 341150
688 775 67050
592 637 291950
443 696 301050
18 487 479450
442 574 88600
46 636 472750
650 36 421200
473 808 57800
511 262 262900
301 549 207050
150 679 370700
645 317 421050
156 489 284850
53 321 269800
618 82 384750
449 253 330000
109 463 80800
564 405 552900
78 72 16100
507 779 210200
174 87 525550
140 699 108350
194 534 209250
208 446 393500
412 69 51800
390 517 412300
174 792 474950
68 363 94600
376 420 438900
481 643 501150
120 645 436900
131 422 152500
543 622 96900
494 102 413900
564 396 528150
92 549 251600
418 57 499800
137 177 486450
255 378 446100
194 84 208900
228 615 486100
113 228 397650
359 290 38100
167 96 116400
431 721 426350
669 598 121050
206 244 270600
719 792 475900
600 221 184350
118 773 79800
447 63 90500
687 4 473000
12 739 144450
360 201 221850
673 367 421400
635 218 447250
440 18 225900
56 681 265500
628 705 453550
52 254 301900
286 218 108900
220 450 162900
660 97 480950
72 402 225050
36 529 90600
438 310 55600
322 84 109200
26 517 13400
691 779 109900
230 628 321050
556 77 47400
29 19 37150
84 779 163300
683 179 208250
244 663 253000
546 732 452900
159 593 479100
31 543 445850
508 38 409350
182 701 471500
388 380 192150
412 281 47450
481 363 471200
561 729 416200
372 335 440650
223 701 148350
37 784 362600
52 308 366650
451 737 413050
419 123 369700
508 79 487400
440 26 228050
563 734 382100
286 50 115450
523 568 155300
140 537 81550
32 273 387900
422 8 41750
142 600 177500
424 140 331350
275 250 338500
132 577 166000
251 451 316200
71 393 144150
445 152 384950
589 539 183800
327 160 388900
428 722 298150
210 762 69300
362 743 138450
110 305 334700
517 34 50850
374 580 391300
717 239 121950
439 342 132200
455 593 260300
554 110 96100
394 210 99150
694 118 114200
485 618 73050
239 195 151400
496 319 332350
7 131 226850
178 721 216950
71 552 138200
594 321 281450
443 763 322700
112 569 135950
444 676 234300
444 686 253150
252 248 186800
302 377 266200
241 302 90350
61 258 284600
688 458 77400
720 643 170300
38 809 163250
360 476 207800
563 709 361750
142 361 161150
399 725 375050
17 390 103650
482 102 462900
169 810 34350
142 530 172500
370 428 70950
337 136 497200
719 29 499300
719 202 447800
412 314 56050
103 523 335150
604 86 146500
35 17 404850
681 345 333750
256 644 32800
396 796 313750
293 493 401850
618 109 365950
231 797 412500
259 392 7350
161 727 92650
329 375 47550
435 776 327950
418 659 501900
195 38 509850
663 495 382800
230 690 238600
44 586 87500
309 389 500900
681 573 302650
555 716 89500
156 262 280500
589 418 181350
190 403 408500
500 360 167400
549 587 384400
163 688 56750
35 175 384350
628 522 473400
156 802 264600
336 431 42950
246 139 255200
318 142 348450
61 672 324200
666 292 75550
227 306 384100
683 8 224050
41 392 347000
399 55 358100
584 675 251100
37 620 360700
372 685 430200
88 412 151400
81 771 150900
79 551 542250
709 325 469950
52 526 334050
37 252 348100
171 273 214650
639 522 70850
33 114 96450
422 491 48300
354 812 417050
53 772 269000
169 391 36200
690 313 430950
105 253 445400
24 176 127600
351 736 167250
175 296 25750
549 394 368400
199 585 215300
49 711 184050
528 118 285350
101 457 332550
382 388 421900
693 534 345200
299 224 126900
637 761 39350
546 45 466350
1 486 407200
673 64 447700
444 312 222400
331 517 422950
124 256 158000
103 577 298750
324 26 164550
328 474 149550
108 322 361050
0 576 5450
440 626 226100
704 415 245900
83 507 305200
609 773 421700
119 535 292650
549 6 400400
10 764 105650
259 84 6850
369 392 464850
567 736 309950
574 1 371900
166 322 514050
358 463 462050
83 696 323100
6 606 145300
383 801 147400
267 323 245900
273 327 117150
410 341 379800
598 808 257450
309 735 476600
109 785 87950
645 276 359600
7 601 270250
210 519 73350
718 292 19500
12 467 149550
230 361 319950
596 256 100800
410 62 346900
258 543 365300
239 713 177900
431 743 379300
510 359 367350
261 181 307850
359 599 35450
710 659 567850
344 370 126000
65 780 99450
260 369 427850
358 677 457950
96 78 64050
23 806 505350
497 266 455350
255 494 497250
625 39 343500
270 240 366550
595 160 84800
194 576 188200
286 557 131500
250 170 439400
435 155 359250
607 401 111950
521 7 338350
95 308 399700
138 85 7050
210 87 72100
171 427 208300
81 767 127250
373 230 1900
243 60 323400
475 228 68300
163 485 56950
110 54 371900
431 724 334550
419 36 397850
610 332 442650
448 355 336550
52 519 317900
96 190 72900
432 570 175750
37 582 318650
353 561 382800
108 14 359750
340 241 512550
68 475 108250
304 409 456350
591 155 404000
631 64 294250
82 40 410250
529 87 255850
508 444 443450
715 735 65750
282 462 95100
131 385 131250
72 702 221550
691 329 100550
718 665 20400
294 66 331000
269 624 468350
539 376 10800
226 378 269550
297 53 485600
438 322 54250
134 433 229000
169 450 37000
355 649 320450
183 99 239150
712 234 252650
447 75 90250
302 692 219100
568 387 248750
639 801 69050
223 651 151500
378 454 349800
223 426 162150
23 665 475900
93 114 188250
298 45 197450
626 477 83250
589 212 192100
283 606 473250
0 400 4650
83 658 370100
191 467 122850
4 13 118250
373 442 2050
573 735 236900
675 733 379150
349 360 250550
104 329 125750
362 372 159000
440 413 189800
419 708 369000
369 265 552300
118 565 81250
431 317 414650
701 354 457750
218 326 477550
134 677 183700
300 493 90650
286 673 118900
212 570 25950
360 99 214800
48 540 280400
687 705 462150
125 358 99150
708 526 185000
23 371 470300
286 678 123950
176 461 86600
332 586 162750
137 752 477450
174 569 502400
575 217 178850
105 779 524650
261 607 321950
71 746 148250
219 524 232750
120 201 476300
440 155 221550
314 379 11550
63 205 19700
204 286 59500
103 299 312650
12 178 132800
318 512 361450
274 508 36750
79 780 485450
471 147 97300
303 480 112700
47 781 359850
474 25 357950
98 752 148000
169 221 35800
546 93 448600
349 599 243250
150 49 379500
125 526 103850
651 338 402350
144 60 277250
627 318 262950
696 182 435150
182 708 501950
31 720 375750
370 684 72400
639 409 69700
549 108 396950
339 457 457750
351 487 142150
40 76 61000
245 428 461100
124 326 158000
169 128 32450
423 192 437450
90 340 454750
286 596 121000
344 386 133850
345 620 2250
314 417 10300
718 136 21550
444 373 270000
259 124 8750
659 785 368100
195 769 490000
286 409 123600
306 517 414000
19 401 170300
266 307 393700
212 533 31800
266 740 391950
228 625 469600
268 417 58250
38 674 179100
581 311 65600
711 279 458100
478 274 154600
177 147 15700
41 760 353000
122 359 89250
44 37 99850
691 551 99250
50 418 368900
282 291 97900
668 437 447700
156 614 260400
152 543 402050
174 4 504400
536 218 162400
290 57 199300
514 650 528400
388 319 175300
566 626 324400
2 81 53600
595 183 75900
445 239 393300
252 240 198500
134 620 215550
637 769 39250
58 87 178100
23 437 451600
301 473 196850
594 657 273650
57 27 87150
525 550 152750
651 633 329100
514 588 514850
571 795 101200
631 98 279800
316 361 159400
590 765 419500
502 428 336400
527 810 196100
502 448 334050
523 589 137650
203 453 239300
302 161 220750
99 170 145900
716 795 185950
233 714 20550
602 756 395900
609 515 399300
514 374 465400
196 60 153950
17 778 104650
682 245 142450
122 520 89650
66 264 406350
497 326 477450
296 136 192250
171 253 219450
720 364 190100
77 345 327400
458 363 463850
417 605 106050
681 371 278250
57 294 75800
548 257 340550
244 365 230350
551 287 513200
548 604 365500
220 473 133050
435 39 302200
182 11 563750
242 771 189850
390 463 375450
195 170 490150
614 749 275450
468 771 195650
178 472 233050
430 165 419950
623 145 328400
709 408 540300
293 680 421600
215 254 347700
455 627 246150
684 381 355100
683 117 208150
549 301 301800
418 403 440450
109 396 80350
231 636 422400
669 807 136900
718 117 18550
212 134 35400
339 788 442700
659 216 479550
604 84 157850
31 329 480500
376 92 463150
315 332 85900
443 698 316000
256 111 32200
594 813 306200
397 608 247300
616 779 124950
86 780 304200
671 809 300000
576 508 136350
244 233 257100
614 739 255900
122 452 93950
374 740 387650
349 525 247650
520 185 220950
277 114 53050
492 569 117250
137 470 441400
669 622 126850
545 277 408400
629 727 385650
661 221 208050
258 341 355950
640 536 14350
189 801 285650
452 573 459700
112 690 131950
438 505 58150
637 765 34450
327 76 357150
182 537 503600
152 687 367450
316 750 131600
87 373 114350
101 569 338350
581 462 65300
560 681 393100
222 665 276150
25 365 41450
598 514 260300
373 323 2100
301 764 185200
684 406 317450
78 773 13850
344 516 130550
372 692 395650
373 686 2100
18 773 441650
91 738 508850
454 665 510500
556 532 46850
75 268 37650
167 630 118050
620 729 360300
590 799 505300
263 772 37250
522 637 358650
540 776 475650
223 759 169850
428 284 283850
647 680 87050
158 59 246750
51 50 52550
298 127 224950
332 487 155650
689 226 226550
311 529 402000
177 638 17400
302 72 241750
334 710 308550
689 63 214300
536 241 128350
208 489 365000
121 353 212200
566 46 329300
121 415 197600
205 343 70000
511 467 242000
142 346 174600
220 27 167950
241 488 93850
45 63 341100
119 69 265700
233 667 21050
349 605 261100
25 733 41600
160 696 436300
586 61 135800
393 766 413350
482 241 512100
447 620 90800
451 124 436050
82 398 419350
345 762 2200
681 281 327350
539 162 9750
555 606 90500
680 115 138250
556 571 49150
6 683 141300
718 105 20300
668 111 386350
679 66 347350
132 485 195350
84 379 156350
18 165 467000
530 159 284050
224 677 453400
452 536 456550
44 750 91800
314 583 10500
508 149 449700
608 252 381200
255 126 449750
614 227 316950
381 292 446450
627 187 290550
587 216 171500
302 271 239700
59 337 482800
666 468 83500
302 456 221450
331 309 433450
189 26 297700
590 4 504500
226 749 254100
84 224 178300
364 781 420900
493 772 342650
450 784 253350
274 49 38350
339 60 505300
606 723 518950
119 421 276550
342 588 81250
627 100 284400
184 450 129550
315 57 95900
197 82 103550
719 12 455050
311 597 433050
224 771 487150
130 81 378200
177 34 17850
394 216 97700
255 643 440750
539 613 8850
624 478 212900
44 205 94400
533 440 116200
106 433 256100
436 60 147300
424 282 354500
481 676 453750
495 171 10900
639 85 60900
283 486 504800
699 400 375350
1 307 386300
290 63 217200
517 528 52800
316 357 146700
167 549 111150
137 717 454700
468 143 208900
317 690 140350
195 200 441050
681 392 270900
359 429 38500
200 50 363600
77 148 317450
377 216 148550
671 265 262400
177 534 16600
587 649 172400
220 646 166400
353 738 382100
514 764 488550
445 573 424450
71 79 134850
705 567 279000
62 751 1050
535 548 242450
492 323 116800
319 735 355500
62 546 1200
337 242 489750
16 662 274150
563 118 357300
364 319 500100
288 31 391450
690 634 388700
263 793 40200
361 309 390650
447 808 89050
681 255 320050
83 368 333450
207 804 440050
610 770 400100
410 24 326250
403 78 206450
637 127 39750
118 40 82000
605 164 489500
511 336 248000
598 673 268300
294 799 328150
530 550 278350
480 449 168200
623 435 345550
161 68 93550
7 141 265600
132 278 209750
269 46 462100
708 274 178250
714 747 430850
611 354 1950
711 138 429950
6 302 155850
380 288 366350
78 108 16900
545 332 363850
207 759 415000
2 258 46850
590 89 461350
193 199 30750
602 295 384750
51 352 55450
699 520 341250
30 525 418650
210 501 73700
709 632 474000
214 138 28300
254 414 261300
168 606 50200
191 596 121000
310 632 18200
620 525 350950
16 434 283550
525 552 157950
529 689 230700
588 462 91750
234 803 397250
154 448 429200
79 80 504850
7 443 252750
674 440 349850
208 682 360900
659 579 387000
566 294 336800
269 304 465650
304 362 468800
254 782 292350
622 595 40200
21 739 217550
714 478 389150
219 381 222400
617 616 84250
330 784 407250
298 254 209400
199 460 168900
514 319 489600
668 341 447450
606 619 469200
714 86 384200
299 352 124300
238 220 269850
376 360 540700
64 227 93000
163 808 57950
11 710 513000
199 632 186600
390 437 396850
45 620 331550
308 338 79650
360 429 245500
200 796 369850
353 704 358400
327 535 327500
691 795 109700
141 82 155850
390 271 429600
72 482 233600
33 639 98400
40 584 60550
283 347 463300
719 679 438850
132 541 176350
644 432 329350
242 29 189150
568 803 240300
0 513 5600
60 621 364650
496 502 287700
152 21 343700
50 564 358500
384 474 523500
645 121 442150
602 19 432350
448 121 373850
598 443 269800
598 113 238750
297 639 518000
712 236 244050
104 516 138450
402 586 213750
407 165 392700
482 84 412750
227 663 353600
467 626 48500
424 58 296300
428 732 315700
709 468 399250
416 418 272800
645 303 395650
252 269 189850
223 469 141500
587 533 180800
24 145 125700
163 721 56550
551 806 534050
110 480 320450
714 387 414450
399 656 400050
109 452 88000
333 759 283750
508 520 511250
143 800 509550
413 596 14500
312 802 363400
222 16 300200
493 223 343900
176 446 102100
96 135 74450
82 758 456300
369 289 503000
304 319 495200
668 570 381000
390 488 411500
172 530 363150
255 206 464200
529 453 280050
151 442 22050
600 474 175900
684 252 362100
390 269 402800
526 107 96100
360 14 236200
148 75 531550
55 752 260000
270 300 400200
633 272 87750
484 226 104350
38 640 148400
259 110 7950
182 431 486550
354 281 395650
650 627 430550
494 679 357850
250 80 406600
40 487 63300
48 583 253100
694 41 102450
141 110 150700
565 254 128850
450 470 243050
316 138 129300
119 64 268650
263 83 40800
143 29 555550
47 341 382500
523 218 125550
71 216 137950
522 622 427250
59 323 418200
571 161 100350
677 278 426800
24 107 128600
640 410 14050
222 157 255300
717 655 112100
692 648 463700
201 139 333450
338 765 459350
49 536 190200
492 76 118200
237 659 415950
495 160 11750
545 238 379150
518 672 227700
719 526 480850
301 687 212350
416 45 264400
169 705 33250
124 250 175900
316 679 138900
196 595 143250
454 507 479450
358 310 503700
688 798 69300
33 247 85900
15 125 342550
560 242 380650
209 43 66650
511 746 225300
127 395 43200
152 347 349700
584 660 255400
692 352 430800
17 637 86400
509 269 455950
132 132 192350
503 170 206650
111 296 162350
537 590 234300
536 633 149200
256 487 29450
437 509 23300
338 395 479200
536 125 173150
653 506 277350
632 247 201000
111 783 180200
668 194 446900
546 496 457350
537 467 243950
439 18 145450
121 171 214400
451 465 474050
707 85 416750
367 465 174000
84 199 165150
572 641 240100
270 661 392500
445 284 430750
389 712 275250
552 199 226450
625 566 367850
392 19 168900
113 729 434000
203 735 285050
489 118 48400
121 260 204000
227 597 371500
208 716 428600
609 686 439950
292 95 286100
302 532 225550
698 618 340450
328 463 149800
644 699 378150
366 135 412050
215 507 343250
475 463 61450
681 66 292950
230 663 316700
141 506 153650
607 209 110300
170 461 405400
53 420 282350
569 636 176100
663 167 392650
552 596 261050
293 303 429150
47 109 380400
0 812 4800
66 344 376000
561 473 457100
586 194 181900
624 558 208100
666 214 67350
609 395 381950
205 440 76200
490 601 17100
322 134 109250
182 382 470950
513 477 444800
681 602 268100
618 366 348950
383 394 132750
621 721 189550
213 202 142950
439 562 132900
593 468 414500
366 705 406150
490 241 16600
72 86 214350
387 800 331750
644 263 348700
681 777 336500
133 505 262300
260 419 452400
374 514 406350
303 206 126750
372 408 422600
490 779 17650
141 750 141450
689 346 232650
474 135 394550
203 470 288000
562 231 22900
394 595 98400
333 777 306900
419 160 384350
624 461 217000
64 442 90150
298 776 215700
305 323 214300
33 178 88400
59 640 449850
625 252 348000
673 671 457250
610 546 450350
571 248 106200
504 108 220850
574 40 356750
647 40 86200
65 200 102650
331 235 396450
77 296 331200
645 397 429500
51 713 52250
7 483 264000
550 150 498250
490 388 15400
242 671 179450
178 45 239600
493 405 398250
661 248 213500
42 492 449050
425 516 153800
344 234 132250
346 746 312750
45 161 270500
592 533 269050
463 233 343000
304 140 489450
60 164 393450
322 81 101250
190 667 393600
243 321 338650
513 171 423650
705 142 269200
71 495 136850
293 162 433150
610 739 490000
64 37 97100
31 467 424800
601 274 309450
180 95 300650
380 59 370550
189 56 269300
265 112 452100
288 275 380900
372 64 428350
245 303 484900
7 683 261350
308 498 78050
715 675 70050
140 529 80800
108 361 387850
293 753 389400
195 744 475900
218 772 433250
301 24 168700
69 742 361750
641 517 39500
127 659 44450
16 797 257700
373 296 2300
372 291 384950
59 317 449600
57 397 80900
214 441 26000
366 387 378650
250 714 487900
675 456 392150
237 171 395250
109 64 87050
59 622 444250
587 394 172800
383 476 171050
24 157 128900
541 313 342250
310 405 17550
239 131 156900
607 141 116700
277 185 57200
525 727 156250
420 193 403750
144 520 282600
338 577 524400
625 706 331100
528 79 348300
353 198 354700
273 268 108700
194 594 228700
62 262 1050
329 463 45050
633 344 95750
409 150 135450
160 538 491700
716 90 166200
451 43 469900
711 637 429650
584 77 270400
477 811 210350
583 134 68800
197 426 100700
705 672 275200
121 459 234700
530 473 323950
612 87 493400
491 545 79050
572 678 235750
41 67 326900
311 307 426150
522 54 414500
119 9 321700
563 193 412250
671 512 294350
118 450 86150
267 552 227500
431 196 416500
304 476 446700
44 67 93600
51 435 54500
464 546 297850
680 497 142450
309 655 453350
266 682 395650
75 795 42500
361 128 412750
439 752 135500
418 748 425150
19 594 150500
534 383 127650
480 605 207400
676 325 521550
443 430 323900
177 767 16250
376 748 490850
537 804 278550
100 356 39100
336 318 44450
234 349 400300
390 765 424850
416 798 273850
77 341 314850
615 493 339300
497 159 497050
316 296 134550
70 660 10300
612 452 533950
283 461 410200
641 640 37800
480 628 188350
593 666 389200
72 193 239600
587 606 148550
349 156 236800
326 731 215150
215 780 297150
383 431 148100
553 631 113500
226 633 229850
286 548 138350
611 448 2100
520 23 246950
132 27 207550
517 771 49350
92 414 211500
204 319 67100
490 220 16050
553 350 112950
256 502 35250
84 22 151500
406 708 74200
543 581 105900
289 191 64500
645 732 433650
593 53 429550
616 195 112400
716 397 187000
208 646 408450
143 236 521100
34 115 140000
714 483 444500
365 530 334450
267 673 240800
33 693 96250
126 89 518750
531 111 87850
587 458 178150
624 206 215050
191 775 128700
10 711 101950
642 671 178100
291 781 34950
372 429 422750
623 351 314250
416 278 281300
558 763 292900
664 523 434750
463 481 309850
573 563 241450
164 389 278450
233 588 21900
388 285 171300
414 288 465500
531 206 82150
243 399 280550
84 747 156100
200 747 352250
345 65 2150
137 635 475050
282 778 94850
68 31 102450
711 452 477300
588 490 90750
144 65 255750
224 297 463450
676 42 539000
518 551 245050
196 226 131500
39 794 243450
612 311 519000
57 593 88600
210 625 69250
393 808 471100
49 414 181700
6 463 150550
536 355 145050
124 460 158350
193 74 27700
534 220 132850
214 520 27550
659 659 424400
687 607 449850
399 325 445100
1 166 403750
118 682 76800
540 669 431100
360 727 237700
177 791 16450
477 237 195350
364 704 438700
273 233 93300
496 141 302050
622 535 40750
342 312 68200
634 491 282850
451 645 464350
204 64 59950
376 503 515350
362 621 147550
680 227 136100
245 260 493550
65 50 104050
189 383 299900
430 484 468800
302 70 253550
292 524 336600
601 216 287400
61 289 304300
380 434 337100
718 351 21350
88 744 142800
684 253 313100
487 543 214900
289 722 69500
683 689 215750
100 137 44500
688 295 68550
310 673 18050
543 490 93900
716 613 181750
215 301 346400
170 180 357750
361 691 452100
519 348 250150
99 261 163400
355 106 358050
483 454 18350
148 680 462200
242 486 180950
92 363 223250
560 105 335300
190 715 377600
66 625 400700
703 733 465050
317 697 127500
425 781 164600
668 506 424500
542 78 373350
596 441 110250
259 483 8850
717 648 113950
306 558 384350
58 36 173400
587 346 181800
491 152 68950
383 711 144150
718 50 20700
273 542 105250
666 749 71750
407 682 456250
583 783 72200
135 488 26600
243 605 353200
556 271 51250
259 43 8000
417 784 118900
170 173 368050
34 158 134700
142 386 179300
307 50 179850
708 609 214100
552 149 211250
601 201 307600
106 512 226550
133 640 239950
430 516 467600
414 577 481650
154 264 394850
59 302 501300
255 545 400500
498 75 14300
447 255 94300
134 724 199250
19 141 166300
309 732 467550
322 44 97350
701 641 430500
289 23 63350
416 562 264800
397 506 253850
68 260 106550
567 76 325100
181 305 397450
309 33 474450
490 616 14700
511 768 260300
683 389 230800
653 750 259900
423 533 409500
255 300 434300
498 423 15350
203 408 257200
551 512 496700
489 457 44950
498 136 13900
196 348 153650
615 571 335150
25 529 41850
403 365 211850
406 107 90050
498 368 12950
465 418 296150
640 472 14550
239 801 152000
470 687 390400
316 610 150150
32 753 342150
269 727 455000
333 180 317300
289 493 61400
504 336 239250
690 639 485800
6 568 148300
681 303 304750
147 783 197800
157 473 333550
339 186 462950
372 661 368850
484 161 92650
528 676 342950
703 222 475300
77 194 329800
171 747 261000
32 34 335250
180 47 280900
606 476 475200
42 273 465000
172 88 309200
573 739 257800
581 657 70550
499 714 573200
101 813 328900
606 423 475250
407 636 382250
504 561 234700
453 75 141800
241 806 94600
178 341 254100
155 463 450700
181 764 395100
576 266 130050
448 611 431700
567 477 314800
723 37 237850
498 425 13550
594 318 276750
698 559 321450
651 477 488500
226 314 268350
569 788 178300
571 446 107650
336 718 42450
195 726 511400
1 701 359750
107 53 72450
602 96 432000
104 735 109900
63 378 23650
460 222 357800
549 357 386900
52 764 307300
140 240 93850
52 666 342700
420 689 350850
113 567 479350
53 6 295200
661 658 209600
215 432 347000
517 294 49900
553 756 130900
200 90 413450
601 499 290600
253 229 141050
252 566 205550
105 666 436100
214 776 26900
435 744 326050
269 703 476150
33 686 79500
556 141 52350
518 414 233300
208 554 395350
581 501 60550
112 169 142750
252 441 207500
509 290 423250
390 728 396500
480 758 188500
190 680 403750
696 636 374250
175 570 26050
564 543 472850
493 536 344150
309 696 477050
430 777 460900
694 734 111900
96 82 66350
674 43 304100
251 243 318450
367 607 181350
399 636 390700
3 562 269850
84 372 139450
212 403 29150
712 750 229700
180 321 310900
35 719 408250
140 786 98200
196 75 135250
431 413 386550
77 500 318800
681 628 296450
442 389 83850
488 218 28500
494 644 341450
318 620 446950
373 319 2250
147 345 201650
714 147 425400
285 709 280200
226 332 241800
588 598 93200
609 693 417700
610 67 473450
414 551 481800
0 705 5450
451 333 409300
0 584 5050
141 43 141700
63 424 22200
596 104 115100
543 341 99600
75 794 43100
270 694 407550
300 433 102200
284 604 120850
689 627 217800
599 12 498650
63 676 21050
399 484 405200
509 193 448900
200 69 362200
330 612 460750
432 252 154150
554 541 100950
461 37 236800
57 476 95650
143 104 542050
581 237 62500
356 780 472150
502 798 330750
424 464 357500
187 737 235900
555 160 88550
693 787 303850
118 379 81050
7 185 238900
226 595 249600
141 63 143750
244 10 245050
588 736 99100
32 717 328300
489 540 50850
282 481 89400
474 210 365050
480 49 185850
142 227 166100
561 595 490700
418 597 449350
481 519 434400
215 228 364500
625 659 356550
133 36 236500
353 628 384250
644 186 299850
205 105 64800
255 573 451200
712 38 219950
406 132 88800
180 544 319400
711 39 453950
420 531 366850
159 697 517950
607 442 107000
327 510 323750
399 121 341150
130 207 343050
646 444 379500
269 649 476850
40 673 59200
90 353 460950
587 423 177350
85 364 227700
253 411 147850
524 285 320550
624 736 239550
3 447 273550
716 222 186400
439 389 129600
251 448 344900
629 810 434700
18 516 420800
673 664 471800
577 749 123900
191 672 128250
178 230 224000
305 684 233100
163 685 64150
568 181 221300
638 686 438250
366 278 435900
176 179 95950
526 611 97600
590 678 450750
694 138 114800
532 349 163900
321 308 75350
692 487 441750
42 303 483050
333 604 314200
28 41 278350
493 617 392700
624 643 207650
31 814 438000
383 783 157600
6 113 157100
244 558 274300
66 20 407750
530 552 299700
689 281 190400
156 769 279000
714 153 397750
632 148 204450
220 651 165400
482 796 449150
53 511 289150
605 138 444050
520 812 226900
267 515 253350
247 524 117700
75 125 43450
205 442 70600
220 357 173450
40 174 58750
209 538 68000
388 613 188500
333 37 276550
472 135 44700
549 139 423550
5 743 368300
218 623 472050
600 581 190050
306 62 434050
53 667 244050
564 620 458400
150 95 442300
54 52 265600
390 71 392900
625 258 378400
341 302 319750
51 280 51550
637 57 35300
712 161 249200
452 164 448050
142 291 166400
191 364 122600
586 350 164500
618 535 347750
647 684 71550
689 468 201250
481 397 445250
391 262 332950
687 712 495850
167 540 98000
4 34 154050
577 135 110750
218 476 468500
284 260 113500
549 467 397200
193 562 29350
223 710 148250
275 6 349100
447 614 89000
292 517 341650
416 484 262150
197 463 96150
263 437 39550
546 522 533700
56 737 271900
600 742 151000
70 308 10400
297 278 487750
545 669 402000
254 11 293250
491 533 75450
302 594 223600
508 247 473450
614 289 301950
364 457 417000
318 479 385150
25 553 39950
214 77 28850
521 678 361550
383 221 148900
699 184 360100
584 682 251100
529 38 256750
219 197 293000
152 264 333600
278 761 146700
206 663 218150
304 47 428700
634 23 294550
25 622 36850
532 790 148500
712 583 211200
680 64 119800
472 756 51550
112 130 139050
287 225 209850
209 813 66900
129 267 288600
590 507 484800
443 454 335650
12 371 163250
622 554 50200
435 536 332200
302 199 239500
490 735 14600
297 321 525450
403 545 206750
653 372 239600
361 275 431700
684 262 299000
671 248 336900
257 541 254650
274 118 36800
470 811 404450
513 46 465550
652 101 133450
480 546 209000
454 659 472950
261 15 378200
190 449 436200
177 222 17850
689 288 208450
399 433 362100
708 788 177150
342 528 74300
41 404 340250
322 507 112550
23 612 503900
75 655 44100
460 32 328700
49 808 151800
35 726 407400
25 348 34000
21 450 237050
6 690 168400
695 72 165550
345 591 2250
288 461 406300
171 469 259650
137 728 482450
182 21 509900
715 644 67550
431 669 365050
443 454 291650
178 16 231500
383 152 158750
133 352 221100
250 26 531050
119 587 300150
540 693 416250
434 489 136450
527 288 188900
695 468 156100
208 62 385200
397 68 250000
588 696 100650
207 642 462200
359 709 37150
396 588 350150
449 564 352750
581 88 70300
242 263 197350
309 204 443150
706 208 421600
573 238 243000
161 485 92550
470 316 367100
221 461 314400
148 611 506350
513 189 462750
131 718 139350
2 381 45050
12 677 148700
598 331 225400
529 731 269400
497 589 434450
72 274 236500
318 388 362650
98 597 160100
193 732 29600
39 764 242950
261 121 341550
690 518 441700
57 497 84650
110 581 349800
136 357 310600
346 674 365250
259 113 8100
606 581 482350
192 292 417100
549 736 351150
184 22 135900
692 125 484650
32 233 326650
494 431 362700
639 198 65350
35 756 400950
444 656 265350
571 76 105350
81 283 133550
202 666 31250
589 29 179200
532 487 164100
447 336 90300
546 661 403600
498 665 12600
651 332 403150
152 83 405600
664 612 442800
231 118 423400
623 486 300800
631 769 314800
293 67 392900
682 471 140500
208 701 387750
61 622 292300
469 533 467550
199 409 214300
209 745 52500
622 335 39250
622 635 42850
716 575 190850
383 241 163050
607 809 111650
178 188 221850
380 392 364550
179 678 377650
268 12 56100
601 362 323150
455 75 275050
518 636 247550
615 492 330250
566 86 306700
599 134 530550
129 433 252500
24 638 122650
674 628 290150
39 263 242950
516 306 383850
449 224 360650
453 506 139350
315 346 93950
254 438 295200
294 548 340800
539 771 9900
278 660 142600
505 15 385750
278 508 151100
498 617 13050
546 372 478100
361 213 440450
622 802 38650
410 68 372750
622 685 41500
390 261 383650
676 118 475900
299 638 131550
549 545 374550
121 611 215750
307 550 157950
536 302 151700
618 570 333400
53 369 289000
582 353 461100
653 510 268000
590 230 483800
586 513 160950
584 295 250450
177 784 15900
303 770 116650
549 463 343800
644 304 377400
482 73 406300
435 135 312850
56 404 252400
559 266 148550
298 563 193200
557 804 65350
581 453 64400
397 404 257950
203 47 268700
608 50 423300
379 391 356650
296 540 187450
141 452 145450
238 392 298450
451 261 432800
53 414 292650
723 463 209500
460 314 354750
420 686 377900
551 424 572950
316 211 137800
282 416 88750
218 250 468350
342 357 65600
537 782 257550
516 367 341150
546 519 504700
418 88 425700
372 36 413400
193 150 29650
683 798 243250
510 559 361600
677 576 375700
103 689 323450
708 394 193950
163 293 58600
590 158 417600
170 5 416700
76 107 353200
18 216 416700
131 302 135450
188 551 23450
544 10 392800
215 342 351800
94 471 494000
340 794 548250
189 382 286900
629 664 420950
458 550 460750
532 136 148150
615 429 343500
70 403 9700
673 359 445700
69 172 391950
1 573 385850
250 617 457650
137 613 463900
549 776 385400
634 75 303150
703 641 511000
226 337 273400
309 201 523500
589 554 197700
616 383 118050
270 780 396000
10 725 97000
59 729 472000
251 122 293900
715 56 66050
571 768 104450
450 2 222000
184 209 123500
330 593 388850
641 551 39600
16 321 264750
372 419 466650
514 194 459700
696 434 412600
76 89 310100
246 605 249350
278 525 153700
228 113 501200
412 267 51300
101 282 420750
309 348 444100
482 154 417450
399 740 395800
614 364 290650
6 453 158100
716 775 178900
443 782 338300
397 134 221000
245 476 411600
687 154 479400
582 699 420700
220 185 162700
637 472 35750
31 532 425550
569 684 202900
72 346 210450
637 213 42100
113 585 399100
530 312 317050
244 629 243250
618 72 395950
540 114 424850
623 522 310050
255 670 472700
312 647 310550
581 701 56850
364 393 418950
668 232 484400
215 812 366650
532 87 163350
525 553 170600
558 198 330300
681 379 315800
254 492 305200
680 720 143500
292 453 314800
77 340 295000
57 370 87800
120 793 510650
188 43 28400
75 442 47000
169 359 35600
535 520 276650
331 540 457500
681 37 331500
294 445 332700
684 606 338100
178 465 234350
326 686 179700
500 328 177550
330 758 446200
30 44 494650
695 40 148050
301 379 187750
558 554 315450
1 334 379000
154 814 444700
629 84 404250
486 118 336050
291 383 31100
501 787 370350
58 354 164750
288 669 340500
120 76 492050
688 105 74650
112 439 121350
449 684 307100
630 760 451250
298 33 202800
333 664 295350
87 139 110150
86 435 298650
384 662 487750
691 814 103050
370 378 75800
307 499 148600
399 354 415800
601 184 300000
231 499 427050
704 198 274350
0 157 5000
525 615 164050
678 138 317650
445 769 432000
438 366 52850
456 649 58350
419 757 376900
209 519 60800
230 616 307400
121 53 230000
17 405 105800
407 111 426050
222 205 312400
333 50 334950
140 207 94900
535 594 270500
226 152 279800
239 572 162000
470 80 364150
255 747 460750
76 140 322200
131 539 143700
1 156 426750
311 571 430250
185 46 464700
215 110 338050
472 349 46550
525 326 139500
611 185 1900
288 527 455550
588 571 96750
303 644 124100
268 585 54850
142 572 183250
608 247 409700
611 82 2200
452 677 520700
53 474 263600
328 388 168950
319 331 349550
169 282 34000
286 401 133900
258 312 377850
529 573 232950
532 471 137400
525 718 173450
212 123 31750
456 429 62100
498 236 14600
72 67 227700
571 674 111300
475 47 61700
333 382 318350
440 708 223250
214 129 26500
714 193 393700
112 178 136200
21 175 254250
96 662 77000
678 379 286500
590 17 508850
535 327 250300
719 790 422400
239 459 149500
537 805 283150
11 617 461600
412 294 50350
491 687 75400
425 301 146750
397 50 255900
0 44 5800
100 403 39200
557 745 67050
196 319 146800
265 771 430800
376 510 512450
117 486 97000
38 487 177500
377 596 155000
609 343 391950
362 729 167800
680 253 138850
360 201 222050
208 96 431050
147 290 217850
579 662 41250
89 566 75800
41 629 372300
525 432 151350
680 104 161250
326 516 186650
112 228 124650
338 504 464250
378 247 333450
212 650 26550
298 577 207550
206 76 254800
399 476 376000
227 494 366300
535 203 255950
493 636 391450
498 188 14950
245 761 458700
437 208 22250
62 665 1100
399 152 414100
615 70 307750
302 266 230750
490 619 17100
308 147 76200
336 185 45300
524 560 373650
84 452 168650
367 559 166250
676 702 489600
203 607 262900
99 48 152700
556 366 46400
228 607 428100
252 389 194000
331 60 415450
421 113 493000
129 346 250650
283 600 412200
252 729 177050
407 138 435250
549 330 415600
48 542 304200
289 659 64100
615 752 330800
439 155 125450
663 683 388000
472 79 55300
31 26 421550
244 768 249450
100 746 41200
637 431 36450
291 252 33300
10 291 90900
706 31 404700
239 13 158550
293 523 378300
668 138 412100
142 205 165950
268 791 62550
37 427 284700
437 59 20750
502 265 318650
694 448 95050
51 399 53900
337 130 420550
142 751 182350
251 785 279150
450 85 239850
255 769 460400
396 176 348750
541 721 340000
663 229 389750
365 768 352900
245 99 460350
687 116 424800
206 493 268550
177 705 17850
124 675 183900
220 101 166650
425 722 148250
675 478 404000
616 711 142950
714 60 457300
682 397 151500
333 750 316600
252 36 203250
431 430 417500
710 635 562400
172 799 336300
36 804 90100
666 599 71400
108 8 389750
142 240 158500
219 503 284150
578 697 307750
609 392 429650
429 222 516250
640 202 14700
98 489 151100
208 642 373850
201 44 326300
298 768 207400
687 531 457100
228 219 459550
31 585 468650
194 723 171800
561 5 463350
615 292 280550
105 361 483000
671 84 321650
278 640 157350
46 366 531650
215 371 357250
551 753 478350
214 481 29350
367 361 145550
24 609 124800
571 632 109650
166 244 483200
509 118 375200
195 394 487650
174 540 475000
555 792 89950
223 545 158900
407 84 396350
622 790 38400
78 786 15750
160 717 481200
71 321 150800
362 708 157100
393 145 419250
92 51 220850
44 292 88350
474 204 377000
205 700 68100
630 113 452750
427 375 309650
345 266 2300
366 765 406150
668 434 394450
214 29 26000
53 572 282900
15 617 329550
265 771 422200
666 666 76450
57 413 87450
539 708 10150
16 789 298050
243 750 334450
493 66 367300
616 352 120800
715 353 71950
57 20 85050
84 345 178100
96 588 74600
383 379 134000
178 209 224800
21 508 245150
239 516 135800
419 39 348550
44 63 83150
634 681 288500
209 703 72250
586 533 156050
684 724 299100
500 172 175700
42 163 423500
514 270 485000
588 373 98250
87 595 108950
639 443 61850
196 722 138750
84 538 174650
668 303 427200
7 83 239650
105 552 491800
545 544 406400
37 370 351350
676 652 495350
170 238 360250
631 221 266950
288 800 371950
590 383 480500
488 246 30700
546 612 462400
176 704 100750
678 412 327050
144 586 289550
291 501 35800
611 236 2300
22 420 287800
53 622 289900
624 507 255250
134 611 206850
4 113 127300
447 213 92800
220 155 168400
625 543 367300
257 702 257350
196 606 147550
411 731 399950
493 130 356350
678 747 321200
670 706 146700
594 349 257750
55 717 252700
256 234 38850
177 108 17200
160 450 478550
368 111 341950
451 430 447150
337 526 453200
687 235 480350
101 350 334650
717 329 130250
81 183 134150
243 685 317400
31 379 443500
56 337 244800
274 393 36350
480 455 224200
380 251 330100
377 604 133900
298 78 217150
293 518 414450
330 651 409850
34 794 137750
44 745 86500
224 321 386150
109 108 95400
27 780 247550
354 582 453300
175 30 29850
329 563 47700
644 439 371650
678 359 282650
182 182 437350
236 109 437950
205 343 64250
688 45 64800
393 590 437100
416 620 274950
523 155 147000
200 256 359050
306 588 471600
556 632 49700
319 434 358400
129 663 228900
650 206 401150
700 415 122900
204 593 62450
539 336 10650
83 680 390050
164 423 293100
33 718 89000
202 123 34700
246 4 250350
258 442 314450
338 707 469450
537 33 286600
583 353 69150
133 208 235450
593 327 396600
597 431 516450
22 586 297800
184 83 124400
246 196 240150
497 68 505100
121 104 245950
532 41 152650
202 367 36300
161 213 100400
283 729 474600
115 520 155150
198 117 151400
55 89 275450
650 454 456000
75 245 45100
316 98 145550
137 412 468350
543 33 102250
416 431 284850
342 796 76550
684 42 284750
224 314 484000
640 330 13200
644 452 367500
590 25 472000
90 684 510350
261 124 314700
18 67 440650
591 697 417300
623 689 325550
673 67 434950
65 425 111750
108 90 390600
91 735 485150
243 626 333250
618 241 397250
110 211 381750
525 427 165350
63 655 22000
644 33 356400
376 630 489100
97 668 472350
723 185 213400
587 231 178000
147 190 209850
467 320 47450
482 618 425800
282 761 90200
662 614 193250
646 39 410700
84 446 171000
278 320 148500
62 812 1200
34 127 135750
245 787 490900
503 639 211300
495 516 10750
555 798 91100
680 202 137200
269 460 489100
257 334 285100
132 571 180300
180 706 314850
366 603 375650
21 189 219800
555 306 102400
224 225 459000
355 184 352050
195 357 442900
132 12 189300
490 799 15150
409 302 140650
268 135 59650
693 424 347800
368 796 392900
280 380 223600
47 308 364150
541 250 345350
52 259 328900
193 632 28900
54 420 257200
689 386 246850
361 647 389000
228 387 513750
684 135 349350
573 516 273100
500 430 187550
679 489 338750
307 247 155650
134 603 182600
572 539 242200
372 126 392300
689 264 207250
336 748 39550
31 314 465500
632 526 210800
103 731 327100
47 480 354400
177 343 17250
694 205 99000
2 203 45800
30 703 479600
529 198 260450
48 153 316750
587 477 170300
71 530 144800
53 775 258450
47 402 372600
716 771 177300
242 89 200050
526 89 90350
220 328 157700
363 208 74800
182 379 542400
471 140 106350
244 278 247600
247 780 114450
674 219 310150
410 477 404050
33 122 100900
714 628 444500
125 716 110850
573 265 225050
394 114 90300
201 791 323850
237 95 382550
455 578 192550
568 167 214050
133 138 244550
646 72 367750
316 290 145100
109 242 89150
662 733 178650
376 181 480900
356 112 446000
220 151 154100
388 44 168850
542 282 281450
596 152 106350
299 116 139500
588 128 98750
230 249 310750
581 287 56050
513 503 469600
590 401 531000
88 523 146450
286 591 122200
209 469 58100
81 229 139800
175 529 27750
66 372 463450
654 484 20550
688 596 67250
555 122 86050
136 586 252800
293 628 388100
350 673 18050
549 402 418950
665 768 315600
542 686 316900
287 221 190650
690 587 456500
712 29 225250
541 769 385700
259 344 7900
35 676 406800
349 27 233450
612 33 470150
450 344 241250
369 544 445150
620 407 323600
618 651 355750
72 794 228800
63 58 21650
76 782 385200
474 334 376600
195 601 496650
82 472 402450
641 327 37300
224 150 523950
372 545 380450
362 556 148450
263 21 40600
429 36 525800
17 355 82300
171 793 240700
288 478 410250
670 36 194500
678 545 271950
687 80 500900
154 85 429950
282 655 97250
582 753 444100
525 444 170050
28 814 283650
108 336 317800
493 57 387700
477 747 191800
147 130 185150
689 543 218750
471 564 96650
442 495 87550
658 358 342000
21 408 254050
46 459 481500
44 428 96800
691 187 98150
263 359 38350
571 642 92900
84 122 173450
76 5 322650
299 223 128200
622 779 41250
286 165 112950
37 224 327500
607 394 107600
643 31 439650
562 501 23950
492 380 131150
386 141 290750
57 342 90800
245 775 458250
255 503 498650
460 746 332950
579 19 41800
20 588 503700
529 336 272650
18 622 440550
71 3 115550
419 317 378200
261 472 318150
579 326 37850
200 60 366550
690 204 421050
618 270 356850
444 304 246700
111 665 178200
252 513 200050
82 290 397600
699 501 374750
495 543 11500
600 532 177900
160 767 451400
227 428 312850
258 210 320450
112 65 132150
388 356 169950
662 488 189600
451 368 482450
76 200 337450
588 503 87300
143 459 447250
644 509 340600
41 781 378150
536 739 161400
645 312 430750
12 226 147350
94 602 500800
631 581 274750
1 59 409900
256 87 35100
628 470 376100
189 88 288100
34 788 140250
82 251 399900
275 227 327200
396 727 341100
167 587 112300
704 99 263050
683 674 221500
254 289 345950
87 328 94950
445 350 400700
497 143 476850
715 140 70700
596 308 96450
525 571 173000
129 541 231700
325 566 259650
267 249 202600
106 31 211050
624 442 226800
269 180 499650
500 135 169100
298 790 220050
639 584 61200
315 528 85950
678 83 245650
17 178 98800
364 472 410850
474 639 362600
234 52 407350
75 303 40100
177 246 18150
615 82 310400
617 766 85850
218 199 469650
520 132 247100
532 586 166800
530 414 289200
424 501 366450
563 669 427950
214 14 26000
189 223 298400
15 525 378850
224 437 467400
55 315 231300
167 812 110900
64 789 84700
643 277 507200
293 322 401150
360 509 226800
70 445 9850
544 721 338850
511 162 244650
643 237 496850
220 340 160850
693 603 322450
704 352 266300
454 253 445500
486 578 331750
653 675 283750
272 515 413200
302 443 211950
399 118 358450
545 283 449700
132 700 200350
77 277 315400
103 173 297350
61 31 311250
207 499 391250
452 125 428850
587 433 177150
267 140 246700
489 518 42800
647 67 86750
319 536 336700
708 658 231600
624 628 211450
252 26 185550
572 387 237450
208 176 310200
326 109 186750
303 33 130350
36 286 83300
250 376 442200
98 82 139100
85 451 241850
77 322 357700
207 21 424600
198 553 156500
366 2 412450
96 178 72800
626 540 103550
270 694 400650
293 615 413450
17 684 91700
259 355 7300
121 337 197650
542 756 342050
646 134 402350
679 119 364900
167 712 115050
78 759 13850
490 378 15150
161 353 100550
683 677 227900
29 796 36000
419 311 354700
427 85 325700
630 214 426800
595 446 78250
255 539 449850
346 637 337700
481 300 468050
77 332 329000
234 366 351600
49 527 194850
0 778 4850
239 197 164450
208 432 457250
254 66 285000
286 727 100950
549 615 350500
393 726 460800
299 324 115600
104 329 124750
140 445 91000
113 403 444750
143 237 491600
89 664 81200
233 291 19650
385 497 119150
575 480 176700
307 670 193750
536 338 150850
222 509 264000
208 694 361250
15 591 339550
338 468 526400
56 325 266450
696 810 472650
132 204 190150
233 206 19650
450 306 266400
423 200 425850
64 13 75900
591 289 413950
243 57 298950
247 375 115550
71 742 128550
717 527 106250
337 136 432750
250 331 527650
587 415 179800
454 678 484800
312 244 358750
620 141 310900
563 318 398600
723 756 212000
6 375 165950
108 566 384500
245 178 422650
371 774 246050
535 243 247750
362 700 163750
666 477 77150
34 761 125500
294 244 356250
70 435 8800
456 304 68900
706 588 421550
710 537 517100
312 52 331200
175 140 28050
452 30 505150
127 514 41050
502 715 345600
465 663 392500
10 317 109400
215 529 305050
528 451 342100
397 397 232700
181 104 375750
573 296 248250
574 185 429150
177 507 15450
641 228 36550
29 524 40500
564 234 498000
25 355 35250
601 464 301200
207 703 414150
156 141 282200
618 237 360600
393 25 451650
461 549 227400
57 695 79200
513 688 473550
561 713 420500
298 615 210400
626 707 106100
637 209 34950
185 712 481550
478 609 169600
439 752 121250
453 187 115350
113 396 485800
691 549 98400
23 22 451700
354 63 397700
523 71 150650
396 185 365000
529 700 274450
110 608 349600
223 505 162900
175 216 29500
193 591 29300
602 268 389250
196 373 133600
174 299 582050
548 159 321450
28 95 254900
382 235 381600
312 629 348350
606 302 516700
664 565 482300
411 41 393250
437 83 24300
364 591 456800
394 123 105150
406 27 88150
539 244 11100
286 532 117050
181 741 421100
34 88 137850
137 57 467450
577 224 115750
440 436 224800
110 46 338350
328 324 136750
561 641 466350
639 143 59750
20 354 483500
204 803 58500
141 42 145150
308 188 83150
198 228 146400
402 711 213100
21 315 224200
473 567 52800
442 147 93750
134 593 196450
70 15 10400
645 536 407950
282 318 88000
71 734 134200
481 384 475700
682 206 141400
536 691 159800
203 425 269350
529 475 255850
106 477 228850
708 489 204950
175 674 27700
671 12 303150
640 527 15000
645 500 394700
416 445 275550
373 792 2300
231 540 413100
629 779 413600
302 517 275350
222 617 323700
494 558 353700
312 87 328050
308 378 79050
94 176 507300
470 236 365550
118 598 76350
700 579 152950
307 26 175300
99 427 140750
481 763 434850
342 450 81350
222 156 264350
509 418 438500
410 343 422200
706 262 413150
574 639 437200
151 360 26700
258 232 296650
301 326 184300
390 42 408250
494 146 379650
207 268 390400
195 493 516450
594 598 256350
110 311 310150
141 297 149350
673 264 458700
373 125 2150
138 304 6450
539 651 8350
412 265 48700
47 460 320500
588 126 93300
103 131 354900
51 691 51450
188 270 23700
260 6 465000
403 586 200000
218 715 419450
198 261 139150
514 761 486750
85 391 237800
447 605 88800
239 119 152000
553 192 121700
490 668 15500
125 391 101550
190 520 389450
140 636 88350
136 120 305100
176 544 93350
712 516 223100
412 688 44450
77 316 318450
47 373 389400
212 546 30400
353 577 429250
51 396 53700
125 607 101400
260 434 465600
716 530 161300
41 627 320100
645 478 420750
642 579 178950
442 699 86800
221 99 286600
447 433 84150
45 621 290500
410 196 320650
292 322 300750
718 144 18850
535 80 283300
439 397 130750
454 214 403300
617 35 90250
141 528 146500
349 146 260700
212 413 28700
251 35 303350
540 736 423450
142 162 164550
435 641 334950
562 390 20800
395 17 374250
230 678 344850
588 31 98900
708 293 214050
467 769 44900
557 795 70150
230 206 300200
615 537 322150
669 781 133550
133 269 253150
293 262 400300
27 610 230350
688 240 75450
243 288 344550
492 681 113850
284 53 113250
662 726 199900
174 92 494250
566 629 308900
634 745 277500
144 612 286200
150 6 440250
407 501 371150
541 189 354250
530 630 274200
42 696 431200
309 215 455650
244 783 255150
6 268 164150
202 136 37200
233 311 20700
59 25 460150
315 513 93500
699 416 388350
252 593 206000
118 36 75200
640 451 14350
52 801 312200
104 46 132550
494 390 394250
175 347 30000
416 660 277900
154 329 471050
138 592 6800
6 98 177350
174 396 490650
492 495 114650
376 811 475600
290 366 231450
539 704 9200
414 506 459950
265 271 420600
37 418 342450
321 47 80550
312 377 363250
549 5 403950
412 354 49350
304 262 435450
714 733 465550
150 561 422200
571 322 104150
105 746 499600
267 103 206700
353 333 380850
490 237 15300
526 389 98100
513 808 543000
259 193 7800
17 133 97850
642 81 176550
456 12 58750
119 264 253100
616 460 110100
683 609 243250
212 621 26400
718 59 19250
516 584 357100
258 372 347800
178 191 247150
588 218 109150
353 767 394100
625 485 381600
103 156 367250
651 708 377250
204 90 66750
496 298 293750
714 174 427400
684 208 292900
414 95 480850
574 579 461400
263 36 35250
607 744 112300
105 758 476600
177 124 18500
584 169 250800
57 27 79900
25 680 38850
18 302 477150
191 159 106600
34 115 137500
258 343 308150
297 576 507800
561 252 457650
13 387 61250
614 793 334800
431 547 424200
388 382 192800
49 349 161350
180 617 309550
24 263 133850
33 506 82750
46 693 504050
190 685 421700
678 464 289050
112 10 131000
558 471 262300
264 619 292200
342 630 80000
537 242 295100
446 206 381300
391 322 344500
219 98 248550
573 613 249950
566 157 307750
214 664 29900
361 560 445400
362 91 155300
353 14 346650
650 520 427150
70 243 9850
663 799 433100
574 511 399400
631 429 319200
561 487 433800
587 161 173150
497 668 466200
188 687 23050
474 397 351750
516 622 373200
187 171 215550
30 127 437750
564 343 478550
258 574 356800
595 232 74550
566 506 309100
467 104 42700
489 249 51250
302 221 234400
594 569 259100
407 794 377850
442 178 78600
311 357 403550
688 489 69350
643 41 459450
150 302 345900
528 608 331550
718 263 18000
503 231 193150
475 23 75150
571 579 116300
207 77 443650
120 109 476150
611 563 2250
46 804 461650
305 151 228300
427 102 320150
161 433 94050
37 551 327800
544 486 391050
59 204 515700
234 616 375150
527 652 193200
684 574 334800
312 414 291800
63 709 20450
156 663 278350
584 650 264350
195 355 461750
41 7 373500
705 780 220300
231 119 495100
520 171 238250
711 219 441950
86 527 319100
318 465 376250
461 515 240550
594 517 246600
611 15 2350
498 625 14250
468 478 184850
219 564 246400
517 804 53050
361 511 416450
705 140 287050
542 312 347100
1 702 397450
103 273 370700
99 209 139200
416 377 284500
187 219 247550
12 277 160700
551 195 507350
120 502 475800
560 442 348950
322 801 106350
554 141 108150
622 94 41600
531 376 70500
169 464 35200
718 293 19300
618 236 368200
378 582 333250
268 86 58200
486 743 348700
456 419 63150
369 52 489400
208 440 363100
157 699 303950
464 169 324800
59 238 481050
419 439 332250
5 630 387600
650 179 430600
396 764 343300
59 155 491800
650 596 435200
120 482 440350
674 708 323300
286 187 128650
319 651 345450
560 140 354950
475 475 73800
326 73 194350
381 204 402850
189 62 292200
278 65 154550
531 339 81550
137 68 443400
577 709 101700
497 709 499500
33 427 80800
129 110 250950
201 71 300650
289 153 64150
358 52 466450
185 96 462450
315 454 96200
653 690 273850
85 545 234650
284 596 116700
681 80 321600
712 775 235250
329 794 51500
606 245 479550
182 568 471200
539 723 10750
542 83 305050
92 616 263000
571 112 108250
407 683 395450
601 708 250250
46 481 453600
47 721 357400
28 22 271000
157 707 286850
209 779 72000
460 119 363750
203 335 251450
163 478 55400
386 526 321150
606 431 475050
370 60 74150
37 57 365300
394 61 91450
606 285 529750
399 309 367700
503 67 211000
390 487 406550
554 265 95000
215 296 347150
103 77 351850
63 478 22000
539 657 8800
644 244 402650
606 782 546400
89 468 88350
594 659 302850
596 362 113650
453 144 131500
495 735 10400
599 14 495900
60 659 360200
334 437 319300
590 84 426000
208 683 369100
439 453 141450
496 581 270200
375 164 456700
608 572 404000
292 746 356150
487 753 223600
141 47 143250
687 331 455450
566 590 310450
1 322 443250
3 421 289250
184 66 120150
24 300 139250
59 791 441300
184 671 104450
627 642 306800
45 281 290800
451 525 473400
105 165 482300
396 584 357850
112 776 132350
690 370 480450
626 547 101350
526 56 91950
315 385 88950
59 741 463950
134 525 193100
98 354 151000
50 768 396200
66 360 376250
542 24 288400
305 263 225850
284 107 113450
639 737 67950
714 714 439500
452 501 467150
624 691 227100
388 783 193700
315 741 93200
406 36 89000
505 656 376000
79 674 510250
282 636 81950
45 635 303500
152 461 351450
354 705 399400
542 406 306400
567 461 354650
678 612 275350
342 743 71050
716 508 168750
360 812 206600
508 550 458350
451 405 459400
375 597 420950
688 717 72950
579 208 35850
407 29 425450
317 775 132050
51 664 56700
442 502 82850
334 727 307450
406 656 80450
593 251 393100
70 331 9550
520 351 225550
53 758 291650
399 812 349750
376 94 489900
189 101 295750
315 675 80300
71 724 136250
264 729 280650
553 294 133050
513 576 490650
344 30 137650
615 552 314750
579 359 36150
393 569 458800
452 319 436450
46 471 506300
688 496 75800
30 612 399550
650 186 392100
354 181 424900
376 631 551550
333 180 282250
273 617 103650
463 793 314450
252 162 185150
322 161 106400
650 683 456050
687 138 504100
259 751 8000
603 496 19600
714 97 404450
601 145 291400
631 142 284500
620 476 316800
546 545 482700
282 712 86350
287 662 192450
200 578 331000
239 91 157850
425 585 139650
159 334 525000
566 448 277600
385 5 121350
539 255 9700
251 241 334600
79 233 490350
239 493 151950
214 700 27850
635 689 405850
488 349 29450
587 223 154750
185 398 473750
52 637 341750
360 344 251550
642 772 198400
632 590 222350
412 552 53200
18 758 439600
369 513 511500
696 4 393650
525 591 167850
630 427 447000
39 653 256000
577 286 105700
261 587 337500
684 607 308350
97 381 483500
670 720 178700
275 155 343100
359 168 38600
699 810 359650
267 651 240600
356 227 457350
476 715 550800
535 71 274650
169 80 31000
525 535 167050
688 426 68950
109 4 83550
482 301 437200
336 265 43400
615 317 269600
314 316 11500
144 336 276000
681 224 330900
120 182 480250
390 609 404050
47 186 316450
595 104 73750
712 693 236800
505 273 379450
378 384 334250
719 594 478100
96 105 77550
442 282 78650
265 249 421800
72 593 239350
443 810 323500
222 314 271750
544 643 325300
361 143 398650
44 649 85300
615 639 273700
608 196 396700
388 41 170300
106 193 242850
100 115 39200
644 512 334950
50 618 359000
136 661 308650
198 313 164650
530 728 314350
541 208 336350
86 423 312500
111 75 181150
44 168 84050
503 149 203400
395 667 345600
450 806 286050
76 626 381100
306 444 407100
163 420 59300
191 505 116400
354 492 428350
113 149 453200
478 389 156050
368 3 365500
678 752 291400
532 133 153200
187 412 281650
524 681 344250
267 577 240300
694 194 103650
539 486 9450
578 623 313500
442 724 72750
355 220 387100
322 171 95800
377 65 140350
310 172 18350
501 27 333550
30 568 409350
84 92 148550
610 670 433000
293 74 388650
176 45 96450
325 148 275550
140 115 95350
303 486 128000
109 777 88400
130 28 382300
420 261 391550
137 421 498300
708 575 192050
690 182 491500
289 472 67400
530 803 343150
698 318 353550
345 567 2350
356 148 417450
101 145 371600
72 812 190500
53 242 297000
690 609 452500
690 802 489400
579 794 37850
105 738 468350
342 312 71000
304 396 385250
68 722 92600
71 352 146250
418 189 460550
85 655 227100
35 378 366000
136 311 306250
465 702 343100
88 169 162050
628 289 458850
208 532 402050
170 782 355300
412 26 45200
631 53 298600
643 96 429450
27 3 255150
372 560 398800
418 463 499850
94 216 449650
290 68 234950
499 580 548850
31 137 390550
170 530 371300
644 187 356550
71 486 146350
349 401 228500
6 211 168600
100 580 42200
207 802 402200
160 712 438600
283 30 446550
589 230 219250
36 285 85150
84 583 182650
723 569 250750
661 371 211050
127 439 42300
309 106 462600
470 778 402900
52 245 330700
22 795 295500
308 328 79200
431 175 395200
37 466 381250
661 311 221950
425 429 152150
602 94 427900
495 553 12750
221 110 272900
332 25 142350
664 240 395550
467 474 45100
195 660 411600
171 5 203850
33 772 95400
93 528 164850
268 639 69000
60 245 392200
311 713 396250
614 520 281850
618 400 337750
397 83 251950
39 130 250550
264 535 299950
428 674 308050
406 520 80700
495 370 11600
602 632 436350
573 748 254950
52 806 278050
422 742 39450
681 135 299550
233 94 21000
32 799 358750
691 737 102800
384 72 527350
528 804 302350
336 647 41500
286 323 136650
261 221 370050
60 197 405600
704 718 264350
56 244 243200
82 791 377950
677 670 421250
84 607 177150
103 636 347700
283 515 431800
689 125 237150
502 197 378800
98 506 150250
615 574 342300
651 55 403000
701 155 486800
136 204 275650
283 747 460150
497 193 504800
460 524 398700
519 42 244700
355 379 322200
96 48 71400
503 169 198350
582 256 441550
397 127 263100
439 200 150250
22 511 301650
696 191 378700
376 155 503250
60 583 384200
64 743 86700
77 726 319950
163 232 46500
268 98 62550
494 726 345150
318 23 398000
711 299 400100
185 601 474100
629 808 437800
263 466 43500
420 762 375650
353 332 420500
261 336 314550
332 672 188400
372 774 421950
644 395 322700
621 417 184700
451 803 426700
606 647 440950
703 619 452350
668 478 444200
437 775 23850
624 330 199200
460 418 359950
350 642 18900
406 184 73300
495 87 11650
423 2 425250
659 210 385200
319 204 321300
246 689 195400
707 733 471700
175 178 28050
642 247 190600
141 455 162350
49 623 180900
75 628 40000
390 467 450750
78 167 17100
237 463 430200
424 51 373700
419 432 376450
160 804 491250
383 590 154200
119 643 269800
549 350 390900
195 79 425850
550 663 445750
682 711 141100
532 710 162150
136 549 291050
109 481 82750
176 43 97600
491 678 74800
226 425 220600
316 139 129950
548 277 383550
546 809 479450
120 251 532000
25 400 39650
391 586 361550
137 285 505550
453 557 135150
247 683 114550
261 764 288700
591 348 420050
44 736 90250
687 155 455950
373 754 2200
658 349 378350
110 9 338350
571 654 110300
63 11 20650
463 215 335300
293 128 437250
314 58 10550
178 390 259550
407 718 424550
204 562 67500
381 624 353650
218 70 511100
472 176 47100
255 672 413250
539 803 9950
372 723 386850
373 109 2200
190 785 432800
147 812 218200
307 68 143050
375 433 379600
66 469 398500
64 494 86600
668 216 438000
151 310 22650
196 231 145900
208 200 378700
692 176 458500
388 779 150300
269 66 487500
531 270 66300
196 777 141200
259 584 7350
339 698 431550
616 585 114450
181 646 419550
681 163 298600
681 389 286250
554 791 107000
237 469 402400
660 45 502850
647 105 85900
470 184 370600
300 577 109350
545 423 420650
256 104 35850
37 333 357000
294 588 357350
602 178 403000
596 221 116900
391 814 369250
84 626 155150
169 419 37600
374 343 354100
59 393 456950
660 669 542350
209 145 72300
634 329 291250
23 311 468900
658 674 414150
661 388 210450
647 556 78500
19 644 176350
543 554 101650
420 486 423050
166 576 497950
621 640 208500
131 202 122700
147 254 181000
397 89 227750
155 272 415350
78 740 16750
110 580 321750
118 787 72200
51 796 46950
530 803 299950
622 271 38850
556 119 43000
545 570 401100
207 380 423700
62 706 1200
252 366 186900
30 230 439300
95 90 451600
553 539 113200
208 247 437150
338 697 496300
96 599 86500
364 774 441600
699 9 376000
260 340 441600
490 123 18250
493 231 380050
148 392 529300
567 255 322800
715 45 75300
182 63 447750
467 611 39500
103 294 311750
141 282 141800
579 350 41200
141 683 127050
124 587 161950
600 413 178000
542 122 323550
508 20 376700
367 600 165050
435 51 367350
12 738 141400
298 620 226650
707 168 445500
392 175 167700
615 48 340050
15 227 341900
564 808 484550
573 387 240850
305 498 238550
374 418 400900
35 204 417650
410 446 354800
360 343 211250
637 92 37050
388 73 186000
140 726 99450
676 484 508600
542 51 335650
591 201 374500
292 773 294400
105 585 515900
470 709 407650
712 658 226900
292 795 301800
588 726 106450
20 756 440700
167 169 109300
344 371 136100
653 505 269800
336 352 48250
290 265 210900
230 357 361900
125 591 99050
526 317 90500
228 722 505900
297 654 468750
175 222 29200
16 796 280450
6 188 155750
528 317 337350
708 455 190400
605 204 463100
483 332 15650
716 396 186950
107 623 67600
185 783 482900
670 466 164400
204 166 64900
661 814 184050
48 442 291600
200 337 359550
691 711 107950
88 562 156000
308 716 83300
483 705 17950
195 62 459550
118 282 71050
42 609 490250
498 784 12400
91 395 520600
526 202 94050
537 802 281350
450 287 248700
601 217 284050
255 531 472000
417 487 104050
609 298 437800
670 226 170800
668 584 486350
119 637 312600
539 672 9350
63 312 20550
382 619 485600
206 629 251950
89 670 72200
520 617 203050
673 705 449850
556 621 47750
620 521 305300
505 453 378450
520 466 223150
301 277 198900
127 576 39200
356 662 458450
329 548 45050
278 741 132500
275 290 321100
708 221 168450
703 147 448550
230 497 330200
252 208 213150
45 505 293200
639 634 64700
634 591 310800
423 483 468250
412 248 44900
627 719 293550
18 508 462200
214 464 27800
348 514 238250
77 85 309400
330 138 410200
275 440 361350
676 642 452000
350 459 17500
716 76 147450
370 551 63950
393 278 434550
642 747 207350
36 628 87300
523 259 149450
136 503 261550
367 188 137400
584 305 252200
180 632 294900
298 408 220600
24 761 132550
719 200 435900
375 712 444300
396 166 372400
137 408 465800
60 604 464650
646 138 359600
367 476 135200
482 132 390150
374 211 366300
196 111 131150
478 376 165850
321 661 67850
489 54 45850
5 165 398050
305 404 234800
671 156 309550
518 49 231150
460 97 361000
204 677 64400
699 528 433950
361 334 404350
334 396 270650
373 772 1900
158 645 246750
40 165 58550
598 750 271000
181 773 408550
361 155 399100
443 523 342000
46 744 479700
372 535 416200
252 776 193050
178 535 224850
178 429 242000
342 212 65800
76 790 349150
537 616 285100
122 156 106000
39 549 251300
0 3 4850
671 258 324650
140 179 92100
44 522 94350
590 408 450500
61 27 299250
298 26 240950
263 284 39300
148 446 503450
616 505 113500
205 499 72350
282 584 91750
637 631 38400
195 446 516000
618 376 385700
118 729 80700
509 734 436550
615 654 318100
316 512 150100
70 138 9450
296 385 159050
539 640 9500
349 200 223150
220 475 161050
513 128 404400
391 357 324650
39 379 256500
151 589 21750
31 173 404500
5 625 355350
119 166 276050
54 660 274900
230 345 323950
717 563 115700
528 734 324000
403 175 221650
0 292 5500
390 514 416400
698 161 310750
502 547 316650
699 474 390600
275 709 329700
354 97 420550
439 359 138000
154 126 395600
435 797 345800
214 158 29600
420 565 395050
152 706 323250
573 318 276700
572 746 231850
174 90 479050
129 182 266350
715 760 64450
594 270 281650
228 437 522800
475 565 66350
528 809 354700
346 570 320950
372 252 436050
684 287 288700
620 642 322000
575 648 171950
297 546 455300
391 371 344050
345 422 2300
104 613 126600
103 543 353250
493 496 374250
616 299 119900
430 191 464950
307 537 162200
112 755 147900
643 696 471600
62 639 1200
37 270 364200
461 321 238600
143 547 419300
495 810 10950
37 747 348850
439 492 139700
708 24 205750
424 809 380300
97 574 480850
481 5 397600
468 17 177900
430 645 467750
658 730 420700
18 219 434250
495 316 11850
364 657 425750
212 510 29900
336 730 43850
291 345 31500
647 460 90600
345 425 2400
506 699 30400
326 307 202100
691 636 104300
160 128 439050
358 26 482250
607 441 88850
110 77 368350
148 695 481250
364 645 460150
591 721 446750
269 431 524700
7 803 266500
54 785 244500
250 810 447850
634 54 303800
124 398 166550
550 665 456500
142 50 180550
297 372 490700
687 566 435450
141 628 156450
317 358 132000
396 806 332000
298 439 186150
100 515 45950
361 725 458750
440 639 204200
490 273 16450
215 477 311500
446 692 318800
407 606 439100
2 671 48300
120 355 505600
631 272 286250
47 714 354000
543 338 84800
40 548 62550
490 628 18150
578 490 325250
247 350 131950
510 612 367700
571 326 92150
257 377 276350
430 218 415650
561 813 419500
621 627 192200
198 29 165250
591 274 399850
142 307 176550
606 86 489550
681 599 322900
270 214 420350
206 572 257100
169 603 32450
87 160 105850
200 397 330450
601 451 318050
35 8 389450
591 434 429950
577 706 122200
37 227 337500
205 804 61600
124 21 165850
20 131 510500
45 592 286850
591 749 430850
621 305 199900
394 85 104900
286 502 123400
207 702 438400
579 577 40700
196 235 126300
255 436 462000
222 87 262950
622 80 39250
691 459 99000
479 709 445600
537 639 298150
394 366 100600
28 417 282750
665 423 364050
100 68 48400
126 442 462000
701 355 446500
345 780 2150
711 741 453600
196 301 133900
449 780 337500
321 220 76650
616 194 129450
136 329 291000
121 606 189350
344 373 142300
70 477 9300
582 170 467800
220 462 163500
587 158 183400
682 370 144800
495 732 11700
674 249 322450
31 468 502900
447 76 89650
427 706 288250
282 238 85250
132 343 209400
529 115 236000
651 782 395400
718 691 21450
392 527 150800
525 17 157600
582 181 435750
195 305 456250
671 216 322000
539 654 8450
44 578 84000
372 601 378150
319 575 307250
361 369 400200
693 364 351300
170 242 367300
574 626 421300
409 525 164600
112 444 150250
151 753 22400
196 724 135200
24 76 126800
651 573 400700
139 758 451650
251 438 320850
650 288 425750
571 380 108850
452 739 419650
380 72 381050
166 247 566800
298 205 199600
393 667 478550
417 440 103400
537 515 278550
177 311 15850
303 113 100200
410 807 360950
690 328 463650
161 94 105050
551 367 470850
719 515 441900
504 342 222600
120 53 447050
151 342 26050
587 380 159400
488 774 28700
82 701 456000
660 200 418850
25 408 37650
190 150 425100
338 582 497750
331 661 415200
395 95 301650
691 524 100000
24 735 114850
306 254 400650
634 412 291900
528 151 308400
342 530 72900
334 179 307700
330 98 437050
236 488 373550
637 611 39150
120 383 448450
18 810 411500
681 410 352950
17 265 93750
642 251 177800
428 720 289700
723 77 239150
105 530 489200
445 103 432350
442 313 75550
252 347 196350
364 415 449050
331 692 377850
12 782 140550
622 626 43000
286 36 125300
330 533 434550
372 609 409000
269 353 454700
278 269 152600
529 557 254250
189 82 282000
227 768 352200
16 479 283700
397 676 245450
594 383 285100
590 489 435000
418 519 482000
482 335 417450
189 442 281700
169 332 35350
50 135 340900
678 562 300600
393 449 445650
618 379 371600
263 548 40050
620 580 308700
220 505 145400
60 521 362050
86 86 348000
46 435 488500
294 439 373000
416 463 301450
668 623 420100
431 719 411050
175 258 29950
56 397 255600
326 442 189200
486 62 369250
372 314 391800
571 362 111500
618 539 362200
251 507 368950
469 395 477200
516 281 368000
614 346 307200
666 345 79850
140 54 100250
535 302 278750
634 511 284150
495 375 9850
628 349 490300
241 265 100350
439 176 129900
429 430 554300
239 330 154000
375 357 470600
255 353 427550
6 375 156950
530 263 296800
681 476 293950
423 220 480150
690 249 530450
634 166 308500
526 418 99750
489 725 49050
637 739 40600
191 387 118350
557 63 68500
438 760 51250
53 777 257300
92 804 218500
180 359 314100
321 169 75150
190 99 400450
39 347 255200
10 749 105600
237 721 406150
109 799 93900
560 630 316550
518 193 222150
125 813 96200
112 304 134850
76 633 378500
392 664 157050
180 103 320750
639 452 68650
34 31 130500
372 92 453100
49 570 183100
4 624 136800
265 274 414900
461 719 215300
318 803 373850
720 376 181300
482 162 501700
2 54 44950
360 664 211450
298 562 227500
293 406 419850
215 553 357500
247 685 129750
274 435 39800
563 351 434350
81 229 119800
355 290 309900
573 165 234500
499 600 462200
94 379 465350
588 199 90300
598 441 248850
241 693 89300
243 653 301350
579 177 40500
395 641 374750
156 394 233150
461 141 229100
623 297 320000
10 191 101750
618 193 358350
94 732 495900
521 298 327550
353 616 434150
321 451 79950
520 810 238200
658 442 367400
345 182 2500
688 102 72400
416 297 290750
622 147 42550
518 695 210400
109 162 90150
571 578 109350
133 588 224850
521 356 351450
516 373 380300
460 648 330800
338 582 488000
530 278 305750
141 704 122250
182 431 519500
326 701 196450
35 515 377500
288 695 423300
458 392 470500
364 361 400600
68 564 88750
65 44 97250
205 358 70450
693 518 373400
587 635 161700
530 167 281000
659 230 429200
587 351 176000
519 730 212150
274 290 30100
416 94 282000
327 430 401450
590 224 434800
68 279 98700
290 152 236600
226 216 263350
30 749 422500
560 480 321700
530 573 292500
3 347 284650
509 111 466250
361 227 437900
582 646 440400
618 327 400200
152 724 364150
478 534 142450
261 615 296750
81 655 143300
407 685 419350
586 530 182600
331 780 428700
359 795 38000
628 155 462000
626 734 100250
623 524 336500
474 206 381150
198 448 126050
161 16 91050
556 323 46400
548 58 337400
500 770 172350
77 180 366500
101 219 370450
230 666 307700
1 26 403550
197 728 102000
562 401 21950
496 82 276500
228 339 444500
304 28 457150
586 440 170050
109 293 83300
50 785 425050
22 48 281050
338 472 548600
166 7 505200
458 297 488600
397 548 260400
200 479 350900
337 139 461500
263 111 42350
78 738 15950
413 43 16500
257 156 283550
355 718 370500
40 308 60800
159 660 451750
477 489 181000
706 572 406850
631 125 293250
374 496 448150
278 401 157500
306 379 433650
244 802 245100
220 21 183700
561 209 467850
469 621 478750
38 589 180200
391 392 301150
0 327 5000
645 516 410350
535 783 248500
502 720 347600
442 813 80700
581 562 62500
712 668 216100
253 170 141850
333 632 298000
161 101 92300
158 431 232900
374 371 377050
581 304 60200
545 129 435350
195 227 542050
621 437 196200
189 111 271050
428 338 332000
539 55 10300
661 778 199000
514 728 514350
370 499 73200
112 144 137700
450 321 245750
554 783 100100
497 762 496450
277 567 45900
1 66 436150
212 344 31000
438 193 57400
35 197 386700
608 50 469100
510 435 371900
5 717 366950
306 30 441300
63 385 21150
418 134 432700
88 189 134000
605 539 490550
184 142 131750
114 491 287900
338 5 473800
300 493 112100
273 349 93300
616 42 106800
674 624 315350
68 83 99950
694 622 112500
664 336 438600
391 772 360550
46 286 510050
378 450 352500
579 272 36500
256 521 35800
210 587 80750
489 168 44700
388 478 186950
616 457 126850
549 611 368850
23 397 458250
284 583 116750
393 367 380450
590 303 491600
354 37 441300
156 737 284150
696 363 417400
315 95 83250
513 77 524400
398 811 309750
345 29 2400
169 378 34400
75 759 43850
119 96 297300
269 54 487300
368 95 411750
289 126 63200
627 249 304200
566 266 313950
453 509 138850
51 408 44200
164 310 282100
388 788 178450
507 382 210850
645 417 412350
546 697 449450
473 503 55250
256 650 36550
447 203 90150
549 804 410150
618 31 369950
643 717 481600
424 433 364200
