-1807
-5966
55107
-5859
3691
-25697
48452
-68235
-23879
50704
-11148
-9889
-36548
53622
82277
54838
-36576
62927
65034
-41285
8213
4785
9892
86915
-4492
-7226
3788
3623
-76550
5073
-57617
-5047
-77588
-22672
5392
-78680
2611
-69299
-5611
-42471
6138
-35087
-6681
-39422
44852
-75144
63732
-7937
-84968
-946
36167
21666
20023
-42399
13971
-5708
81057
568
3942
-18358
-37509
49824
779
-8161
-1975
2944
6423
5865
51288
35545
-20318
36
8275
-1419
-81073
-74449
50776
44000
-715
28635
-2917
-22332
69603
-79774
-4389
-5587
626
505
-84409
-79305
-17251
884
-2651
30666
15453
-88038
7161
56879
78260
6245
3621
-87015
38646
1974
-62429
7133
39815
79625
-867
8023
-8891
-19851
-8777
-2033
28454
-30215
959
-34445
7904
35273
7454
-15765
-14209
5116
-52613
85720
-78472
-18193
-4583
-4715
7411
-45835
5908
46795
48872
-316
72585
-51307
-73292
21691
9613
89881
-75363
72177
-5180
-8233
2691
-5894
8277
-1359
74855
30088
6537
-74157
1424
70032
5348
61537
-88938
-74195
-63359
-86206
-1408
4666
56247
-6538
-4046
-841
-71074
40179
5980
-7666
-33364
-7024
-86395
-7749
56018
908
-3413
-2622
24759
6933
33596
-73289
-2224
69545
-10244
38994
-8928
-76541
31151
-49635
9416
8917
1213
-70211
-3195
54643
7136
71332
41480
1971
-12538
3856
6496
-654
-2608
3448
-7829
-77644
-42555
70138
-53667
-88829
3380
40723
4530
-8589
136
20751
-8659
-15022
8142
172
1939
-80161
-67981
-9226
-6460
-4311
815
-5752
-4418
-1300
9201
673
16492
1564
-8257
45603
74735
69416
-60817
-2436
74912
25093
49887
60347
-78502
2448
5412
-55924
36544
-78228
-298
70278
-81212
39934
-46356
-77862
-3234
3271
6016
31632
-369
-11425
-9685
1333
12447
-21212
75344
1102
-25592
12025
18241
68335
354
-48586
-60316
-33747
3859
-2548
40062
-7075
5151
12940
73065
-8226
15148
66869
9207
3968
-976
6961
-70192
-5332
-72260
-3311
9711
44208
-82841
-7567
-5661
12336
36884
-65863
8429
326
-6775
913
66003
-63
40138
6342
2912
52008
6666
8655
-1259
56755
-2153
3413
-2509
-73532
-76051
5546
-63
-79929
3457
-30092
-8759
-82764
-73393
52210
1714
-815
6017
5098
29447
73486
89413
-7952
-9610
1227
-3932
-25919
48596
-9558
47289
87915
50354
-78813
6595
26347
67749
82647
-71429
-78784
733
-4704
-81577
-52967
62764
-42226
-44772
-64964
2045
-621
-6757
34499
-3111
9188
-2179
-11118
13365
21133
1820
-2454
62520
23744
15595
-8461
-50762
-73519
38230
-4041
61551
33945
-9189
-25853
750
953
-51
-85397
-4549
66379
69144
516
-53345
2301
-19650
8794
36434
80573
-3819
-4112
4867
-9759
81756
5770
9454
-2285
-67891
3722
-6260
3911
-43
-3131
-5938
69737
-65308
84649
-16873
26459
72885
-79944
-24795
36918
-15290
-1152
9969
-8344
4303
-58155
22939
35362
-81407
-40435
8394
-4372
-26458
1880
-31616
-80847
34960
51970
-88833
-3328
-2587
-1421
82774
-627
8749
24878
81232
-752
-34775
20827
30072
-7243
-53525
-25760
2859
-1827
-49781
-35734
-4242
-84970
-52212
-1820
-32337
9326
26758
-44733
-4174
20444
-1298
39962
-14267
-4940
3778
-9335
-81299
8606
-2846
9575
83079
1861
6738
42314
8225
-79708
-4220
6930
76414
-7871
25332
23555
-4799
58246
-576
-36652
-74584
8842
-620
-3457
19990
5714
-990
1785
3298
-78971
64096
-5126
1929
66917
-89354
-54818
9616
9276
-49380
-85123
9522
64280
52158
79126
63143
9466
-1650
4317
-68304
-53519
3619
-2780
-6686
-1116
-42018
7064
-8400
-9248
-84857
4397
-81904
-21440
-7625
7971
-75708
48895
-46742
68118
63809
77538
-83718
4653
42907
-3093
7971
37180
41239
-785
-85617
5541
1105
6097
-75267
70620
-19555
81389
-1667
-3633
36501
7637
36099
-6433
-64331
-27566
2201
-50303
7615
58172
-9114
-80553
-56658
4093
5683
15032
8426
-9519
9852
48616
-81253
672
3287
-16527
-82093
4024
-54099
-77254
-3069
2138
8991
75351
7813
-46338
20356
42220
-60541
-1270
65061
7089
73489
-2599
20277
-80106
49534
-3205
-50454
-86662
64180
-87249
84899
82269
70258
83761
3438
8722
-18775
43370
5646
89644
395
-60446
68715
1808
3832
-6725
-7481
-78841
-21985
53934
-1387
56905
-39714
5048
-53380
-67625
9617
-14728
-6266
16803
-2077
-72151
-87156
-1180
7638
32661
-18423
76512
2481
-65349
76044
-15254
-4146
-1798
-8534
-44948
-22029
-76906
-1260
-46214
-58805
-46496
5854
9118
-72211
-9583
-4501
-36755
-3207
-6415
-3661
6800
8013
-8034
64756
-6646
-35650
78527
-26702
41236
-46409
-6431
65024
-85559
74230
-34139
51872
-5978
79929
30413
-9570
-71072
-21524
34257
-18613
16633
42830
-221
35248
-825
-67356
1416
-79690
7240
-7308
44362
12315
66224
9962
51041
-3608
-9615
32
-7357
-12440
-89455
-82617
70971
-86770
-58206
60283
21969
85033
-5586
-74458
-3197
4210
8347
-25031
74333
-84252
-29955
-31658
-382
3072
79996
-5208
-61478
-5956
-2893
41746
-3660
-40699
-42007
2252
7702
-20307
9116
-80224
53816
44276
-9873
-63979
-87046
30912
3406
-36925
-28787
2736
23026
-50720
43156
695
42671
-6576
20435
-4350
-46229
51526
-49694
-84058
-59642
47243
89333
-24450
62796
77250
-7807
-75918
6423
-47630
12852
7897
1869
41157
23032
-70980
-64880
3677
5440
7583
8871
3877
2980
57149
60425
-42057
5538
50444
-569
-19312
-10799
-25660
-1848
-8001
-69307
5931
7694
10967
2180
86994
3348
83933
-1602
8220
-14734
9772
8683
-3967
37939
26424
71966
46667
-29484
-12208
-84767
62414
-13146
5639
-63506
5831
-822
-32519
53087
-8320
-23326
-6282
26056
1992
25565
-8032
2132
84036
6115
-35170
34211
-5813
-55467
-6980
3393
789
-68035
29465
25768
9636
22095
29904
-7664
34198
9697
8201
-8697
40692
-8943
-6219
39101
7849
-35380
-68071
84352
27439
-12662
28635
-9902
8081
60137
-5240
-48704
58239
-5554
50772
81718
14959
-3059
9644
-9418
47788
3961
-14545
10010
-41707
5672
68167
-11425
-9066
-2016
49165
-84129
-6799
-59142
84536
-54185
-11022
11855
9781
19610
9005
85800
66226
-16784
49069
61718
-64824
-3904
40736
-31330
-5386
-6064
48550
86839
-696
-52307
-58206
-79719
77087
7189
-7232
-24269
18893
-9295
-42565
-16059
6714
710
-1337
-13850
5027
5149
28863
37858
-46131
4138
72914
31021
-6648
-12032
5157
4446
-5223
87505
22754
37573
88833
69975
-39510
-5872
983
-57655
45478
-1974
12513
3388
7449
-66107
6918
9762
41973
36044
-7731
-74132
-2509
30472
18558
-68545
8373
79301
40030
436
263
88962
2165
6180
-88158
2615
-17408
-38867
-3138
68051
4633
-23284
71628
-4493
64783
5032
-1291
-30153
-39206
-55684
35280
16873
-2267
-26636
49178
755
7353
42743
6314
-37880
-882
1385
-58065
63378
85375
-6118
26139
21784
39083
1814
-4887
14420
59793
29126
5831
-50972
-2382
-1714
-77629
-14126
-72609
-85
-3356
6088
38120
2835
57224
86567
6779
3646
19629
3749
53825
5054
506
87329
-26880
-27866
-7840
11120
-49024
-48884
-15990
-71909
-4743
53333
-56950
-3050
-14941
-41999
-262
-4892
-3230
2308
80626
7571
70669
32497
-54283
77556
89527
754
78124
6496
-884
87284
8322
-8433
-256
3514
9964
-8955
-321
9308
-43379
-34730
-67605
89459
-6615
-1962
80202
3303
15294
-16522
-86955
-81696
-28547
2852
67974
-4017
-4865
7631
14397
3570
-29944
-13875
-4694
-9102
4267
-79148
45456
-38553
-36333
-12223
-32518
-25463
-48653
-65579
-1625
858
54950
-44919
-7568
-5771
-27491
-51030
-315
55219
46673
44561
2108
-40478
-58130
84003
-30318
49019
-75666
47123
-76427
-8967
-6054
-82633
75249
66316
-71974
-796
-6102
31991
12581
-232
64092
49256
61584
-439
-3750
17577
80116
779
31870
7279
67923
12263
-45129
7524
8644
-11195
14394
8633
-57899
73311
-64994
26804
-44884
16101
-59575
-26872
-4202
-8644
3741
5092
6669
-14730
-11797
4829
-86702
-7209
-40675
10301
-63948
-644
-72127
-27894
-67077
9964
-31373
-9486
-7241
-31267
-22947
66858
60
5863
-6079
17138
1063
-61054
23805
58174
7305
27400
-1357
-69853
45907
76280
1680
-58392
10163
-53957
-60318
-80460
-59948
9554
-87343
83722
-3723
-61823
-13676
60402
-554
7767
59778
-9244
316
88098
57779
70669
-25374
9375
-899
-86346
-9679
73440
-64844
59274
13572
-70085
-88540
-63404
-4439
-45300
9045
-31923
21910
44359
34940
-6694
-28149
-41386
-6473
-54487
-62303
-6630
-27058
38543
-25673
-70520
-70012
-6563
-7400
-18070
-19125
-7175
-53763
36482
8932
60252
81421
-3584
9791
8090
3759
1123
-76720
1759
-78572
43227
-34204
-4420
-4279
9587
7231
-57683
1054
63590
-1552
-41445
-2219
3931
19132
-3629
57144
-20263
-8607
84764
61279
3790
-60535
7978
86978
22717
-68224
-19226
-1786
30334
-24549
1138
8312
67953
2911
-79966
5280
-911
-82824
61896
75926
-52585
-28526
7331
4369
-199
-254
7495
5705
2666
-9399
73242
-86659
-58015
-30435
-25394
77200
2993
7968
-75147
88351
-6128
4841
-7049
-26379
-5868
-7086
-13541
-8490
-1762
1524
54983
3186
-5881
4429
-31127
-75846
43813
8167
50754
-956
74951
-51086
-8285
-1107
-9682
-47446
-68026
-14086
-11501
4248
-65716
4109
57562
-786
61360
44932
-983
43112
33265
57059
8658
-40354
-80654
-64237
8876
21432
53489
-5144
-43626
7210
-7622
16626
-3523
-51584
-5707
1137
31270
16383
81491
14405
-89690
9082
-67556
-3957
39491
-26807
75534
-52294
-21603
-8670
-2023
11
75630
-47238
-146
8020
252
-9303
5799
17003
17862
9764
76311
6516
23475
7634
44576
-36582
-20159
-47128
-4948
4563
-44393
9251
-88398
71250
51819
-1251
-1032
2210
9535
-24505
44493
-42971
7255
-8109
19055
4743
65156
-78582
-7393
55659
9225
64262
8599
85463
-16365
55443
85342
-33927
-51526
56799
-7513
68920
-8114
-33376
38803
-3392
-2402
-88335
-29150
20293
-67936
-9242
4098
-69660
68815
-18654
31963
-21354
-3953
37424
3585
723
-7272
9379
-9378
86857
40849
5363
-6738
-7012
-79228
68534
-5602
2444
-2370
51821
4669
-9648
3082
4106
-4938
67809
-55074
357
-5867
262
-38076
42587
79446
-607
-31260
-64340
444
5275
50034
53461
8333
41697
735
26394
-67715
-41477
82280
2097
-49666
-50474
9527
-72
48110
823
-36779
-6456
-18676
42890
-75858
87901
-8097
-77786
-6234
-14029
-3948
45200
23167
764
-70044
-422
-64510
5210
36397
583
-3365
-43527
34890
9606
35552
-8
68861
-54049
9855
-59605
25135
-48529
77457
-39342
1261
6289
65693
-8070
73531
-32512
-3889
-2859
-3352
57855
-4651
1095
-3519
86653
-34460
67621
43183
-5377
77143
-1772
283
-752
28673
31118
25562
63466
17279
5206
-23739
9651
-65518
52665
75223
-56311
35027
63189
2067
57963
-66578
9496
-69411
3780
82099
78891
7825
-53421
-16897
26837
21317
30607
-3513
1035
-489
-759
2189
-81744
-16921
-76215
-767
-74896
-13647
-37331
7855
31702
71656
-2821
-33709
65806
47751
5429
7202
7192
1879
82992
-27103
2612
34744
6147
40422
40019
6715
-3223
31054
6756
15725
-49011
-85227
-16990
-9623
-3411
-32434
-4608
-43134
7764
69415
-51880
73014
-15825
5456
11227
-6875
-9862
2900
-66780
-10781
2542
-46328
2740
73182
-2631
-39996
-64200
5421
87022
43011
-12124
-41561
-5163
-4815
-4071
53480
9763
2755
-1724
219
-4379
-69188
-3310
-8795
27980
-46821
-3069
-84840
2863
1480
-50
36111
4945
85470
-6171
89261
9002
-5347
-1014
-57598
7628
-69926
24811
-21130
62467
-462
-9753
-28239
11141
3284
71684
21188
66335
-72036
-2602
-14629
-8985
57077
-50965
3255
400
-8744
64694
3274
55045
-8215
-50483
-340
-38599
-25269
60938
7219
-81034
23630
-1414
34756
27169
2635
-45725
2941
55738
-2946
-5789
-8304
-1994
10039
41401
4043
10033
-5293
258
56958
1058
2401
-77055
-762
25140
1119
79725
3225
-38132
189
-64748
-24571
51298
-1687
-17099
-63924
81748
-3916
-917
-37220
-72816
-41080
-75647
8425
-27478
-30963
7252
59366
6419
-1331
-6438
-73642
35469
-83766
8384
-65249
-48699
-58714
2492
87898
-59551
88821
-67581
-3478
9746
-4407
-3926
-37323
-74912
46837
3709
22712
3733
6602
9522
-4006
-49414
-3474
69335
74956
63910
-42356
62660
7339
-15879
7258
6232
-21810
56794
247
6936
-33345
34199
-51147
-52291
4545
56240
-2812
44828
50630
-8239
23362
-89494
-51686
-513
140
-2769
2901
60506
-9328
-23999
9660
744
-40526
-36430
42292
-3040
-77489
60655
19879
34650
-28109
-8024
15335
51328
84834
-74177
67676
-68129
67561
-21106
244
-12257
-85225
-33084
-49603
65061
7428
-5259
-68022
4779
-26305
-7604
5894
52745
-30858
-31147
-41508
78171
-1065
12368
-7244
-72454
-66106
-65705
-50083
-4752
-525
903
-66885
37925
-6146
9163
78932
68239
-36511
-8691
-5247
64678
40895
42940
-12850
-80579
11911
-8427
2702
-5682
70394
-27424
9655
-9596
-88037
6953
-8983
-8140
2248
618
-72058
23122
8420
35372
-42350
-76193
-78981
75699
53713
49086
-4514
-17871
-61068
20631
-30042
-80312
6828
3698
-39959
-5234
-6663
-8827
913
-25981
-49976
298
-3321
-54397
-68376
-1179
57503
-5530
17678
-10704
-6492
46069
88874
-5018
-62089
-14274
24739
30196
2038
32603
-14544
31908
-43396
51497
54356
-42557
61082
-67976
21881
79755
-17915
9925
-13985
-49118
7813
-54826
32793
16020
-6844
21643
-5791
4405
-48825
5599
6836
3701
33332
-8105
3546
5656
-8198
5396
33084
8400
-485
-9673
79596
-6386
144
-51436
-52951
11807
6747
51670
76862
33438
58283
6784
7600
53451
-16867
-6430
49092
-836
-48929
-79
2813
-87061
-31525
6577
65040
-71960
41204
88381
-26900
-86991
5736
-3808
67946
-2559
-64446
-16839
-41364
-4809
4226
-59316
19085
79430
-6551
781
4337
80690
6625
-45818
9886
36273
353
-4228
54754
-4241
30637
-4452
-59508
918
4948
49885
-66271
6279
3482
828
-5726
19358
3173
-1047
3955
-427
-58852
2182
-5168
34878
-509
3793
-29453
-9991
-32998
40981
33296
-6781
-5696
-19915
-10054
-1876
-49814
-19917
-15664
53728
-58475
5974
-58535
-2288
41896
-75799
-2551
25739
919
4004
5403
933
-41369
-2167
-898
-322
2477
-7642
-8875
-7842
-1323
-20183
-37465
47907
55383
63254
77714
-3977
69356
-21906
-8246
91
49194
-83299
15794
-18052
14925
52664
1074
-47202
2181
76677
-9575
-8338
-9112
-50029
-89925
-27517
-1449
42309
76782
29269
-9882
159
-3607
-44437
-8883
-43588
82962
-6718
61328
-7945
89469
76410
-18080
70172
1739
17888
5994
34706
86031
81714
42568
39198
-71099
76284
-4907
-84052
5531
-36294
3801
79458
3397
-7030
-30930
-75292
-698
-6428
37702
60780
67524
6337
80693
-8742
-15340
1610
27680
-604
63649
-5012
-82074
4889
-5033
-79718
-60364
-5558
11271
36182
-12955
9241
66404
45441
84
-3164
15945
-1971
-1316
-4465
-24703
32183
9698
-9035
961
-2457
-59191
-9070
-43276
9180
39990
51171
8192
-86442
86911
-817
-9419
-58265
49492
72209
260
21106
-2293
-32378
35333
-38900
-82646
89112
-63529
48071
4693
50473
-45219
-8717
7854
-5323
36098
8757
38548
-76786
-24642
6344
-5498
14462
-64643
5813
387
35345
82234
9884
30860
6077
18719
-25349
-3918
-523
58863
-5190
13482
5533
-34899
-59127
-46551
-10201
-63211
-4355
5325
-5798
4798
79323
8733
10363
38839
-2284
-229
-19428
6241
-771
-31470
-77178
6139
88382
-5266
7119
-88221
-21362
-2712
-3862
6007
-8318
67072
-86498
32344
6669
-45604
20628
87278
-10682
-9017
59194
67634
-60553
-3160
3044
-67035
2726
-8379
-4155
-31861
8759
47915
-81526
-13090
83632
-34415
7002
-31599
-19814
-8307
45772
-684
-22688
5892
9273
2382
9930
-3023
5252
-407
-59688
-3876
63364
67054
8138
-996
2368
56332
-3598
5172
-2430
-24280
-79982
-47133
7058
-8709
54005
4623
44775
32747
75653
-6892
-78310
77563
54796
9639
-88592
-73229
-26276
4626
2037
-5764
27370
-5696
-46487
-40859
-6168
-5864
8650
-84372
77978
102
-10863
4028
-6674
-43058
-1494
80971
3224
-64579
-2752
-539
3265
-83316
-1233
62140
61127
-71639
22283
1384
87918
13860
-62495
-8837
-66056
3057
8937
-89002
-2877
-3236
48770
-9060
2275
-5136
-50180
54480
-744
-85897
35936
-8536
-4483
-22413
1520
17863
-7358
-43052
5549
5867
7238
4873
26775
-87285
8360
82755
35544
11323
-86189
55249
-16979
-74653
82127
-210
56961
3088
3513
58
6482
59999
9394
-25648
-754
-87679
46297
-9066
-7155
-3626
-8456
-8846
6428
-12513
-84843
-2839
-273
70642
4618
32381
11952
-9021
-83796
-45
-712
3141
7239
86162
81518
45150
-3741
83484
844
23184
-28405
82939
30230
-7461
-6472
6079
58522
-9086
-5780
9795
-5062
-33148
-2200
25324
-34423
-163
-30417
-7382
8267
85157
-48972
-37378
-47217
-52143
634
1879
80756
-4766
2737
38542
-86932
-3868
78869
-14365
-40217
62272
20841
39445
-69076
-16242
-9346
-8932
82225
-50096
83962
-9860
-34516
-18216
-3560
17552
-6962
-4355
-1362
1661
-2227
-80853
8386
52206
-83690
85902
-4806
-62018
-2353
83359
27058
-2195
-5450
-5360
4064
-1006
-7993
-5713
9257
3929
-87083
-7334
-13805
-84152
35665
9245
-318
57392
71454
-9661
-4395
50532
-4899
82569
-85441
6509
9282
22037
7204
-4156
10327
73627
35735
22562
72372
-28766
-44313
-20711
64233
-7641
-285
-26783
-685
69795
11223
-49047
5147
-4016
9358
-11542
-6667
-9161
-7651
-5254
5667
-50044
49751
30670
-3077
-3173
-48243
-88182
-13074
-78213
75680
9361
8338
37078
69316
-9752
8067
3265
9669
35111
-83389
-88475
12749
-19478
-23685
14340
-38818
76098
8932
-26756
-1400
1299
21303
10116
-8077
-1700
-55754
-485
-15542
59543
-5276
45652
-5533
53785
53115
5412
-61367
-76843
70427
-84118
-30542
-74242
77453
4473
-9519
70530
-2789
26560
2366
56526
-52547
6105
-78719
6692
-41500
16599
-59246
-13893
-55118
50875
8885
-40223
14985
14968
-65291
-10965
-6669
-27093
-49793
-85262
1197
-59107
8165
33517
24842
8319
84010
-62557
-6566
-79592
-26860
-27338
67228
14451
40985
-3935
8888
-56597
-59100
53749
66652
3256
-11015
877
6281
-32139
73401
19660
-68144
73621
-5560
-8163
77702
52864
59126
34355
79812
-3130
2162
79945
54206
-60808
32501
4412
3168
29956
-2482
-37067
73650
-9014
-66939
-37471
724
79029
13523
-1285
7802
-44378
-6976
5927
2461
-48939
-32582
5451
-31845
9377
-2844
-7600
71084
-60381
-30455
-14765
-42119
17818
-8868
2637
16122
57315
71404
35821
65398
14668
84546
-9321
-78157
36173
-58143
-44445
-5982
81966
-73821
7377
252
-88193
-38095
4519
8365
6038
-9205
80421
-77378
-8104
-88963
51398
-1363
21919
-52153
-40116
38968
7240
-375
89491
6448
8804
-10881
47121
80293
-9515
-72637
144
-6418
-5987
-649
61821
271
-5947
-62196
-47065
-63875
-44991
-4993
-5331
3726
497
-13357
41925
47517
-7032
4914
-16429
-42256
40291
63452
2407
7569
-40592
15418
-48293
-4379
9084
5905
-75208
-89179
-30435
-83531
4494
-22412
-24880
-25172
-4545
9644
5866
-79380
-2304
-44152
-24371
-51625
3916
-44819
-640
-34759
83144
2070
9875
68858
-9766
36121
32087
-74115
-62892
17744
85689
61198
-33832
2391
73542
62204
-50793
56066
4803
-16496
12348
75737
-1341
2103
-30192
-33956
-7403
18452
20470
11235
-4046
-27592
-71058
-33204
5094
3811
12394
19035
85769
4222
-2986
-7430
-28259
-4011
5377
3741
8968
5411
-66858
79548
-579
3949
62153
-3833
79388
80000
2911
5588
-53369
40818
-4133
9395
74153
53234
6628
-5276
-3069
-72844
8005
83642
36738
-62655
4176
-63359
37789
-7269
9134
-24727
2380
9135
8354
-41076
-6297
-10057
-3980
32306
-6429
84130
19405
40202
-6202
-63321
738
51620
-7994
25257
-8738
60722
-7204
-207
52398
70762
114
38640
41117
55645
-8501
54
-39447
-70390
-9814
-7880
57504
-35103
-9615
-64678
62957
8491
87521
-5407
-178
28492
17255
56677
-8926
86877
36644
-7256
66369
34786
-4185
-30287
5655
-6086
39018
-87305
78597
-1228
2346
-11604
1309
70670
158
3939
799
4614
64445
55976
138
19757
3215
57027
355
22104
82502
33307
-6539
40896
6679
83247
-83059
51873
-3800
-88046
-921
-37850
-71434
26595
6603
6516
20134
-9918
86505
50908
-63167
52687
25434
-9533
-4653
9982
-9421
83673
20184
-3134
-15395
-81933
-1680
7609
191
83097
74206
29258
-40
1841
-9
2985
79999
-47934
-15083
27937
78116
830
-7499
-8719
77070
-30228
22906
-49455
6903
445
-60610
-2822
41364
9116
20102
-82874
-9212
19811
1686
25725
6649
3529
-69369
62934
80810
57066
-89662
711
7792
4788
49662
16623
2820
-33629
-70247
-301
50738
6237
3175
-37099
10447
32844
-84224
62594
1571
-76326
58054
-48206
101
25508
3171
39205
-16554
-79486
-29447
-24581
2510
27150
-5430
-3052
-78450
6896
5210
19986
324
12831
-69706
-6384
-9672
18668
-44441
-15248
-443
71886
-83309
-42814
-85135
33525
9963
-5500
-56875
-8855
-61167
-33197
-5200
-8489
-83071
5386
-5640
45391
61680
2363
5937
25492
-31577
104
-1616
-39288
-38038
5585
4972
-76987
-6479
-36548
-17864
33243
59795
-8834
7847
-3600
-26737
-54328
-3682
-5187
-2337
42582
-2367
-80896
-77197
1614
-26765
44070
-1525
219
313
12145
43605
-74833
27126
6799
52862
5026
49427
29031
31358
-54548
-3194
-4155
-9995
70435
2920
1732
-17821
8508
-2206
350
-77587
24028
-41007
-14335
44764
-68392
958
8066
-69620
65849
9733
826
2258
252
-3685
4379
72216
-28698
-9931
45383
72176
83294
-43744
42132
7584
82416
11484
-55
5578
46926
-53899
37566
-15473
-21124
-2655
31709
-1699
69890
402
32429
-268
25315
56517
-3219
-3343
5024
-10795
-8050
-4625
-55983
-7017
17796
5685
-36430
-7636
-51553
85578
18562
-31542
-1213
-18566
-88815
-80627
3952
-19505
74136
54697
3479
-52332
-28403
-65687
-48148
30508
73607
-24863
-5557
4389
32619
-48451
68655
4573
7411
-2574
-31500
72069
-42704
-20139
-4981
80971
-9102
-76399
-32342
-15300
1755
6928
47258
-964
-51
-887
20029
72779
-4217
5732
-10117
49058
66135
4754
7680
33963
58584
86542
36723
37001
65973
-6270
-36484
-69617
69242
60359
-888
3354
79100
67786
71632
1568
-73184
-4671
-19680
84997
-7845
56190
66926
-15313
-664
30496
29832
-59396
56400
-2168
63977
65754
10221
-61983
88551
71824
-344
-3987
-68553
-3631
-5333
-5591
40816
56752
24898
-49233
6717
61627
42920
-9425
-20230
-37525
-27769
7992
-12145
-21205
5689
-34641
3214
-2256
8935
5816
-13647
4028
69901
-2342
5908
44361
87563
1939
-5970
-21249
66375
-6487
-46496
53582
62650
-16757
-45920
71946
-3591
31702
-86486
29836
71610
21290
75320
-29582
2443
-4600
12794
-7046
681
-29884
17804
-3498
46276
6189
-6527
55711
48893
-80075
430
-6240
-75027
68682
-62383
80432
-439
6827
-26054
-66169
-65599
-79870
5171
55432
87766
9315
-56486
4938
-5520
49835
-9540
-3842
55897
17422
78856
1245
-1425
-790
-30380
1347
-9903
5605
3748
-76363
-2003
7079
-5294
-6782
-6546
-15568
-6933
120
89077
57002
-19310
48285
9005
14220
40598
-9490
7791
64660
-67416
-47021
-9460
69673
-61537
61053
52788
67231
77405
8549
-69058
4987
11923
-1563
-67530
85161
-89066
57832
-9783
5175
-8856
50577
14057
4332
-43043
74252
73351
50734
-339
-9356
-9452
-2584
-56946
44721
5820
31758
85049
2048
-85790
-7951
23080
-9357
16953
-12153
-38688
2559
-61272
20064
12766
81273
144
1031
-89788
-9436
-865
6711
81260
-75623
-4518
-19279
8588
2896
-2553
393
-33580
-63314
7757
7933
37910
36018
72013
11409
38640
10248
1701
5356
64539
-7820
62836
83995
-8990
887
11220
-1674
72151
-58885
80420
-2437
-3344
9157
8552
50170
-20356
66415
-9942
38673
-42202
-6829
49974
-2509
-1480
-619
-3246
-9787
-9508
-62766
-14214
-4221
-459
-61478
29544
-63661
944
70232
27206
-87517
2619
-47852
5352
6385
-62423
8756
-84754
5355
29317
4956
17081
-2122
-68410
-7592
7457
-84288
5885
14310
-18740
-63521
-22945
-8811
8548
-35189
-12941
9786
-47217
27321
870
7166
6532
-223
-6218
29061
30681
-22175
-22582
-26850
68180
-80454
-8079
-58757
4920
2577
-6629
3478
36544
-16819
-77875
-6617
66689
-986
-4744
85771
-47735
-6815
-88198
-85514
35851
7552
-35829
44502
-46342
-4219
41577
19501
72669
-13210
7902
3519
-88179
-65186
-9734
2438
6953
60787
42385
-15389
-2923
6699
-7080
-2014
49175
459
66983
1199
-49902
-37079
51547
66204
-80719
-52635
-51098
2265
734
17882
33851
-2076
-3639
-86144
-8298
42307
-38045
-34160
105
-55422
-70969
9209
1718
4100
-8047
7508
9322
4515
31156
2571
5390
-45620
-9813
6488
-19536
-2881
-17170
59254
-5812
2507
83710
32643
17144
-4382
-12733
-4640
18378
7267
-13995
51566
-6336
25770
-7265
41687
-16316
-25034
73092
6914
-51861
-168
8521
1731
-9251
51446
-4981
8959
-3939
-85640
63531
48936
5952
-63189
4985
21251
3981
45162
-9687
-32396
54454
-1459
-20326
-9577
9344
-45375
60605
2190
14289
27860
81908
-89648
9723
68140
-1834
51816
-266
-12935
41404
36603
30445
88255
-63143
45890
-54608
19881
-21661
-3989
81151
-78316
-13152
3769
76593
8166
-9465
-8933
30503
-5584
2590
-44643
6107
48027
-5080
5722
-5304
-77846
55138
-17475
81774
-5145
4536
16729
-29871
-46530
-48338
-85268
-26402
-89296
-5421
-75183
9151
-78565
-62123
-87471
-12185
-53101
-79244
5363
2549
87502
68963
-1754
36154
53542
22603
-33283
-5615
27230
82497
82969
1743
-69374
-69381
-47415
-69402
58597
22871
76521
77225
-33307
70624
44644
40646
-72765
-26656
29453
75001
-5098
5154
-11643
64270
7620
47617
40459
-1806
-2230
-4303
-64178
-12104
14557
-59933
23151
-13664
1211
-21241
6154
13353
-7767
47820
88569
-76270
-346
-10994
-3571
679
-2731
8282
78366
7061
50571
-1466
63796
557
69988
8307
-23937
-15003
35151
30964
70232
7511
85159
-4437
-9222
-2499
-22156
-7576
20958
-64928
43737
-39260
59165
-17326
3655
2100
-933
-50266
77166
-54061
-47632
8255
-9843
-23427
6270
36263
-53023
253
656
-44928
83904
-20905
60920
372
65068
-37494
3970
8001
-4430
24224
-6015
46650
68653
44562
7059
-9752
-446
52834
-32394
88430
-85360
-77270
74625
-75744
-72140
-3196
-7501
-187
-859
-89364
42158
-75091
-7801
36049
59436
-64046
376
-60943
7496
60704
75699
9793
-23909
4637
9930
-82994
67734
-18551
-389
-3106
20194
2314
5740
67922
-6884
1911
23460
32511
-849
88023
38111
26942
-81241
-26356
-2855
53425
79600
29234
16648
-26996
16154
-69824
-72380
-37975
-2315
48051
-74571
9766
45866
-51112
36562
-87424
18326
-7087
-44425
7514
-28993
89185
87399
-40426
-49624
-6426
7086
-7913
-27583
81468
2532
8282
-4975
63147
28317
6895
-9883
-19191
-4566
-499
9440
9571
30058
-25558
-72138
740
-63542
-7054
26924
3552
-748
-4026
-6558
62548
-73816
84563
1425
8809
46494
42339
-26543
-44956
79977
66044
-11843
22916
-21134
30739
-7860
-535
-13337
2781
-310
2047
3667
6574
76508
59234
75157
-15144
57833
-35017
-6697
7325
51243
-27227
-31804
-74779
-63673
84561
14138
88576
-27550
-63522
-56261
29020
6937
62595
-30391
-51360
-36538
8966
-2177
-75
-4144
68025
11849
-32967
28539
-13132
5145
-658
-56269
59651
13921
31093
-52962
-3666
-59630
3143
-5730
-26609
-54318
-886
-358
-88218
-9502
45879
-64195
85052
11674
-822
34763
52841
29824
-44596
67034
78514
-880
-68819
-1528
-81849
-24403
-83492
7603
89307
-82976
19201
-2950
-55402
51790
-20754
-75758
-7495
26074
10831
-3031
-47665
41554
66613
-32188
-6069
66119
-30340
-3794
-6552
-6226
82616
-848
3010
-583
-30474
-12860
-76988
18598
5811
-81517
76072
-35032
-6714
81155
62169
14463
5245
2891
-6493
-68329
843
-16506
-31076
57587
-9376
-1676
7191
22952
3198
4793
-14958
-2817
-61683
6697
9218
5574
80206
-15068
19846
-8896
939
-8578
-4068
-3998
-42755
-76757
80583
47922
-37904
36164
82513
290
-68300
6049
-31007
45334
3673
22873
-27093
-76207
4717
-44634
3977
-52460
-6505
1731
44516
18422
-872
39788
-6006
57368
1940
-20616
-56287
1499
-82
-2725
-87761
4808
73007
-65752
-9052
-44358
-9316
3258
-51040
9635
-8636
-52555
29670
19221
5574
73587
85562
5261
-5294
6797
-6108
-6758
7664
-77192
-7811
24022
31135
46737
59748
18660
29513
-7057
41810
6518
21793
59684
2062
85301
39957
88159
40383
-53612
63313
72950
911
68486
-84892
-6776
1290
-31827
-450
89905
49457
83602
2375
5827
-53248
6934
681
-53589
7453
4382
-45846
-58758
15879
-38502
-55695
-3982
-71914
-5222
-9538
45239
22852
-2890
-60833
9694
9337
-32644
-41214
1631
16896
4801
-6662
35350
37055
41282
14287
17512
53765
8730
-41981
-11011
58815
8841
-26801
9312
41395
36802
-3807
-82995
-83168
55935
-51906
39447
1397
51769
-69841
-86195
5524
45603
29635
-16649
-65976
19611
-7501
1183
20680
-9372
88850
89947
-9468
78184
87006
13656
-16311
-77061
85
-6351
-51639
1646
-7019
-2180
-35682
-89868
358
62181
-78174
31524
13631
-20601
1888
76666
-8549
795
-75128
-29697
633
-74366
60220
-69626
-2863
-1956
83143
73896
-14154
61662
-67470
23165
836
-9970
69738
-1644
24990
13105
-55545
7212
89759
5043
46131
-52850
8342
-81684
52580
5514
-83251
16845
-9133
-20451
-19433
5410
8312
-30780
2811
8502
-6456
24570
5006
6474
-46888
9068
6510
-169
73990
20611
-1638
-80513
7230
-27562
-70066
9431
-8149
17607
-48302
-1965
-25102
-60235
-367
-32981
80301
-3462
-40440
-82314
-53414
9240
-82628
25611
7741
9116
-85452
-5435
-37640
2992
9005
-2734
-59234
-26383
-33420
77229
8747
32109
12597
-57961
19949
-46619
-32812
41109
-19650
-57038
8973
-3192
-5921
78499
-555
-61867
55710
5850
37349
-86538
8724
-2275
64017
-65452
8154
67608
6109
-48392
33662
54872
-5863
-44314
-76138
5301
4540
8003
-17232
7007
-78846
-8032
6183
-70201
-6106
-27489
-75852
-7694
-46052
9240
72114
2850
-56828
65368
77474
-49406
-6484
-19954
-79543
201
81028
-6000
1630
-9846
81702
4026
-2813
23632
-85037
565
29377
577
28600
66237
-73660
-11829
-29401
-33751
814
-89012
52635
5725
-9078
577
8529
13193
-56712
-714
6807
-63792
-48964
3046
9510
-25255
-53706
68163
9414
-35438
-9619
14345
423
-835
66357
9577
-9311
43432
-8388
-15175
-882
-4597
15973
-49411
-802
6601
5546
14811
10679
-50496
72988
5455
48333
-18789
-2214
-65753
4987
-73190
-7218
-41048
-687
-3804
9529
-7274
47675
-3911
6551
-89516
73944
79235
-47847
39305
62519
-2797
-59357
71248
56068
-77000
61400
-13646
9692
-68673
-2223
-42855
32441
-5493
-5021
-72704
79510
2626
51105
76904
41007
31890
9906
-7491
-54483
-466
7088
80489
47395
-18389
47984
56936
-9474
4087
-747
7124
53145
-29010
-54933
-48504
21181
32945
-60919
3913
-9561
12730
-58867
-14204
55974
76238
81982
-65472
8558
79160
4513
-2232
-39433
-342
462
-18415
-70987
-31070
-39822
-67561
617
8290
85228
-30505
-88050
1151
-1362
-50596
-64871
-5571
3816
-46727
-36048
34751
29830
57869
-5126
-16150
-5349
-33833
66657
7742
-67030
10711
85730
-871
-1006
-4535
-194
26910
48637
-57463
3523
-74120
-40319
-26925
-41769
-16900
56392
7279
6172
-28984
-37131
-2543
27164
74516
7892
-40667
-9021
-55787
6380
-1584
14546
-18946
-6317
47669
3506
-57350
-4450
51889
-60306
10786
2433
-85878
4931
61114
-4757
-50143
4422
7319
-77996
-37618
-53411
-25512
8118
74735
-9566
-62214
1908
66337
4508
88591
51884
-48046
-26513
4585
-15859
47407
6338
19517
58447
24094
-4316
24012
-653
25255
-4869
88273
-43293
3159
9682
1190
36093
3767
-33141
-45565
-32901
55603
-6220
75961
79809
-81106
5377
-18232
-4167
-3643
-5344
-86397
70812
70187
-84259
1650
-54717
4585
73711
-31250
1845
-26584
63741
-7721
68821
4114
45667
73517
-22510
-4592
87478
-45614
-3927
2416
6519
8866
3295
63076
-5759
-13331
57508
12437
-8719
695
21180
34052
-66559
48872
48291
18871
-7708
-33300
293
26181
76018
-33800
-5038
-77994
912
-2431
-67236
1490
-27745
-9239
11693
-18364
33953
-16936
71858
-1349
-25497
68660
65815
85294
50079
635
33982
-19830
52163
89247
64780
60046
5302
-8360
3563
-5456
91
5478
53466
-2340
51504
-9748
3055
-5239
25269
5582
23869
86283
-9658
-46582
-73916
61056
-6520
17117
-39980
-21287
-4549
26532
3957
7266
9059
31884
87043
-5717
-4842
-70170
-79227
-5569
-46708
3350
-24307
-7230
-3679
-58515
1183
-6079
230
-84438
799
-16994
5547
-73712
-49
-58596
67943
61629
5470
-8910
9410
-8708
7913
-35457
79985
1501
-247
-63395
1348
53015
77608
1934
64767
7450
82764
-2455
69560
-54295
-9363
7343
-25977
3670
50286
29162
186
-530
-40111
26887
11600
-21545
-1123
9325
3033
-58861
-868
-5330
-3804
21963
28171
-8740
64077
54839
-18895
54839
4176
-36820
1185
-12583
-89747
8491
-812
38049
-50415
8695
-461
-62836
86739
-222
-21705
63533
-13957
-58374
-38738
-89579
-46924
84166
-58745
50383
7929
9159
5035
-40149
-27125
65259
3112
-3383
3502
-56080
-64073
-21198
37427
-3328
-3374
4765
-73157
52721
22530
14114
59116
6945
1740
-26011
-5683
89297
78785
80968
4969
-9226
54996
71043
-56286
-26401
75353
-87992
-900
-40970
-972
35957
80629
27101
-7286
1323
39022
9462
82201
547
-9803
-64771
53669
-9555
60828
61365
45706
-2650
-9639
-725
66948
-60832
-8775
49105
-77195
71765
-38338
68145
3669
935
2552
-5185
-31785
56908
-2851
-81999
-2870
8414
2041
-29209
55535
69564
-2577
-1452
-3949
7650
-22383
-8508
83773
420
-3020
4639
524
64978
9542
8621
59056
-4962
-1813
2169
13800
20308
-150
39540
-36871
5066
9364
-36773
-88306
-86817
1494
-52156
-17884
-71971
5854
667
-36377
52360
72950
9003
55749
32852
-11076
-46316
6059
19666
16553
-30750
-2199
-63261
71
57749
-2714
23923
-7811
-32598
-44
-30392
-71827
72675
-57775
-29818
-6814
69932
-74350
-57648
41638
-2102
4052
21707
50410
-55023
9244
47877
-8066
-2485
-9351
-89049
-822
-1982
83301
-77163
-8129
67894
70557
-22810
-1151
53092
83628
65523
-6330
8155
-1529
11702
-29983
-47763
72589
6855
-37043
-86078
4460
59298
70986
-4570
-37221
-11250
34159
4573
63670
-4540
-86008
-9197
6985
4246
-3366
1285
-9876
30611
79907
11921
-36150
32329
75422
495
-87198
-4324
6485
24727
43577
-75137
-88110
-70831
78930
-17125
9678
-9545
-4342
-329
-1546
9317
7383
14452
79175
54601
31728
-78288
8045
27906
3497
44563
-67032
43373
2511
65230
-2647
52560
-7427
2226
-463
67517
-9632
-33560
5432
1607
-2258
7066
-46245
-61980
-88626
-48481
57595
-45360
-6618
-88811
9096
86891
-27726
8460
-68379
-26272
85326
-9942
12641
-5851
8408
-1646
-54759
-4101
1674
-39870
20762
67633
1425
9950
-21062
-29082
-1649
769
-12700
74794
20914
-14318
80425
8079
-8941
5243
-77446
-5175
65917
-74914
-9933
-88817
-2652
-49347
8660
5012
-8029
6669
-3908
-35816
-5464
-39782
23086
9670
-12999
-59796
-8017
-45
-46403
8661
671
-15625
30202
39714
41859
6787
8934
73952
75422
-48894
603
-51609
65619
4046
-64052
2473
-72626
89189
82592
14828
2080
3499
-53072
9216
82044
38090
-3666
3091
1766
22270
-61778
-21332
8192
-81994
-6858
7065
-50077
-78750
-50292
-9120
-24340
-9510
-1706
88238
-86180
-6814
-5068
3150
9329
28193
-7224
2117
40896
2794
-1657
9339
-6806
-75501
-3822
-6264
-19449
7420
-2873
-8257
-78193
974
-83225
29421
7156
18582
4568
-9888
-7461
5836
26942
7160
-14874
-1211
-29229
-52866
45722
-1836
-7440
31787
43506
10351
-30912
-46391
-69231
-31994
-43708
58288
-8765
7573
-3274
-23632
-59680
70230
-55808
-12255
6053
-3895
-78424
2408
-3043
-60987
-341
55130
-607
65194
28796
87657
-68578
9683
3260
5791
-54066
-27690
-6557
-17338
-84011
1823
5318
8552
-5513
21383
39430
4046
-24227
55940
65590
-88042
58257
58778
-84236
-77768
8224
-83310
83222
-51801
3175
-2392
-48648
21655
47685
-74673
-8164
78771
82315
9977
30979
-19813
-62735
-33336
28016
1818
3333
-5202
58425
-49358
48313
44614
-9649
-58789
-5263
7816
25625
31001
19507
-42282
5752
15035
76848
-15752
-25522
9122
88319
-5581
-72926
12748
29654
2519
-33486
65528
2535
-9266
-3288
-22907
61865
-17757
-7528
-23920
-53081
6340
86175
2328
8275
9198
-21494
-5881
-87699
-33911
7609
4396
4068
-56778
-10291
73147
-6925
4872
6296
-88448
7323
-7472
-25132
13650
-55548
5546
89824
46933
-80820
2475
200
-6482
-13002
74124
-54586
-21875
-46422
16129
46557
80941
4162
383
78328
-58337
-9993
-1852
-9019
-4576
-42416
-2608
62998
-4156
58103
6506
32834
6947
80171
-3094
60963
-18238
65640
-74656
65432
25113
-19392
-11225
-30652
-55282
14697
3132
-10751
-9559
361
-62715
-4691
-68649
86624
-7049
-5495
-39690
8757
-1679
6604
-75647
-8615
77003
-5706
4365
48762
28800
6947
-31828
3163
2314
67951
-77216
-89653
-21224
-82419
58447
2049
-73706
8574
-6809
6919
-3838
81517
-6378
-45125
42575
82764
-27611
39202
-8030
-30276
8673
-362
67093
-4375
-8758
2596
64436
72621
-6184
-76749
-7400
32282
13451
5538
-1169
5580
59309
-11508
-16718
46273
-44571
-9430
66245
10706
-4955
27475
-10664
-1070
26259
-64818
72825
-3997
68658
39881
26162
-42432
37436
-2786
-58
-56162
59590
-69998
-446
-26718
18825
-20372
-11778
48198
-72613
283
-3129
5969
62069
-14416
-8004
-60236
-1834
-675
73997
-610
-95
7146
83462
-63983
-37098
4943
62669
8432
4101
50234
72868
83985
-77708
-6062
15573
60292
-365
80204
7647
46377
-58208
4301
-85248
27
-9947
4421
-26639
1159
-6313
85120
-52661
72616
130
-77636
2315
-2395
420
-60689
-64942
9527
-71509
-43403
8343
-43490
46405
-26187
-13196
-81425
-65478
34233
-8386
-22998
-2711
-38920
22580
8584
2770
8761
5376
85921
85695
-4047
33628
33829
63466
47447
-5065
4631
-80294
-50886
-32030
-89272
-5710
32257
-57165
-74260
10835
7818
-5803
71390
4308
75182
2226
2260
-5163
-53355
5582
66343
2246
-13574
-46357
-7709
-7869
-89946
6075
49954
-21
16562
-71075
2504
5822
36537
-81075
-63964
11522
-44059
-34022
-34259
1447
9151
85971
-20798
938
-2558
-88657
-36231
-375
73052
-47788
-58031
40945
-6503
5608
55173
57622
71904
-5180
82608
-66566
43603
21759
4308
21196
-10518
6354
-5742
7065
31465
4575
4824
-123
12400
880
14950
-29826
-9678
13172
9205
-3051
-7112
72887
-58751
6092
-29778
71236
-41281
73726
-4341
-85327
41327
13387
37979
1430
-3020
-3911
7467
-1162
78204
-35568
40958
-8574
89677
-66704
1730
-22606
-4813
-57813
7608
-33623
6361
37545
-6898
2116
-1048
75
-68356
326
-49168
-1737
62011
15229
7830
6291
-5154
-62723
2013
24674
8413
29184
1722
14250
66246
18837
20012
-56289
55679
-4249
-608
-63160
9021
60350
-22864
-68143
-7331
-64889
-20976
54400
404
-7498
-22642
1772
87859
76900
59374
28432
-6149
-29313
44343
89919
-16448
22121
26347
8466
-9746
-7067
-61807
-6142
81252
-7245
-53
-2412
-57185
-76811
-14299
3757
-47688
-76826
1974
-21969
37167
-1659
-2496
-29678
-43183
2605
-5005
865
13308
9160
-53921
44296
-27481
17102
-7257
-23766
53647
-47769
-46195
-65
23607
49707
-7355
-3887
5585
-46954
997
-47935
49986
8856
-595
-63813
-5591
822
-37
1277
-67538
9821
-48266
75147
-68984
-8205
-5499
79372
-9658
44256
17360
2456
-20625
-28599
536
70452
-31753
-80297
-81700
-77437
-5756
48062
52405
9415
9681
-823
-83971
-67546
-9637
-41035
-15188
-4100
38712
4695
12049
81164
69129
-78644
7204
5443
1637
-15915
-3697
-8962
11733
14374
46051
-81753
2412
-30560
-9592
-89276
-89607
-21760
20660
-49268
9591
-1450
8472
-19218
-7247
1670
-399
17484
-1660
-9528
4296
74622
49916
-9323
7761
17194
-72427
2104
8198
52053
13703
20025
2417
-24746
-75504
-233
24772
40587
62838
-7809
75044
5940
8376
-1162
-15575
-3634
-4935
4875
-570
50746
-80731
58161
-1499
1233
3387
3845
-73123
-30015
6894
69572
18422
-46550
56191
2473
-5225
-49568
-3640
-39927
-19866
30005
23005
-6538
-9913
-3379
-3998
-3998
-5175
-4002
18250
-8657
-787
-3309
8222
-41123
51881
9361
-20432
-86070
-41956
-83392
57884
-62337
28641
8647
-56358
19411
2265
67392
-77981
-6925
1079
8486
4579
44053
74629
2784
56621
-41311
-83727
-3786
-22637
-7139
4265
58611
8367
-31777
6998
-9855
2802
-64250
-88223
69880
77192
41611
61702
-22883
62897
-78633
-5830
38990
7463
2089
31001
-25786
-62358
-28065
-61262
-3293
38962
-81388
-61307
-67370
5976
-77314
-73728
79220
-3360
81302
2559
51503
175
32534
29049
-7300
45313
-21830
3336
-34804
-7942
938
88149
-77063
-5424
5223
-20257
20932
-3586
-3745
30996
-6383
74425
3914
-3571
12127
-4685
1635
-24236
-84664
71560
76523
7722
-2505
41308
-62345
-23508
67832
2447
9478
78395
-26789
3598
8676
45215
-6342
-37157
-44850
-5333
84952
720
7105
-5372
8999
-134
2517
3103
61621
-8231
582
21596
1625
-8076
30944
5049
-9039
16953
-8418
-12183
-24728
48562
9468
7439
-41161
-64705
-30189
58091
53466
17065
33462
989
-55339
4098
56784
47458
-53878
-563
65828
72199
-41118
-42999
-9054
5893
47711
-7993
42021
-74441
65440
-184
-55618
6619
-56719
-78258
11407
-87032
-15456
-3624
-74365
-2338
512
-45997
69894
7990
1586
-75601
-9290
34618
6485
-5670
-2074
9870
-23033
34286
10107
-42147
-57143
-7689
-6225
6592
-58805
-38774
-9597
89712
-67900
1907
-15760
-10910
-38030
-1591
-2273
-62374
-4385
31453
-31404
-21563
-3267
-20925
7040
-19978
-35999
-1105
46300
17060
-4347
-8044
-32015
60903
-1197
25113
-89461
-83475
4008
167
2342
18517
74135
-5171
-2876
75455
-22405
-1632
-9964
-9196
2105
22213
11925
-82295
-49094
40539
911
901
52708
-18406
67959
76840
-4833
-63488
-7081
42931
73377
-9287
9538
-8346
5759
-4069
-38445
68502
7284
-5183
2683
3702
-45040
78386
-81691
649
-32419
16749
-5157
-82002
11915
-19832
-2447
8969
-2555
-6437
4007
86325
14654
8748
1744
-47189
-902
89042
42782
14818
84331
-75247
-23248
53261
-74869
-4731
27738
-7980
-669
-42692
57912
64110
-73898
37894
85426
-2957
-66871
3268
-65826
-49081
-20302
-14485
-518
-73014
-9304
-1602
7430
-35513
-36606
-3249
-57319
-2727
20997
-47005
84050
24932
-5952
4242
-7772
69692
-6768
22942
-2119
9984
45347
1921
-2057
-36943
304
83453
81593
2556
-57315
4270
70
77832
86068
9334
-9288
-12936
414
9129
-9666
65975
43713
-29345
13321
60881
71092
23407
-4308
7808
9040
-40367
71369
970
-40767
499
-3732
37654
-81329
87870
-62837
-5672
-52896
-72625
-82861
-8875
-61893
-27759
13470
4620
75587
4097
-38939
-15407
31052
-11582
1048
78500
-3422
5003
-73262
-67643
-56863
29570
-41345
6696
-3928
-7730
26480
68484
-6177
708
26326
-18994
7468
-60233
-4716
-53094
-40271
-84632
-1795
14195
-21591
-51610
4776
-3082
19640
16253
-48976
-11
-453
9641
40582
8102
-944
-14431
-5252
7109
40070
-21890
-8422
6688
1601
-23701
-31388
-66979
-27796
-1679
-2329
-75789
19130
5376
32533
-30834
-59012
678
82105
31511
69340
49526
827
44029
89547
48440
-85584
70421
4277
8965
2178
84759
39499
-6119
434
-22999
-1533
-69821
-43752
-2176
-9191
14999
9845
1472
-68980
-4246
62196
73721
-2122
-2795
9915
14751
48124
-5695
-48974
9499
1118
57685
645
46191
1433
22965
-11198
-37163
47991
-22324
78634
-64868
9201
-57441
30778
56132
-69203
-55771
17748
4194
-43069
-38878
-84819
2440
-7458
-28267
-40274
25539
-5578
1430
76799
17234
-5333
-12454
-3139
79713
-965
6958
-53806
-55410
65136
-5288
-5427
672
-739
-3624
1946
8333
6682
44438
-6445
13422
78070
-42800
-64986
6177
-5940
2323
7799
75914
52890
183
3287
-19926
4484
-80318
48686
37479
-27890
18414
-88286
-50681
480
-3061
7285
-4556
42638
1894
-9956
16165
-9397
52649
-7943
-4866
-82604
3679
-77201
-65147
-77903
45820
-4525
-31079
31893
-65880
49699
21971
968
-20622
-80486
63057
-2090
-4258
-58753
-77302
32158
3760
-60623
-5509
72039
-27892
7123
-7994
-27966
-19321
-1715
-4261
-8368
52897
8937
1720
75901
87853
24183
1396
65597
-5853
8926
56956
61144
-8083
314
2285
-9837
-4637
-11145
57362
2482
-293
2727
5258
-75913
-879
6192
-7691
205
-36732
8175
-5356
-11910
23316
-2242
-19543
25593
64481
550
18267
-8257
12406
-80508
-20471
-44788
28760
-3749
7954
3549
73447
11709
-74225
-8719
-41880
54968
33073
-32903
-48807
89049
-24626
-81314
-167
82569
-83281
-4510
-6314
-9492
2325
-56253
20456
-26699
2476
26720
8004
-66254
-8235
-86089
-7974
-7030
-52953
-21464
-3281
-1637
-1026
18209
22951
-558
-1409
69024
5956
-88393
2542
25398
-76041
-68520
9963
-18019
-1785
-28357
-48633
-68801
-66210
83436
2176
-18445
-1267
-71210
35584
-73823
-7881
625
-1450
-43968
-6772
23291
-78773
-56651
81057
5236
-9451
51959
-34408
11363
3009
55485
-9348
40686
-14172
-47950
-6653
-41971
-87420
-61787
22081
10496
-74822
-154
-81494
54314
-9711
9846
67859
-3778
81320
-4431
-81271
-8373
-9281
60463
2845
-3659
5442
7345
21343
819
-4720
-1235
-7536
63312
89397
-38181
63194
-8459
30733
5114
-6207
-915
-3845
-83252
40170
-5528
-1705
7122
-5101
-41440
-17956
-7890
-73550
65819
85977
-63661
-43482
-9890
-4165
-77835
-6880
-36195
-75676
-73695
-8558
-75954
-6695
-16473
-1965
-15638
84747
-50445
828
7172
40610
-16253
-59166
45371
-5644
-5076
51936
-60686
5159
-2005
44375
5802
5499
-36761
-7820
1038
28797
-70872
7747
-2881
-47506
-69738
-44732
9623
64707
7651
-27034
-26899
36413
42351
-72164
4352
3593
74934
-68304
67716
19104
7112
8307
617
-7436
-9554
249
-9711
-8531
30940
26524
-2017
1263
6666
3013
71552
-1662
-74855
-24461
62996
39829
-69710
9072
-41912
59215
61884
68182
-56969
-4246
62257
-7292
14079
27997
56035
15906
-44090
-857
40986
-6395
8951
18013
35765
-63829
6329
-39338
-3290
44151
-9417
-69993
33630
-1856
5816
27986
15979
8081
-21522
69574
28851
497
73777
73792
1470
2081
-3253
-43585
43179
-4741
57047
8558
-18622
-23322
9833
3851
-67757
69854
-1883
8285
79522
881
-3601
2871
9322
86748
-56809
2115
7041
-1964
23799
-23637
249
-44100
-2709
-1798
2294
-68999
-3810
-25731
31767
-35640
6313
-25188
8777
-22356
-5756
-63278
45013
34244
84896
9093
33649
-7738
-37810
-45200
15468
38485
49188
27543
8924
7466
9316
5102
62317
-59194
-79312
-3584
6068
1330
-67596
8498
-8837
892
-3600
55040
-37760
21179
-53028
-9232
-8537
-84818
30451
3115
81755
-23618
-70494
3664
-578
-700
-71333
41175
-57324
38210
79386
51699
-80353
7218
-31618
-2684
47369
-71002
58008
1254
75605
-31848
-72465
43964
-23844
2597
-31643
358
-3438
-33079
332
3028
51332
41263
-411
-86642
8227
7531
-1515
-873
5381
42419
-84681
9507
-16957
-87097
-10620
-32595
-63139
1069
-33242
2767
-3212
-9055
2411
-9361
61433
-82602
-54364
2739
-47527
-8474
-80196
65435
-58905
-20112
-4097
7575
-4830
-81553
-61637
282
-37739
9909
5497
-65180
-1684
8289
8436
-62376
8710
24234
4600
-24663
-3608
-36041
-16657
-13531
-50901
-51611
-62272
70540
-44878
-9893
49452
24819
205
-48439
-85220
-8197
7139
-35220
61451
79352
-15538
-7913
54145
-51921
37942
66880
15273
-11273
-61250
-41127
-6510
35982
47
41961
-470
-23249
64839
-73436
84286
947
-7930
7431
85116
-6374
6452
-76380
-52350
44287
34315
-1287
70054
2099
2364
487
85518
-78217
-18451
-3818
-6016
5092
-1593
47066
-36269
7532
-54761
5781
45103
6462
19024
-57194
-50990
4057
69080
6144
59789
8058
-23559
8201
7531
-27499
61707
29138
-62274
31051
26938
-1375
-69918
-79050
1786
-5846
-10516
5646
-9022
-38520
-2496
-7972
9501
-22806
-5969
-76062
-59195
-23916
-75802
4194
-48425
-41218
-4343
-3152
-35482
4069
71871
67611
5031
-643
44270
-403
65887
-47370
27193
-46086
3358
7269
70566
-67168
8987
-4715
1269
21530
6511
-4647
-13403
60093
-89919
4580
3018
-2875
79261
-11644
986
-2204
-63485
18164
74010
-86366
-5659
433
-6475
85572
-23868
-3764
-28400
27175
89917
-2827
-724
1574
5784
64559
-8225
84892
83824
3101
-6806
-17718
42055
2612
-21516
1367
6242
-31292
5286
155
-8149
-1757
-37350
-88370
9624
-81525
18748
-7559
18686
-7417
-59582
23497
57151
-87193
-31854
33445
-39293
61844
-65464
-254
-25492
74155
2273
21442
1558
-5787
-8681
76341
-9171
68938
9686
14983
-2751
-47724
4646
-50012
400
87893
-7297
2968
533
-48154
-2770
-8738
1845
20399
-19977
-8179
86695
-789
-82113
82429
78048
-3003
83642
-73036
82385
72954
2046
59500
5452
8902
8902
-26343
64832
-25232
-3485
40897
-24992
-3440
-57724
-59744
69643
63341
-88797
-62878
17707
-33765
-62446
-75900
-9415
62266
8721
-8279
2729
-36304
935
-29054
-61212
-5755
2433
5770
3175
279
389
52769
-46478
-2946
4840
-61147
-173
-2296
-84150
-1902
4126
68510
78986
-86456
-3959
-7648
1268
88562
4502
951
29568
4135
-42462
60292
-8078
-23346
88426
2701
12434
-65322
-82262
-83190
5733
-2229
6004
49712
-56044
-81974
-9950
52972
-1771
27387
7528
86248
40342
-3995
-32524
-13707
40668
-54723
-2925
-16249
5629
-1544
-8486
73316
80602
22285
28452
-40968
-8482
7192
-18178
-23479
-81
3243
6413
2915
-5582
61343
873
-29674
-17009
8080
51966
-4601
-39393
28943
-71875
9336
27201
85598
-46693
-5484
12197
-54323
3537
-87532
-56909
5836
809
5489
-7510
-5992
63256
-5898
47483
9005
1422
-4825
57953
8965
-895
47768
-9326
69726
86334
52593
61799
538
20774
-38864
-997
50095
-70945
9666
7618
59006
46315
-50975
-70019
80869
-17701
-3721
7199
19708
-14230
39151
-11266
7424
-29825
-43284
13706
13878
-58662
-15172
-54703
5306
-4177
79668
-5677
70394
-45425
-79806
-9294
329
-3781
82443
3867
-5552
35869
56393
6206
-5754
28044
-511
6268
-75705
74380
-37874
-6211
-7056
-3650
66447
-2691
81392
7538
-39659
-42880
6531
-9318
-7348
52929
627
-14496
-4443
3643
-85099
3534
23609
-160
-51006
-10064
-68566
-8944
49819
-66826
5035
41004
26362
-8313
9045
-9266
-78564
-9485
-2267
6887
-355
-77438
-41439
-8469
36842
8451
6223
-85241
-40325
-760
89101
9364
14897
43901
-49210
-89799
17
-80100
-3168
-657
22000
49545
23181
-5520
66839
2791
48638
56515
-51034
4341
-8681
76324
35936
32926
19236
18264
88043
8886
4699
-40686
-71584
-5042
-2583
14169
-5801
26641
-3774
65291
-1170
-7641
55478
9124
4922
32378
3221
26359
-20199
-31880
-5958
27738
88807
-81678
-2522
-61005
-50878
-39648
43709
-21109
-9445
2371
-16531
8761
68908
-22912
27968
-5420
7777
-41617
54069
-38325
82194
-43161
4883
34474
63046
8899
-47172
-78487
7133
88533
-4083
-2909
-85427
-81605
41845
51518
-30498
6049
53591
-35987
67080
3268
-78600
48513
-34102
2337
72695
40073
-8308
-6191
-71227
-80519
-38419
-66736
-74225
-30876
8219
-8887
-86848
-40719
-55569
55858
8453
-8388
47735
-6303
-8953
-1281
-89229
-9190
-79283
-4183
9779
19210
-59319
83092
1470
-1223
-53440
45078
16127
-2904
-728
-40065
-7423
-73406
5226
13141
13535
-47836
-58649
6675
83105
43678
-67242
-1673
-4498
-12244
-6843
63777
2892
3109
4604
-36100
-5902
-6215
77288
-6674
-999
84544
-10003
-31367
9042
6162
-6100
34299
63283
-9121
-56611
28506
46624
-51740
2742
44370
-86031
29426
-79903
-8436
122
846
59397
72822
-30069
31543
35989
6545
15932
949
4911
79745
46909
-73877
54028
66517
-10250
3707
70446
74818
-67354
-58476
25894
-23197
-21055
47735
77845
13474
-47324
3744
12454
-2316
13300
40055
8978
65042
60432
13905
-7775
52678
44895
24111
-968
77013
57288
47509
-63383
-42953
-7033
-84835
-73571
-21793
-4948
-79282
5061
8356
508
58606
-37292
1260
69770
888
87068
-72227
60228
4057
2116
-57738
8166
79251
-41924
55079
-28751
7843
4493
-83825
75883
11506
9428
-5234
-43054
7816
-2390
62058
6914
-10415
17051
48391
79277
-1219
53728
37822
-32707
25331
16210
89767
-87413
7111
-6689
5788
2793
-4353
-166
-28822
85870
37834
7754
-40788
3116
39737
30103
-1595
-27941
-7962
70631
-7702
-1427
-3330
4000
-5025
-51056
-85183
-18636
46132
52247
2389
-20202
9334
71118
-84909
-7252
-7384
398
-9697
4415
-10031
-54818
-3399
-2165
6294
74752
4149
4638
23666
82135
-8535
3810
8181
-63207
-84152
23951
-5548
45949
5494
-27282
-62952
25419
-24752
-50853
40089
45859
28570
-87311
-16586
66323
17517
-71871
19582
-9927
-9169
-10610
-6588
3178
4921
3903
85856
-4373
85133
-9111
-8939
2190
-20951
-2959
3780
-2715
-60275
2154
2412
36976
-86838
86215
-18183
-1225
38294
-70600
-3287
7804
12901
-28521
-33758
84604
7939
-23584
16926
16421
39896
-12617
60080
-48797
40339
-729
3104
1257
-38656
45098
-54125
4042
-3576
8865
73904
7175
5318
-1937
29446
7055
39213
25875
-29430
-208
-72253
7045
61315
58777
-27574
-6410
13875
1275
-84721
68866
-77620
388
-12081
-57128
-28828
-70115
3879
-41636
56734
59377
-84013
9824
83242
46490
-66673
819
4089
-42899
12598
18894
65758
-63093
-283
5332
-1540
-44070
-11150
17808
-7924
-3914
-42239
-21397
694
-80
4101
79089
-8908
19811
-14217
-2987
3435
82715
-1925
-3953
-16333
-50281
-64792
-263
49524
9454
-26116
-7076
-3258
16828
-4215
61318
37033
81797
-45227
-17902
-9505
73035
65848
-26595
-75482
310
-32167
-50821
-8434
-4166
2143
-65608
6179
-66621
4749
-4660
-27834
185
-12551
-71080
-89945
-41261
4914
-9457
-60565
-28492
-2622
8293
4271
-225
-14621
-68837
-8236
21556
20633
-58657
-57025
-149
14264
7874
77373
-51737
-62265
8898
9021
-6073
58587
78783
4234
-2193
-9599
89776
-38337
-9587
-13024
-271
80335
-670
-5953
13257
8115
65223
89992
-955
68096
12374
-2368
1093
63433
-8023
-9750
-81614
-7254
52814
9036
15768
-2197
3513
-43395
-8113
5513
-10918
46882
71039
-15939
-30566
7707
24954
4941
-5394
67267
89162
-8567
5871
63497
-5462
3495
-74600
81709
1030
-27642
-73939
-26179
6674
-58700
-28841
-4855
79650
-8821
-3074
-476
-87756
18557
-7359
-18824
-3309
-2820
88802
54225
-81972
5089
55308
41830
-36664
-4848
-3225
-71860
2385
60842
55352
-4954
80297
10307
-8215
6980
-1795
3159
-13327
51666
-7084
-77404
-26846
-26432
39310
-28146
-17572
-106
-8275
41441
12156
48090
66625
75160
183
15454
74254
-45672
-14770
-53717
-74789
-14362
-45522
3858
18846
43481
31554
8413
-83118
7988
29764
28567
89668
24521
-23660
-75176
-69640
34038
3293
-88663
-12795
-80758
-5545
-8908
-87772
1298
-43858
-3046
-43498
66617
77929
-15285
-6079
-83835
5011
44177
-37788
-7496
4979
67980
44263
49430
-49082
8306
6248
-76569
-4592
-35388
-6775
-54319
52858
-37194
16332
-15712
2142
-672
-16713
-645
-1771
3001
-72261
1867
-28675
-4999
-55346
5556
-31242
4730
-17699
-60381
-29174
-2110
-58309
-32416
-45771
3747
909
44693
30558
35556
-13449
-4262
-54183
-6782
7445
-1210
25120
65167
-8963
57574
-19535
-3672
-44229
67869
-12146
-7116
-35446
-7474
760
30756
-5127
46424
-498
58806
5626
80942
4740
-88023
89193
3030
-9586
-40667
-69692
4279
-37387
-48072
89493
76708
-414
65396
7523
27523
54894
24061
-80536
-43618
3985
43194
-16949
-36510
4868
2664
76135
-23702
2817
-5634
-24309
373
29911
53644
-8236
4267
-32619
41572
-9272
61
-4657
-29973
76903
4828
22121
-13029
-3900
57097
-2883
1329
-13261
-6191
43836
34571
3637
-4751
68884
-75343
-7878
39356
-34378
-780
7073
-82159
-29939
61089
-83574
-50621
11804
67682
134
-64071
74956
-13131
11984
6865
79214
-7448
54230
70856
-69230
-77940
83100
-4517
-78657
-61033
-9582
50946
24353
-35605
59157
-7598
39
-61812
-31429
-11765
-381
-85929
-899
-20132
22127
887
-6821
-58
15435
-20650
77017
-28951
8656
-6376
-86456
-167
7270
18181
15397
37627
30120
-5491
3634
71966
-66019
7760
54084
86700
-84240
-81666
-28062
1332
-5378
-42016
-65656
-21692
60837
11176
-88890
8924
67505
39822
86519
-4115
-4570
51614
-44773
-79695
-39418
-52309
-4477
3220
4759
36824
5276
1237
19552
3538
56480
87601
-9860
8971
48467
68334
63455
-3789
-72195
4606
-4468
73875
6092
-8405
42110
-3155
71744
23713
86164
-9339
-4146
791
-51317
-4523
9605
-8792
5463
43195
-61737
-11395
-74141
-37149
-89701
2707
-84987
19210
-12057
48112
-25364
-70452
31496
-15749
-9233
10099
-1438
-8109
-62812
-7865
57102
-34014
8279
-963
-1833
-66528
9403
1387
-16613
-52498
8624
-738
-80083
-1043
6809
75064
12235
42572
-33285
3732
55561
89792
-6954
39059
68774
-4102
24630
-77136
-7170
-80327
88921
3185
-52195
79264
-6990
49890
-76151
-6141
-303
2799
-31372
-3910
-62723
3697
34763
-60730
-53197
-2881
55280
-16046
84520
22514
6160
-21897
71551
7409
1332
9384
4179
-34992
836
-57250
24449
8000
13190
878
78452
-84768
84494
-86149
-68229
-72027
31656
63500
-36479
-13676
15919
45287
56585
67570
85054
-8852
-1294
87560
-9566
-79005
8418
-52792
43555
8600
44533
84375
-928
1928
-3349
-88375
6887
-50593
37452
-69059
-52891
32443
18754
40793
-47599
12382
-7145
-3315
5340
16930
-14182
55090
-84573
-66314
-3685
20745
39735
-37011
-16633
-7026
-65741
-44666
-86466
76858
-6149
-4305
-921
-31107
8290
-9901
-7222
15324
-86315
-25431
-36938
-81662
54692
74136
-60348
-18029
-8478
-38351
-75400
9019
-8987
4553
35663
-30288
4605
8113
23106
-4295
64941
-47319
-55545
17989
-85579
82947
-49648
1790
11890
-86713
-41124
49123
-10708
65276
814
7292
-26228
6417
-67770
8018
-31356
16382
-15314
1879
233
8986
89248
1120
-87729
923
-28183
78569
9554
-2361
30727
-48663
1916
2678
7435
31526
-50362
-35360
82736
68721
-18216
23994
2239
-25113
-36994
-10758
-89394
-26184
59611
7790
-19814
-79975
-8755
83268
26476
-78380
-8949
-313
-24095
82560
-24167
-7314
32834
486
-410
-66528
5507
1219
-46217
-5345
-83837
36175
38003
-5702
-61884
723
2062
-62357
-77492
35911
-2010
-52749
-13611
79848
85004
-86782
-42120
-81492
-11150
8571
-84932
48404
8021
-2197
49913
6469
613
-81
-63508
74695
2592
10386
4842
15541
54493
324
3213
18541
-3685
12498
36644
-84965
66444
-5660
-86728
-43107
52995
-36097
205
-15434
-8032
-13257
65596
10000
36068
-33400
-15427
6767
2149
-3211
-75277
-81956
29073
-14190
570
51845
4481
71229
51863
50369
3482
36174
-4553
-87595
19045
-44498
-45696
257
54120
-381
8803
-30441
-9432
-227
-2260
21
-88347
-64741
18934
77351
3323
-1813
376
18644
8040
-81491
-2551
36862
397
87496
927
-7938
58087
-2543
-81978
5209
-3744
-6989
27623
32417
-5144
411
-86643
-3646
88741
89772
-80955
2286
-50228
-4285
-6327
27492
2985
56595
-71785
-34164
864
-73224
-21834
4221
36664
2019
5178
-4116
-11282
-87960
51372
-12
47885
-43065
497
42245
80572
-52742
9988
-12583
-9661
20822
89786
59230
9660
-2512
81319
-27264
5690
4929
-86830
28240
-7698
54985
-80473
6733
9303
4396
64357
63422
21448
6482
-128
67416
-72359
-13822
51243
60447
-45762
28835
-41104
55535
71133
1167
13269
-27971
2389
-48504
6580
-5144
82558
51661
82387
-69602
9569
8965
-42987
-84539
-8563
-9077
25119
556
64589
20025
-3989
1286
79851
-29684
-72771
-7187
65099
43182
-79528
53736
-82266
-4836
49479
-87501
8955
-55930
-22902
-3452
66435
626
2007
40495
87398
-6291
255
32956
-53916
65906
2238
1705
-29949
74394
-4178
45801
-1230
62680
-26940
-6631
-3969
-53668
-75432
-1653
662
-5210
-16634
4966
6080
60040
-28743
74586
-47300
-64799
-6119
-7809
-553
7408
-40195
70991
-32365
49310
73730
10560
88188
-3142
-69292
-4432
-43294
4144
-58863
-52734
-56184
-3582
-55759
-33592
8601
5816
-9719
7415
7273
24750
81671
-3413
-5355
85146
81868
-1401
32595
7015
-47561
-5532
-59521
-47563
-61045
-61476
18973
-43063
-80129
1861
991
62762
7637
7307
-50607
35188
-83247
67358
-8783
62760
89788
6970
2505
7600
-3973
58654
71198
-62939
-3315
-32049
5217
3617
71945
72443
-34925
6641
-9980
-89136
90
-4028
-8367
44029
8672
29936
-20671
42454
-82870
5863
-19727
-78972
46281
4693
2703
39245
-1829
8414
1090
-2038
-869
5439
-88066
-81218
-7513
3549
-5168
-5663
1100
6664
-6396
36622
87854
-66828
-65546
77199
-78028
-44807
-6338
-2352
-49458
7787
-4300
49914
9464
76542
68917
-18871
-1072
51787
-31565
77724
44725
-2905
-77492
-64201
9075
-17708
-349
63491
19091
72641
9429
57008
42825
-3068
-6780
-10358
-7262
60381
-78797
44312
-76316
-52462
67017
-84454
-34504
46682
21017
-87678
-9503
1888
-1477
-36437
4304
-25231
4923
4082
33383
-9946
-22452
34309
4648
-30340
-46007
-1755
70690
-9503
71149
-32500
-31469
-4239
79352
5129
-958
56296
-5634
47798
-40496
8711
85006
16822
18332
-9359
-2209
-30670
-2216
-38412
-3765
28576
66539
-2328
-15165
8828
40918
4689
-828
-7724
-86661
524
-3403
-9196
82570
7349
75927
40348
5466
-40312
-55333
-43378
3154
16778
60050
-5965
5166
3620
26949
10884
-8426
79200
45332
69866
-9438
3918
26302
18182
-24438
538
6691
1728
-75934
-89474
-25843
1076
1668
35376
5586
-76506
-776
-51875
503
-61467
-9618
-43651
-915
654
-16865
44899
61805
-47196
-75967
27074
14241
-36992
-3294
-9168
21339
-57462
-57279
6694
-7835
21487
66148
8827
-83935
46796
6987
-89532
28821
33446
6095
-83899
85597
-54509
9839
38816
68238
-7232
7097
48829
4639
-38863
-8734
-3319
515
-3391
-25370
56176
-37705
-5928
55941
-3346
-7572
-24967
73619
-986
21112
-89405
7934
2193
-27660
-3046
87014
9591
75700
-31780
58013
2811
-10806
-34998
21145
-7291
-7664
-8836
-7708
-33035
-6000
38267
18196
2534
8268
64535
89960
-5076
20930
-3386
89154
-79162
-9142
8638
-7647
-7148
18523
-16991
84354
-61967
37504
70351
-2177
6773
-469
-47059
5050
-6123
-5395
7343
5191
5461
8612
71697
-77813
-7128
1516
61947
-36629
-132
57420
-19047
65952
-30336
71841
4450
4095
2694
-6531
-6613
32580
3928
-8723
-59090
-85503
-69779
28271
-77546
9594
74293
-26812
-71810
82117
4230
-6771
-19676
29214
-421
44523
-9614
-6986
-66994
31443
875
-87926
8026
6788
3213
52641
-7182
-16855
-2200
-9624
553
6013
-6523
63874
-33601
-72290
6839
-3759
-60495
-6970
-66151
67934
16174
4335
-66639
22628
8900
8542
6151
9745
52047
-42830
24139
-12524
-538
-78282
-59564
-6297
50782
1295
-4253
83128
-56362
-32177
-4690
48181
7794
16654
-9200
29653
-6751
43433
2567
8465
-17756
-6350
-3902
-5041
17094
-399
-3850
-8614
-1047
44915
15155
-83180
38634
4112
-81042
-69917
-16506
-10552
-15809
-7985
-41512
7244
-44566
8891
-7223
3385
74346
8356
3595
9556
83938
14348
-73960
89971
-29521
-13534
-4053
-2908
54271
-50055
73380
-77512
6333
-7258
-7413
-6634
59870
4553
2505
27991
4453
-27395
-12072
84866
-71278
-2019
646
26886
-9325
-79175
-5584
12163
-39892
31886
70260
-38546
77562
-40674
-25922
-9615
890
80942
-1313
-71282
64633
-587
7542
87786
5255
-78576
-8919
-59234
8512
6809
-9006
35057
-5268
13765
-32890
53799
-7877
71770
-82606
-84818
38563
39838
1417
-86258
-8781
-393
-78590
-26450
4138
68153
-24763
-44384
70449
-74112
-31413
-5697
-2110
-26371
19706
-15263
-7455
7805
-31324
4527
-57912
-6688
11597
-2216
87118
9697
-23285
-62019
-720
71717
-9336
19940
-76948
29110
40235
-16121
-71888
89446
2962
-19191
-19473
-940
73700
-37712
6409
5213
18158
-70200
-39425
4427
9750
5711
39201
46606
80815
35786
6473
-20771
-4167
8456
-25559
8618
-60580
-6492
7084
12841
-6913
69765
27123
9618
4384
-8022
-10001
-8023
-35832
-8270
-80559
9557
-84088
7419
5384
-577
-52734
-23259
67742
-3826
19324
68713
-45964
-5245
-2400
4742
12934
53492
-83247
-7542
2216
9073
-2718
-23065
37874
40264
-7255
66671
8681
30202
56903
43564
-48412
14207
47079
67884
13294
-87271
-10879
66018
73333
-20561
-29455
3928
75018
27897
6211
1485
-38997
-41266
-72459
-4731
-50199
-73428
-39857
-6305
64733
5708
23134
419
79644
-40421
-14098
72183
44852
65757
-79300
-68867
7376
-6722
46859
2349
-6645
-7238
-1955
20144
35417
66991
-3412
55237
36913
-40201
40684
-37587
77984
-33723
-82392
-69887
64053
-52384
-55968
61261
15395
36785
1725
-7390
77081
1976
48121
-25574
8539
-39581
44248
-48982
-18203
-3105
-3924
8958
10015
30810
-2263
89853
-38814
-81959
-22478
86121
17861
-28994
86361
2247
44976
-29488
-7131
68632
305
-70721
798
4936
-71323
-51724
30232
56555
-65504
37665
-3067
1042
22424
-1547
61767
11875
1426
-20433
-8745
5312
-75359
-24531
9845
-48544
4048
-3546
1632
-693
1978
-28
-7237
-56790
-24655
-86316
-37795
2091
4993
5299
24666
-8094
-3929
51220
-50693
17123
-6101
9986
36331
41736
-71233
-84775
1237
53085
4505
27866
-73984
-92
72583
620
3306
-54885
-7083
88595
-50978
3893
-5731
-89747
-5860
-12180
-50329
-9772
8977
-84006
-57596
-56982
8756
-6897
-65381
-52516
25687
8837
3295
-62230
-78010
-30745
6361
7591
49286
-12182
-73399
-972
-6610
-37306
3912
-36819
-17654
6057
-69632
298
-16858
39141
80883
11187
42038
12919
25405
27096
1800
-15274
7060
-15166
-6404
9933
-3631
383
-89743
1463
86503
-5869
-359
-66143
6842
-2988
-64994
48724
9887
-73340
-35294
-1355
32756
7803
79478
-57059
17114
2514
823
4539
-71482
-43708
61603
-2945
-80536
-67769
-37193
-12098
72309
55692
1943
72546
-18840
-8062
-3152
45352
7381
-9837
68532
-50904
3972
29063
-8622
75136
-48948
15991
85605
-363
-2626
-41940
77737
1752
-5775
-68343
56190
2284
32113
6278
-39194
-78089
-48313
25248
-4834
-29
-64594
2202
-28454
-78323
-2116
-15695
43454
-87793
-2903
-16008
-3164
-87119
4606
6144
15205
9165
-32613
-84775
806
-6482
-70147
51691
4157
3326
52610
2791
59857
-58237
37548
-8746
-7513
-5970
79323
9364
-32021
-8146
49249
-2864
-2164
46406
55185
38458
1633
-15835
2116
57573
3600
4208
34561
