-9377
5302
-66588
-61582
9013
1762
71790
-27116
33910
86828
52205
4426
-1924
-17560
87859
-36779
230
-4218
-86219
75084
87501
50754
8036
-8277
3950
39454
18687
4805
30334
-8798
43076
77261
9643
-42700
33602
88809
-52048
3979
-18519
-11917
-4844
-19751
-11506
-46857
4777
9462
-47681
-25538
316
19260
-9506
-9785
8183
-305
-71757
-12619
-19845
3285
-54405
-20531
-81857
-41089
17752
-31621
15001
85055
-54597
8469
-32089
-65287
-7215
-69902
72685
-49738
-20537
3285
25173
23061
7802
65278
-47175
-86476
-67551
37967
7256
-6840
-81173
7473
795
-83274
32552
31465
1722
-59622
-3440
-76910
-5748
-38493
-685
42775
45542
-71932
-55302
-13822
4791
289
-43337
88004
-44417
-22489
-28211
54369
47175
25521
-76204
-9845
5933
-65366
39336
57989
-5321
65124
-66485
59067
-54339
-64404
45436
-71726
-68272
54200
13272
-83075
5099
36627
-51146
-615
33129
24447
-5908
-61308
3087
-13121
4666
-4185
-79880
22495
24072
-4763
56396
-5610
-27742
-15505
39304
-42202
19866
-7734
84210
33675
8143
-7421
-81412
-54083
-87147
-7923
-3587
-4227
-78836
371
40378
89779
-32191
-15948
-42649
-27270
-7475
-76839
27119
-72651
-56326
-7019
58490
-39807
-656
-4085
-18262
-1361
19421
83651
62445
58763
87665
22852
8779
41600
67079
36059
-6222
46824
-81439
-23704
-33117
-16689
-9521
3559
-75808
-35971
2771
11895
-7121
-15169
3213
-48331
-72886
-2560
56135
56281
-18686
4254
23901
-45179
51651
52090
-7146
-11755
20022
-3873
3844
9245
5657
-22350
-14688
-7601
76038
-18493
-47860
9960
-3091
-7998
-48198
-7560
8641
68451
-60331
6011
-2527
5261
33085
30648
75209
-5945
4635
53734
89911
9971
-27778
-1192
55871
-70525
-8138
-68108
-102
-40923
30039
-42587
71664
-33245
65489
7151
-11667
-39431
47057
-84962
6340
3072
6032
-8333
-8558
-7831
3286
-76625
3369
75350
8243
4367
50513
-55049
68691
-4239
-69042
11127
74949
79206
35064
89252
-72754
-61158
-6941
-18162
6569
87741
-45149
5603
17068
668
-53995
-28413
-80523
-57813
54372
-10215
6298
35639
28977
2813
-7892
-39433
6293
-79430
67520
-39353
66117
-59218
-6699
-56986
-6129
87342
1328
-12591
70737
-86774
19072
770
3762
83547
-1951
-22468
-8104
-66804
3043
67107
-59965
8732
-7061
-77928
-33592
-58337
-4167
2190
-1506
1509
7119
-14533
88196
1399
7635
-3093
23378
5781
38712
-2519
-7767
-5025
-6779
-73785
-26870
-65893
4432
-2339
319
4497
-81961
-74743
-9506
39604
59376
-65188
4615
18194
6976
34560
1050
5485
-85631
44334
39861
3015
-27986
2165
-28137
2108
-1545
16962
-2922
54022
7857
-63753
-86194
-31230
5546
-41191
-1170
-7897
-4172
2288
-21673
-29461
-11694
25992
-1782
-2756
50949
-50646
64904
59764
-3857
-34010
10707
40148
-78353
-29910
-18311
-31446
-9349
-4674
78726
3341
-23671
258
-5527
10955
-205
-62676
-67111
-52451
-75778
4338
59245
5520
5483
45342
-5515
5115
16435
-51331
-22679
-52134
-74681
-41228
3765
-53041
-8117
50753
51398
69825
-7980
-67076
-489
67886
9853
-88457
42100
-13833
-49607
3186
-41653
73354
20889
35650
60628
-6824
36362
-27151
-30410
-230
86022
-17355
-668
-6961
3359
-7872
-6414
5131
-174
7006
68812
-51755
6227
26690
-59248
5922
-69545
22156
57612
78551
-2028
-193
-1254
26947
2057
45433
31543
79344
88169
-84172
-2212
3436
-6701
77873
7738
83079
-1379
-18534
-60765
71491
-68967
-83246
-10056
-9363
7808
-21322
5382
-11562
5487
33717
-47862
1808
84722
-9844
-9046
37577
2634
-4338
79310
69199
-130
4163
86845
-35972
-13661
-9992
-81078
-72511
64215
-47163
18
59961
-6680
-77028
-8161
-42200
-16887
-25406
-38793
-5782
15879
23379
-26803
-9706
84598
14
-34325
29876
-34049
12551
62445
-8603
5985
4166
49634
-75970
-3236
2198
-62441
3960
-85420
-6554
55651
84726
35628
1514
139
-56916
29351
720
-535
-8544
23910
-71101
78988
9385
-75799
31180
145
79639
-47796
-45114
-4545
-8871
31440
7944
41364
-60131
44121
9417
-760
-246
-62800
68591
-1044
27633
-2151
-30153
4374
-2394
-11637
89639
-2275
26817
-68633
674
-53876
-59099
8083
38264
-17571
898
4390
-3673
-21741
7137
-47696
-9464
11287
59933
6650
-49983
28450
6799
9819
9220
81604
841
-71883
-4107
33074
81382
49337
62534
5207
-25753
20603
79180
6066
23615
-1915
-6621
76099
71924
-3160
79925
65247
33556
-85994
84102
-66657
60430
-14428
-6989
-7406
-21644
79792
-7834
-480
38028
79202
7058
15223
8267
8712
23563
63341
-704
-51839
-9085
2027
45844
65446
-40998
-9738
4048
-54821
-3505
-42875
-3764
5149
-6081
71789
-51974
-6030
-58390
5315
946
66646
-587
32333
4376
63192
-24672
3264
8114
-64143
-80
-44
-3957
-275
22951
23477
25869
-72806
1832
3941
-7651
-28050
79401
-1395
5952
24007
-24811
88538
-3880
-49004
-34882
-5266
-471
4498
-43680
54132
-9791
-2943
-78626
-60399
1870
50962
-8073
-76124
742
43805
5541
-19599
-34344
-13915
24469
74914
-5536
66475
286
-55477
41618
76857
-10337
-70170
-42950
26000
-82584
-4094
67522
425
31220
-70684
-69555
1416
-50875
76398
7824
-10756
-50886
23683
47775
-29942
-17280
5101
1744
-14384
-65396
-63408
2308
82972
3995
-1441
10915
1725
-60950
43527
-6732
-82360
-23113
980
1206
8652
-65609
-34305
-24575
3402
61966
-3422
-5936
37551
6493
595
54286
-4602
4879
30768
-79221
4043
-30150
2931
-21864
54005
84544
-46054
-32000
8904
6591
-541
-32630
-31480
-47382
-7318
75381
30123
20828
57217
-6412
-5681
74359
635
-81393
1129
-65303
-54668
-11126
-36886
58673
-16405
8291
70491
-9722
-63382
-7181
6426
17520
-7190
49368
-8198
-8602
-1182
-16296
67180
11403
-4865
51043
-30769
-25164
24855
52511
-40113
-911
-75934
14398
41452
-9400
28824
21186
41293
-84530
-48143
-46976
-4775
-62145
-4993
9501
-34469
2495
12131
2226
-44603
-3859
-852
28338
-34236
-8056
7409
39094
-5680
74443
73454
-6528
-8046
-3403
-2310
-80069
-9178
37048
-23520
56550
-7835
-82930
-46565
7100
57489
53148
87431
-58903
-171
3945
3376
-11507
-41474
-14723
-1402
-6922
6398
-5841
75134
-38532
68188
58962
17239
38272
-23793
-28130
-23998
1979
8199
-487
-86314
-6567
81960
1295
67833
630
48304
19335
37752
-30799
-9186
-75298
18281
-37615
3056
-41451
-63136
84284
80011
-18386
-20915
-27561
11916
-19986
-7479
-40980
-71908
16085
-7493
5697
5665
-78628
-59024
26153
9180
-5545
36739
10349
-81191
-58937
70771
-63889
88762
55904
-14658
-17544
-65333
-6585
-3433
-9952
78051
-8301
-6941
1009
2138
53736
-71696
-83023
-81879
53191
-79990
59909
29726
57771
23083
80360
-9762
31651
12552
-31714
-5188
9912
-413
-7594
87400
8924
60086
-1364
-3434
-69353
-881
-82391
-8136
-72414
82734
42799
43101
9043
7195
-75564
-2170
-52464
161
-2388
-22004
-76713
77396
-70222
-370
28115
-81742
-6743
76110
43826
-2658
18007
-87697
-9537
56967
47890
7382
-4151
5389
8235
82420
-28333
-8062
-38340
-87971
5015
-26236
16307
6766
43139
76919
19309
24321
-60816
-3960
4598
2369
-4693
7076
-8908
-36752
35634
47811
70159
-51678
72756
6344
40569
-83529
9768
27433
8069
6502
-413
241
-53546
-27529
3855
-8357
-6384
8889
6688
11053
3387
-45209
-18860
-70898
-71525
-2755
963
-68246
-40144
780
1254
83947
10461
-78841
7139
20285
-4421
79614
63031
-63416
78
-13647
85294
19444
28141
-25696
16479
-8505
-84350
79389
-22408
-4555
48263
4652
923
9281
-60556
2325
34915
79489
-70663
-70933
-6336
-50110
-3783
11767
-6037
4067
7442
48945
-40700
83118
47609
75968
-694
-24707
-12551
81480
79181
8521
-6445
-57425
90
-8036
-18841
74642
-5979
-78875
-52973
-6233
-9690
-88742
8491
20193
-5845
-7402
46544
78444
55875
-1182
42657
9246
-30350
9662
66573
-898
-30094
-7423
-48997
5860
-7951
-72892
1159
-7872
46131
-6299
3192
64350
76041
10186
26459
-41923
25202
7364
1511
-11160
-43697
83943
80835
46718
-7971
4245
4375
-670
8046
74959
14103
56921
4994
58015
49446
-85860
-12828
-86263
-2760
49673
5653
58603
-7724
-7341
-52222
70331
-6264
-85573
-17775
7395
75367
-60633
-70727
82103
-6351
-45805
-6229
-14257
-66931
-3971
-6902
39611
54620
-45842
-5566
-56011
-74420
25854
-4468
42504
-40690
-74651
75104
-5656
-35146
24749
-35411
-48158
39004
-7494
-60273
83945
-34
4807
-88604
-9103
-52092
7322
435
396
72422
35015
73548
-35389
-70499
49043
29572
2720
-9423
52089
-57469
-8279
2894
-1271
5850
1897
-4624
439
-2955
-38232
-60377
-3814
19879
2275
-795
74187
-9548
11002
80182
-3055
-9031
6325
-5199
-8499
-220
7743
85829
-2119
-9357
-12443
23935
23306
-64198
-6472
-5770
-43092
-7085
86629
-3111
637
32530
44384
2208
72119
-20801
-46395
2028
-3471
1664
-81522
-14384
-17657
-2738
39550
-5566
-17090
208
8368
40717
2521
788
-30008
79491
-71082
-74358
-42549
5758
-24718
-9070
-7246
-18922
-8957
-25137
77333
-8843
-20190
6830
-23981
-28804
2157
-2505
-7278
9728
68493
7836
39772
531
18424
-55076
5679
-21946
35266
-80056
-78404
-58850
-35638
-86006
-42872
-86635
-1823
-5452
-8713
2832
-16291
73377
-79078
9767
-5616
-5891
4438
-48932
-37297
-8466
52406
85450
6693
7783
-30810
-833
82935
6860
9996
-19989
-51685
79210
14421
10055
-8009
40778
6667
-42706
-15024
70558
-386
8472
44813
73804
-25952
-8435
80303
6302
-34659
9913
-48910
5139
-89191
51574
-10493
69044
-8479
9551
-2680
-87573
2318
54108
-6604
9161
-49350
9496
-44819
-3255
-69082
-8402
-68219
7522
-43956
-2440
5930
814
-65441
80185
30414
64237
60631
40875
64662
-81682
-642
-5614
-13663
-31553
33501
1138
-21168
29595
2717
-9437
80702
9332
42909
-70573
-51525
7388
-25549
-11454
-54933
4539
6848
368
64070
7119
5946
35439
-61559
27917
56780
-3852
-161
62184
81
89364
-10984
385
-17058
6875
47786
15771
1389
-82795
6480
-18926
26957
22364
-78356
-18221
61734
-7331
-38205
-72704
-457
-34273
53064
-10234
-16338
60966
88903
44323
-978
-56856
36434
8786
-23942
-73130
27709
56466
17548
86017
40244
-24139
-560
-1872
15004
-8647
-23902
-348
1757
-26439
-26047
-87755
-32134
81619
5733
9955
32263
-45299
-50144
-85107
-23384
-23823
-136
6815
-3252
-10428
46879
4471
-5585
-1073
-59280
-7841
-82733
1056
396
30661
-53544
8625
9492
52763
-3175
5333
68088
-46179
22406
-71565
-37547
89011
-51940
50788
66406
-73557
58730
85164
67653
73088
-3280
-9807
6517
14487
84890
-71460
-930
-4561
-1882
18451
79069
-9299
50886
-38631
6144
-47704
49802
-166
5261
74041
36501
24593
3766
-6394
55442
36335
-45333
23159
-3845
62184
-394
65007
-75949
76124
7113
-68030
-4274
68009
79625
50925
-11628
62099
-38667
-3427
9654
84410
-6429
26669
904
-76873
13617
47306
-17154
-37401
-107
-6750
62472
29000
76514
-69683
13776
-88287
43319
5914
-12899
-65952
-79085
3112
-9412
24077
69161
8798
82058
-8553
25164
-4240
85330
5382
-84015
52242
-4626
-4883
45107
-7927
-4610
-10612
6246
71325
5010
-6719
73767
-53859
-25675
-352
-12673
-1377
-6809
-1273
33517
2837
-17626
57172
43476
-85086
-15311
35974
43903
60100
15295
47995
-21060
-23225
-7484
57277
49457
-12979
9119
7573
-7619
-2267
-1350
-77969
5173
-943
-8957
-38687
-68560
-9069
-3105
-264
-69830
60987
-71404
58655
1105
-6089
47077
-66015
-6261
-73659
76211
-1772
-24847
-39890
86491
37063
50442
8799
-30298
-4579
47476
4869
-6331
3013
5367
-45214
32082
9471
-6135
-6547
-50889
20931
-467
-51835
-3182
86535
42270
89619
-5886
78785
1256
-21396
-80586
-73780
35449
-24225
-81560
35265
15588
8944
8063
-84333
47771
7124
8845
-26259
3731
966
29132
71017
-5924
-18273
52217
-37318
9107
-74013
-47320
2360
18117
-276
-2429
84102
80447
15004
-7057
-19060
34373
-78497
4537
33371
-62196
6972
29816
4028
8202
51762
-14114
45352
-81280
7712
51832
-69161
-912
-512
-3792
64802
-12790
-26093
-9905
-63939
2617
73383
-42110
38051
69394
78085
2854
69070
-4184
-37973
8071
3698
368
8384
5675
5126
-2390
4888
-5031
49053
33151
8492
-77623
2279
-40534
-43108
1284
-8373
6619
-36330
-67415
78249
4412
6201
-2459
3470
55322
-9909
87861
-12499
-18240
62395
-9067
74579
1082
-77271
7626
36478
3279
-32722
28249
-20951
19237
59101
-46283
61826
86222
44369
-3859
-65295
-33812
-5076
3652
-1923
-40442
-88177
-853
-49534
32264
78512
-3861
-45916
-33675
-66277
-9402
638
-39133
-1440
44608
4276
-56005
-72806
-70874
675
8434
23303
30531
-9896
-1446
-4410
-3886
8196
-59138
3523
3004
-7929
62657
-6834
-73214
20283
-3080
11384
-1152
-63007
-4085
8786
51681
-36088
485
5443
-61782
5909
-13833
-16214
-32131
-53170
-5402
64151
105
-47283
46638
14350
-76419
74001
79934
-79751
8785
198
-78177
-25522
9075
-34806
-8927
2526
-75422
79203
-71491
34607
-7215
-55013
11331
65459
-3274
-4248
-72518
82206
4845
855
22554
-25258
-62403
8623
-71437
87379
-6786
-22481
-5619
-7850
-75432
-25022
20
-6088
43492
3365
5863
-4334
-9505
1765
-4121
76982
34160
-43147
23741
8971
5685
102
-5379
68519
-383
-9666
-8392
-8179
5344
-14805
335
88398
-2758
-69130
1421
55860
-3084
-7554
-72586
-55523
-52081
1886
56539
65551
-39804
7326
-16115
761
-83878
5681
33713
-74609
34690
-87886
60315
-51430
-70537
-4547
-52236
19187
-55139
-70313
-81146
32688
3933
3323
-79318
-46699
3166
5941
57569
24260
6066
80116
37484
70492
4208
13154
53807
-35397
411
134
1199
-14234
-65875
8806
7612
83392
63672
6488
54941
-89820
69586
-26738
82927
-84474
-49715
-11885
770
85277
7294
-14575
-14405
-2210
-4594
-5702
-4236
-4660
5195
6987
21405
9592
-64499
-9958
52154
47760
-6532
-334
72843
8728
6468
-60558
-62233
1518
-4055
7928
-8645
-88190
-7356
4832
-40316
39299
25528
-85680
7142
-61031
47807
7462
-71509
-20824
-37101
34731
54236
-46496
-7158
5355
-3727
-2918
-85571
28581
-5305
19563
-13482
41026
-18316
-72888
-7782
-1550
-72930
21818
-69166
7078
-89457
-7429
-78208
6229
-1621
-25360
-66078
12793
-58301
5048
996
-957
-8553
-50487
-35327
-46056
69599
37797
9736
-21819
8963
-6995
1996
-3652
-25079
-83338
1555
-64743
50355
-4974
-7942
3421
-9009
-35708
53238
60142
-75726
-19491
-55363
-40388
-5769
26542
83426
11991
-1750
-28951
63709
-4077
-75625
-50387
-8338
79771
-72578
-68200
52982
35074
-38
-4312
-30285
-492
-3111
-8943
-1918
532
6448
82724
-49768
-9191
-493
-50115
-1518
-86366
4750
-42962
-3729
-89389
378
-10780
36655
76726
-20323
84901
-8411
33521
-11563
-44452
51400
-22804
-65218
-36123
-3170
70909
9105
-49131
-740
9209
-65802
-1990
28098
-663
7236
39333
3142
-71226
-46724
-33215
8530
-46352
53480
-49416
51438
-1952
18984
418
4870
-76829
19311
89845
36649
-6429
-64660
-3977
-8279
-54426
69493
-5949
-3666
48741
-2030
63098
3670
4876
-83367
-9708
3621
-64395
-59089
-83135
-9710
-1418
-2273
44545
-40945
-3399
-4609
-55956
-68076
-9340
5144
9995
1439
2686
10077
-9127
9144
-9254
47902
-33511
-64659
-6500
-86792
-27099
-4030
-1745
-9592
23817
7186
-5653
7900
53970
6021
-84740
41486
-7674
39499
-3497
-89624
-25963
6169
-69677
-842
15612
18358
35944
-58809
7627
19725
1666
4774
46240
46972
70183
3062
-9795
-58220
-2094
-88182
9314
-53420
6024
-48906
-8987
-4755
-13831
88687
9191
-82278
28104
-78718
-83717
-10219
76417
-69180
12226
8985
-985
-53203
-3400
50065
47543
-38233
6056
5788
-57723
-5383
28978
39055
-2054
-23844
4373
-14153
76717
8372
-74328
-9262
128
-16185
-81782
601
-8936
48286
6682
16688
23574
-51539
59642
7904
6803
5934
76711
46273
-2557
-624
61533
40350
1065
-69548
40240
-1211
28349
-46951
6770
-7224
817
67938
8057
-3275
56051
-621
8222
-63064
10923
59842
-10381
-89840
640
-20
8295
-6877
71632
-36666
-8845
-39439
-656
-30972
12273
4925
62312
-7866
-517
5115
-4164
46702
-82232
793
-6097
58443
59981
9169
-83707
29409
-51265
71994
79144
9707
-21202
-963
-28616
-393
3054
-83728
977
-3674
-58915
2776
15716
-1626
-8725
-15662
72620
-3932
-8665
-78565
-27545
67995
55795
-86905
-68836
-49523
43650
-35045
-19583
-19439
34199
6843
6435
-1475
-22055
6896
39249
62505
-1869
-7213
35209
37108
7849
-85893
5361
-69516
69910
-25337
-38441
3805
-2641
34655
5211
2072
8736
-27582
-1268
-19560
-86859
-9679
-57982
11693
-63856
25197
-70650
7950
-18648
72356
13677
-78518
-9815
-3246
9947
-45270
47416
6945
7064
7342
-71982
-7294
86990
-67066
-83289
-80776
-72675
-8965
27427
4401
-3725
-1631
-9084
73366
1461
29667
-78035
56438
-77229
-5627
3883
-8919
-47213
-71766
-30313
56450
3631
53377
-1201
-8355
1180
-74478
55482
-16464
71571
-61014
-4986
19494
-892
6831
-67089
4974
-6042
-5389
-9007
80616
-89289
32696
-9486
2254
-73386
-63263
1955
77751
169
-79563
49771
80172
59617
-520
-43223
-59771
1467
19416
-24049
9205
73681
-60343
-1502
41319
67583
73975
-3831
54846
17394
-18182
-4057
-68188
-1951
-60814
77575
4660
-24377
-45844
-10871
81375
-9520
74753
-30214
-3077
44250
51942
78701
-8007
-56893
-3692
-1578
8363
8928
-4895
-5927
-17132
66009
9619
1773
-83797
-9704
6391
-5963
12391
5595
7409
-23244
19396
41399
-21865
-43664
-88315
-65810
7221
-9463
-9797
-1768
-43332
-3665
-81518
-27207
3426
-2020
-4018
4744
-671
42626
-6489
13458
-54122
-55465
-86666
-34545
-5853
2991
-72844
8967
6068
-67491
-78573
-47183
35567
-73013
-5063
47706
2329
-13194
61871
15954
-4178
58718
-74272
-44814
10635
8684
68028
-86393
-2345
-11744
68796
2107
3249
53743
-4475
2705
17945
8599
51341
-388
44388
-53437
168
-24019
1622
6324
10575
46016
45210
13511
20188
54869
6658
-27370
-85196
31015
-198
-1746
206
70257
-71188
54023
5602
-11546
-35015
36026
-16865
-66687
65446
4737
11486
-75644
-1903
-23450
16228
23555
30824
-3415
-52448
-76876
-2569
34200
-7751
-73503
77996
6536
-46637
3443
2015
48208
70514
-84057
-13484
62609
9004
-5056
-34079
72845
-36658
8658
-7073
-84727
17160
-8565
-46
-79009
-77310
-70066
6105
-36446
32024
49917
8590
-28402
-165
-2157
-77916
9860
71089
21265
-7072
81356
-83527
-24750
5069
6124
53127
714
4561
-9216
14686
-58716
525
56492
35032
61838
5166
6439
-1014
-8901
2576
-38559
24264
75552
2053
16806
-282
5563
8638
-5539
43498
-3085
-5876
-51214
-80613
5040
1290
-16590
43682
-220
-7476
934
-13706
-79006
-15764
-78422
89011
-46579
56295
-4487
-7241
5470
-4905
-87998
-7724
9021
3338
-10180
-19943
-35183
-69129
5024
-37387
-44665
-1183
42540
76709
-7003
25300
-1966
-77916
232
7961
-21610
-85851
68669
-61554
-8238
122
9263
4085
7032
35584
-32284
29432
275
-4396
-80674
6895
-69602
-9757
76063
-7907
-49846
-28872
78117
1281
-46352
-84684
-3823
2249
40630
-7060
30649
-7641
31336
-67040
78581
-7564
-71727
194
48653
-9274
-46305
-72677
-30065
-12181
53882
-3956
-58510
1746
10343
-823
55
29028
-62993
7424
-82876
-2363
13972
-2675
43106
-47439
-60218
87381
65087
-7188
-19285
-4311
-73673
9879
-9303
111
-9251
15239
-390
61331
-845
2700
44958
44153
36108
2796
-4553
61120
-83588
46794
6085
-86703
224
2043
2223
-12788
51908
-38056
57539
5259
-4073
-36875
-5238
-8596
5092
69194
75461
23476
62735
-19678
-9628
-8987
71413
-71329
54880
-3638
1862
-63542
-84501
69022
-5863
22518
13093
-23610
-56295
-201
12765
86064
-57877
41929
-1943
42191
20041
-82370
-4173
-814
7004
35195
4968
-78727
15577
39805
62805
37385
33660
-60528
6781
55069
52743
2838
22432
-1950
-11572
-31497
6404
-52861
5392
-83957
-49299
25158
2529
-50867
-6695
-3541
-85044
-11029
-3968
4672
69579
-19982
17224
16726
10248
23802
2182
322
67166
-70121
2524
-60976
1304
63937
-326
-65653
38972
37407
4493
84263
-45155
58663
5299
-74967
-16814
-70053
-15240
46389
2553
8512
-12980
-45599
-1084
-8434
53760
76143
13736
13158
-1347
50381
8787
-53792
-18722
4373
-46960
67645
-85016
3077
77388
24239
78895
12447
24372
-4998
-14285
-64266
-24555
-19534
50919
-60473
28937
-3811
-1445
-40382
73549
39085
45439
15311
-80992
-65032
-9876
-63253
7642
-10994
44773
-69872
-3248
-60857
13840
1040
6295
53475
-684
86110
3276
38280
7606
2105
-7717
57066
11910
43762
-60740
-27570
-1071
4079
34804
45530
46361
-9202
48709
38473
85069
-54690
-76030
59322
52716
78775
7521
4488
-9680
-7199
8056
17023
-58166
3999
825
3030
49280
4075
-20090
685
-89967
-65792
-11223
-55824
7000
5544
54399
-9315
72511
1829
-29901
-12677
-1789
81249
-6591
-3457
-88260
4987
88586
-29177
972
53142
-9195
617
-1467
89181
-8026
-3988
-61727
-38234
-17639
-4032
57019
4743
-39466
-28094
83977
-36719
2156
-34917
66795
26458
4462
-5148
-89439
-32690
-30880
83246
5422
4885
-8910
-9314
-117
-4366
-22575
4093
-8168
-3735
-245
7153
22488
-75816
72181
-8102
14401
-61517
3435
-74895
51670
-62747
7728
9603
-33000
-30536
-22638
1536
-57132
-3263
24599
-22999
63681
-11442
74066
4777
9296
11625
45084
-4232
21226
-89886
-48839
66809
18886
-14074
9257
-45136
15682
-285
14605
-58311
-64016
-7718
-69035
-8495
8059
65365
474
62867
61595
-34781
-3369
4446
-29797
83598
37770
-78835
9883
47443
-68971
-9615
15582
-45826
-49076
16686
44140
-622
37285
-75909
-75199
-41801
17620
5120
-70964
-2225
-65534
-10977
-2986
-18221
-37186
60678
-49194
35655
48454
18486
79237
-275
-6299
-32056
-77373
-4131
50044
1906
-27164
55201
81241
6684
-70360
-39874
-769
18281
-839
-45474
9693
81454
-4702
30707
-1202
44283
7889
1246
15103
6226
-5423
-5017
8615
-28415
4222
-79190
-81227
4377
16813
-13718
-996
-1892
30864
23137
-34227
70844
-5086
-5226
-56999
1811
-34363
-3944
47481
190
-6411
27177
81627
49416
29425
-10598
-8480
1239
-26348
-9796
-76344
45464
89908
56580
-87410
-72121
53993
53077
57774
-3181
55125
1736
-8168
3801
7938
-42343
6626
-16928
-35926
-818
1162
-9719
58455
76504
-69939
-23282
2717
82522
-52719
79631
-81039
2121
-5458
69597
6036
-79865
28278
-8154
2426
7779
9763
301
1487
43342
2338
29248
-6979
-81271
-86861
-5680
-39928
-34092
-11453
6069
6566
4168
627
66896
444
24157
-76163
-2525
2392
20399
-16468
-4041
-2044
-78185
18559
72337
-6056
57797
-30480
-39468
25349
-55467
-72082
2349
54613
39839
34216
-33726
-27599
-1624
-6794
44456
3852
55585
2415
40244
71315
-91
79193
8405
49996
-7478
-3464
1832
-63827
4026
-30470
7503
-28629
-462
-386
78053
-16239
8984
9062
111
-9640
-7242
-77388
83801
30377
-9128
-88464
-2390
-21977
18360
76966
2243
72361
524
9085
-2789
-1075
-58009
28057
-5336
20307
-2916
-1942
88580
-42865
75627
7899
-31619
20819
-6983
-7160
50080
-14780
-4617
-5224
-938
6645
3611
-14948
-23314
73422
-5210
82137
23383
82477
8842
5046
-1302
-5782
-78651
5764
-7621
27738
229
62953
7879
3856
-9244
738
-71856
-8008
-85132
13508
-53406
3301
27582
-6653
-89586
2599
-26217
-2404
-20320
-60481
-36276
-6438
28494
-8782
-56749
9408
-25085
-5483
50872
-2707
-443
9239
67628
86489
49903
32937
-72222
33995
63519
2349
61399
-5595
55169
-8336
-72964
-8972
79392
44515
22489
-79803
79105
3770
-2550
-2164
-6247
-59148
-4502
3835
56467
-2822
8498
-7072
-9608
-11162
29034
18337
2419
36490
-74191
-5263
-1051
36475
-49868
8640
4298
35164
-74773
-8556
-15778
65930
-84927
-5610
68477
55314
13
8300
81168
68741
-87214
180
-4379
-43354
1705
9935
59418
84708
66945
1816
-77711
3770
45104
3140
3688
-377
-37784
58908
-8389
75
42280
32474
5049
-84397
9875
72312
18346
-30370
7289
2162
87886
3293
-31046
-13685
-7080
-86188
478
31014
36458
-62095
75615
72102
7144
49499
-77927
7097
-7157
-47300
8651
-9369
1185
8625
-142
8129
1341
43093
-63991
78347
6566
-6115
14610
-46760
55748
7797
58524
76466
-2115
5337
59505
-40757
-4810
-7909
34260
3618
-28182
-603
11376
33168
-41152
39085
-56478
33904
-31077
1257
-2689
-68106
45366
78103
3253
4746
15058
-48892
9634
46159
-5159
-20906
-71803
-29440
-28748
43037
67574
-29422
-80179
-56995
6181
87324
31048
298
59148
-66782
-79438
394
-51285
-18188
-5971
-79290
-20716
68282
27040
-74618
-63334
-895
6232
22135
-34629
13188
33024
-38478
27442
-4484
5699
-6260
-1214
-82618
-30836
18024
11345
-45343
-17335
75812
47
40961
29505
-1464
450
-1735
39219
66947
-40736
-4202
5425
37508
1602
38285
-82441
41421
-64427
1785
-691
50615
4606
27722
56420
22217
5525
-7549
57555
3518
50644
-47511
-5339
-7476
25711
-22393
75310
21249
68293
-57848
82787
-53163
-9823
-7362
41283
-30264
-2612
31
11079
11680
-19159
29576
-63173
82039
-74919
68366
46090
-1995
5866
-1371
35558
89467
-312
18893
1031
612
786
495
2695
10067
-18949
-17357
-64900
20803
60238
-578
-9039
12478
37437
-38271
31297
-34013
-55470
-57154
303
45232
36671
4413
348
5663
55213
86939
4036
-3689
77492
-62574
48348
-66907
84624
52739
-81482
5237
8563
27743
9483
10421
-7381
-44655
-6384
-6757
-42022
-55150
-52376
3845
71037
-9534
-72892
-37014
2054
-75105
-770
81046
-9296
-58296
38095
-7709
-29484
61582
76153
-65048
-46139
1704
-69784
-79488
-22559
-84468
4774
-4967
51743
-30840
5768
-74925
-47671
-2573
4115
-20135
-52350
62021
25143
36592
7527
-13800
-60008
-72020
-89270
-67842
-54778
-3689
87476
5192
1101
46486
30800
-3414
57444
-53292
9697
-82673
44863
-74438
380
-36322
-81557
-37361
-406
-48352
8492
79991
64513
-3441
-40
-36892
-50374
-9157
-6426
-13677
66744
3172
10225
45713
-2462
-56685
-85055
71884
-14751
-21735
-44456
42213
45105
-2989
-47379
-57060
-36370
20924
-75881
-9859
-74479
-1928
-10091
-1089
86730
-12639
5570
84637
39787
8544
17806
-68471
-87088
-3758
-31272
-57857
37572
-5162
56749
89840
36612
714
44682
7296
3879
-77534
-64625
-24163
51066
968
933
33174
2181
3347
5776
6055
-39507
56849
-39200
78389
-7510
5575
8384
-89376
-63834
-79673
-63236
9700
-52341
-5943
-37936
-4051
-37811
29030
-69301
8362
6993
76405
8380
-73083
37203
7872
-18754
-6439
24200
-35180
3623
-88202
-45455
-2107
-9175
-1988
-7715
2417
-5622
6698
-18432
-7129
-78550
68037
65414
85303
23818
-22743
4160
-5539
-652
8513
57629
71000
-61886
-60181
-7447
5904
7541
-9766
-75791
57974
-17186
-22596
8664
18453
23384
19953
-26621
-20716
-41025
-8819
56937
55150
-60987
-48986
-49834
19652
-50863
61658
-35528
-3045
-21294
-9828
5268
-29649
3047
-53456
5264
4434
-55496
843
61988
8937
60678
-80893
73845
2021
5834
8070
-4161
-3358
57536
4019
774
-54491
-74943
77308
38275
-23730
402
24334
3816
-82389
23498
11337
-993
-3594
-16332
-6291
-25195
-40667
-39045
1295
-1061
44834
18875
3817
-38642
45875
67444
65426
-85603
-67037
-570
4133
-32185
53332
77658
-31069
-81221
-59659
-2385
-575
-8680
9815
-5898
-70878
461
-17579
2085
47020
715
-7544
-49071
71445
1149
-2939
-48700
-81866
-2856
80594
-69353
-29028
-7316
-4513
-5101
75558
9631
37282
13856
47162
304
537
2267
-21826
-8027
-6272
3775
-1715
-43470
5581
-75984
25665
-28936
34836
-19
78146
10920
76479
-50310
-9636
-9896
8843
-8788
-1351
12998
-8055
-24558
-83862
-3633
89890
2495
59874
-15954
-45127
68539
2442
4727
9391
-6714
-28121
578
6812
25898
-49271
-3041
4436
-20047
-4794
-8126
76234
50058
-1372
38610
18925
4362
-38450
-83352
82545
72552
-7650
2705
-24535
-41251
57640
2362
58677
-26189
81689
-4636
48317
-2360
383
50161
68206
4588
4617
74025
-9486
44976
813
-38432
65648
28675
-53308
29656
-66095
-1680
-38712
6667
-9629
-3908
-65307
88917
41935
40024
-81906
-84907
-4356
26126
-84683
-9837
-805
-7566
2707
-23686
18995
-77799
-21711
-18188
-33175
31351
31379
227
20437
-65870
41641
9635
5893
-11606
-2378
15333
162
-571
7687
-81242
44326
-5493
-88068
-7083
-2891
20587
16025
-43496
-79084
8455
10989
-42482
-2948
14706
-11599
4426
-71184
64371
4988
7880
-11634
23111
47888
-398
-162
83340
4733
28026
-77307
59604
63336
77884
-41878
-25052
9208
63023
-6125
77190
-7927
-56854
-48426
-44176
46352
19470
28993
-3304
-57938
40817
-83136
6663
-9646
53295
-7717
-1938
24096
-9430
-40387
4894
-6722
-26815
2270
16166
72339
46215
-1390
-60435
-42458
-18536
1623
-2150
-41107
-78547
9223
-1499
-38738
6090
-1007
-50197
38235
31903
-89560
42918
-72262
-17835
68202
-66422
8027
4881
-8936
-13810
-13494
1608
-17112
-43606
33575
28401
-45974
6537
-17582
-78279
-9070
-1216
44241
4204
-15227
4034
1807
-51631
8543
37593
-65565
-77030
13521
5170
-62845
-76573
-58757
-2597
20090
-8958
81839
9507
-3341
-79715
-20076
-1596
41871
-4552
47533
3154
-3865
-9219
86386
-88863
7423
-1544
-2969
222
-42941
-5651
-2899
30066
-12525
-44447
18
60209
34092
4272
86094
8360
-14412
53000
-4963
-3218
9920
3431
77737
-43820
-9382
-7469
65603
-2899
57921
728
-825
4867
43837
-9711
89296
-19373
-2158
35243
8788
89127
55100
17303
71156
-82367
7176
55245
10464
-8513
-53076
2296
6694
12737
-13830
2239
-7151
-65073
-35182
-9999
22014
75713
-56520
-22861
21007
-5982
-28508
23449
1908
-24075
-6050
-76941
-1635
35207
-8790
-40620
59173
23724
7968
-78122
5405
-942
73544
-5323
-6757
7498
367
-5405
-1754
54682
-17088
-3298
61059
8616
-2255
513
-3613
-26
359
9075
30629
-8014
-6410
1798
-8768
-25232
-2312
-30288
-8587
-1799
82534
30121
36822
-48216
-3525
-4557
-6128
1755
-77403
1214
40437
6797
-5997
708
59876
-5683
48077
79192
-4243
-88830
7983
-51311
6144
74801
-6069
80377
562
8172
2180
-68224
-74792
86382
26152
69942
35973
4159
1560
61394
9344
-18105
6004
44189
12069
-22549
70762
13577
-50800
4292
-74221
-764
4172
7958
7308
902
8628
74703
-3538
71260
20810
-8623
-1881
56833
-71043
-7332
-1661
-2091
-42152
50664
-45058
-6770
-7027
-9089
7245
-2015
6882
63441
55507
-20206
61558
-7057
8663
-1338
-35245
-59590
-9931
-18997
24362
49724
-9024
-7178
-34487
-40167
-7801
-3041
-27255
52674
-1258
-75120
38420
3364
67773
-75030
208
85830
-29447
-39038
-8843
-57189
82861
51124
-615
-41562
-37836
-7683
-44594
1780
-11307
44642
6891
-81291
8005
-86826
-2778
5329
81136
-62317
54611
-11419
2604
25104
-594
-44186
-74620
-45279
-2250
29566
3701
88431
3680
-76955
471
-44271
-7706
20180
1015
41519
47221
-16115
69543
1262
-54195
-7290
9855
621
-12887
5320
79450
14920
6295
53090
5649
-30204
-83510
14735
-6809
-7529
-2422
-15057
573
10569
44491
485
71126
5462
-53083
-72004
-23514
-6073
-41176
-12732
68466
2687
4686
-1690
-85438
49404
-49758
2587
7324
-34638
74265
-73549
-3708
46333
52081
-4933
83835
-37200
-79243
7748
78286
1029
52117
6051
-21081
6380
9254
-84474
7495
79637
18082
20326
-71965
73578
-1751
20414
-53975
69231
-55930
18080
5749
-84339
-19168
79211
-39929
-6848
8776
-289
-10086
-24630
-55474
-1588
56147
45839
1983
-78511
24360
948
7730
67269
83359
-82407
-71149
5382
-4446
38916
-11867
12700
-7482
-4656
-47118
-43719
-66553
-4463
-88133
-6673
-3842
-23183
7249
-3583
1447
-75891
53085
-6198
84213
-88578
224
-71813
7357
-49905
75042
-22280
5644
-38790
-3225
24775
15899
67915
6909
711
21288
-4033
13980
-6531
-26679
-5666
-3549
59608
-12821
-55138
4136
-84738
-60226
29
79288
77716
-50080
-79625
-40492
66876
59771
75030
64717
80930
-798
4846
-43318
27985
14302
60925
89280
9796
77889
87040
-4962
-39523
87968
69530
56637
-19794
29469
-34564
-46906
-5345
-7813
6878
-9514
64379
-7339
2832
33685
-4298
40291
-23799
85744
-6095
-40471
88624
26152
5063
-86
2257
-19955
88122
-56867
-136
-56240
-6303
-1508
64304
-19451
71183
78149
-60545
-49311
49906
64560
80645
-35903
116
8751
-708
63239
-2879
-21606
-73694
19133
3553
-71911
-4883
4124
47707
19414
-8841
6773
-40591
17601
-2643
4972
-4353
69954
514
-196
9601
-6618
53247
-5158
-47388
-64515
37801
-15592
-53042
-51527
-3417
7726
-16247
-74423
-8275
2283
16078
-6801
15884
83058
70710
-5727
-51782
-78842
47027
-53839
-8875
-419
-58201
21954
-43253
-5906
14975
-52151
-7934
-70605
42026
50332
5967
36110
-5963
-1613
-6156
9573
38094
-56554
-8688
-67446
22912
8266
5789
3112
744
6307
76225
472
-5981
-9600
60269
-3607
-66208
9256
-6469
-13732
6354
2092
22159
-58990
26687
83451
50972
-4494
-78615
-82659
-9375
40879
79104
68543
5967
-16754
88492
41058
3963
4863
6370
-2120
5390
-7538
2462
-75885
74963
35261
-4033
60480
32233
-6654
38476
6547
-42827
-25907
2166
2062
-59657
40386
-74293
-517
53772
89241
8127
680
-67765
3473
21971
5598
-2662
-4425
-66376
-5514
-53550
7726
-7286
67891
-88115
353
86108
-39468
2117
8765
-9038
54346
4574
-4696
1590
28641
-7968
76089
22413
-62909
-6736
8669
-6229
84357
16060
-53119
8006
-39573
-79165
72519
5183
72538
9672
5079
-33254
-6391
74892
66713
33165
-6435
-5655
-59920
-53511
-5032
-3929
-70516
70387
45661
-6416
73082
70537
-44406
-9265
9500
37529
-9354
-5605
-48732
-21761
9651
79520
5447
-78512
-35422
50039
69884
-19834
-1905
7641
80088
15222
-12928
-55992
-56235
25102
51875
-3295
-11066
3648
56044
1775
8038
-9355
-51297
23970
86041
3505
-2133
26548
-4559
-61990
60120
76736
24208
-8597
835
-80248
-71511
2147
12615
-79833
37575
81059
-88751
-38185
-8663
75997
-48028
-6644
-4798
23342
17201
-37492
-20326
8712
-45851
-53281
7151
43023
-44475
-9890
51987
4580
44575
8543
-34721
-52906
-89765
-2269
-60876
8331
-7061
1116
82887
55752
-14205
-56196
-102
-6593
-42260
68965
67237
-11748
-3739
7225
-9526
4907
-30077
69786
593
50578
-8930
-12164
21088
-76363
-7072
459
-28878
35713
45085
-75869
-416
57560
-9972
-44745
71204
-8162
6836
-45951
78101
-8881
49522
3537
-18903
-1423
-81970
-2914
-51751
-55882
59488
-1779
2708
-67823
-38775
-66166
-36567
-869
-273
40472
2546
-24292
4603
53155
-9169
-5431
4312
-1223
65993
-64870
-9490
16198
-6238
-72486
-47031
-79
22806
7419
278
18500
33955
9700
8617
78588
3072
-36699
-26094
31862
4397
2515
6105
31472
-33457
-54875
-3700
6992
-58816
-40389
-9174
-9706
-9616
-23095
9698
-74194
-6860
-5535
-9119
85049
-9247
2687
44444
-8345
-9687
5148
68383
-61602
-36421
-84256
5240
-88180
129
-32199
67548
-17335
-57561
-28377
-26430
-87567
69022
-4568
31673
44778
-44936
-41795
-38611
68218
-9621
-18607
-38251
-16643
-78038
80800
-37508
-9540
8409
68223
-30899
6959
72405
58813
65371
-897
-75566
27016
-5721
35249
-3736
9413
-6944
-32954
-89702
1449
-57684
-7563
-6136
88961
-70413
43051
3696
-21400
-9609
-70882
-418
-1191
-40451
60297
31084
8655
4311
-21476
-50313
-9412
27716
-37512
-65995
-3090
30028
-8270
-8799
67850
29165
-49159
58933
-79425
-42597
4636
18304
-83812
-70268
-46155
-3121
69808
-6354
4999
5955
-82714
-1157
-8123
-72178
-54405
-17545
413
-6645
-1538
28068
-38489
27591
40376
4586
8201
-5196
33812
3127
-2537
-1936
-62793
9342
61083
-3308
1187
-38641
83875
-2327
-6012
5509
-80200
-10954
-754
-5480
63848
81198
-5605
1384
-56725
-74155
10858
-68816
-53448
7961
4078
71064
88282
-2271
1228
-52692
2758
-31502
-21060
85984
9412
219
3679
-46059
-25434
4592
81699
-56613
-3876
3148
-50813
66948
-1987
48075
-3523
1685
-3228
67441
-38559
-7429
81807
71503
89427
-297
71559
-5327
20143
53619
2523
-57375
56777
-44911
-89173
3661
-7467
2134
-4754
5769
-70664
-864
907
-62018
19990
-81173
5385
-5082
11622
13470
-49320
52045
-76918
-70175
8249
-8020
7131
4653
-51370
-2723
-40017
16868
-9728
-5437
3710
-1683
-76185
-10357
-5806
40683
-21361
78923
18837
73809
-8427
895
-73577
-2480
-75495
-8253
5905
4652
-27225
9789
-46688
264
-2932
-8900
27079
5830
1605
-2401
51409
87601
50059
-71190
6703
-15432
-223
-88444
-2830
5463
-5453
36775
-2701
86722
-88765
35829
-6109
-87908
-50348
-2673
62568
-616
-188
81255
25466
20435
-8554
2939
-55721
86887
-2874
-43664
-9687
61804
85451
-62060
-9021
87523
-6210
-892
-81487
-59122
-20087
-47919
-146
-26326
52448
-1837
75195
85935
25440
11898
69543
46604
-59176
-470
-81838
-5857
-31069
98
70509
-88126
-7823
5693
-63468
-2088
-559
-51985
-16371
8076
6103
4041
-22995
78724
-39231
-50775
59661
78028
-40533
84023
47437
26323
56740
55788
-9886
2666
19106
75886
-4168
80666
77975
57790
-1056
-78904
-150
-2013
-72398
-1773
-44278
-3500
15390
71896
59519
-6305
-9026
-7218
972
6135
9582
1543
3913
-78888
595
-24190
1005
-8034
-84355
-32046
-26954
86310
-16842
87597
724
49743
86420
-1018
69576
-15111
-40847
-9845
-82404
-87022
-62192
-48916
64630
2208
-101
-61395
8695
-63237
-57254
-12692
-7110
-25450
3301
56413
-3528
-2009
58421
-6083
11342
17424
-39585
-4139
7541
-372
-35005
6184
9613
18498
8060
-72089
1244
8462
64216
-5831
41470
-9969
-5922
233
-82822
44259
69493
32303
-5463
-4767
-12056
-76801
-47587
-1175
3608
-4591
-6628
-30767
6260
89145
56698
70115
-66582
38786
-2880
-15894
36070
7951
-30845
-18158
7196
-89373
58744
-9482
43518
3988
45190
-29078
-1732
9816
-49390
35742
57611
8697
6335
6297
51002
17119
3138
31305
-81846
-88394
5948
44415
80398
-7754
-8469
2971
-88777
9696
4085
-62334
2762
-58532
269
12774
7037
-3570
-89006
5299
-44990
-23797
36471
-4074
22876
-89528
8678
47614
48216
-30965
2668
-8230
85296
17495
176
-85416
25916
62115
-32328
-78591
-15865
-1899
11503
2514
8154
-28358
-49004
44156
-1501
3790
-70403
-9528
6230
31567
-70183
-3304
4868
9015
17307
-23854
-73927
4183
39568
-5989
33206
-73158
-46901
41813
-8981
1602
-23809
-17091
-17857
86868
9591
36924
-49471
6079
-4122
-86912
347
73522
-41050
-89188
-230
9327
-8359
-79362
2808
966
-74605
-45828
-12066
17731
-84946
-1605
2745
23831
2841
-7497
1978
-51535
7129
-19743
68781
-63376
55117
5801
-1744
75159
-617
6311
44610
-5400
-30442
5884
-5866
-71743
-52764
81790
69914
-573
18705
-5342
7907
79932
-27335
25465
76244
-144
15105
-1282
-44396
-1035
34415
-75918
-77996
-4244
63618
2713
-3242
-37629
1313
-2752
10848
7851
-46956
-769
4037
-7844
-37035
-2765
-4406
-10141
-3218
37513
1548
-74051
-11629
-33052
-8197
-79019
2720
-1082
-8724
60026
5530
-5885
4074
6164
476
-2814
-31259
79396
-69354
-78495
66270
-8076
-8386
-3279
47151
39796
-9331
57031
-6258
23238
-6903
-47795
40184
75209
59693
-6939
-70426
-20277
965
1530
4806
10830
-9554
-42013
-3081
-72528
-83399
-49704
54863
4730
-41166
1379
-4428
31648
4545
87625
-2904
-38092
-64039
1617
9632
4437
-42296
53920
7884
8480
-595
-500
-7722
-1101
79831
-22163
627
-25381
14213
-8444
74160
58278
2749
1688
21119
9331
-50846
-4311
1260
52816
37446
-541
-4441
-331
88969
52691
48233
59786
-9821
4059
-63630
36249
-61347
-19321
82248
88382
14207
-34820
64060
-38099
51182
-6147
-1521
24619
25754
-2746
1196
73729
-24999
-898
-79463
-720
-5734
-76347
2256
-2430
-2278
72690
-8341
-1841
18866
11294
-2084
-9300
85855
31717
-83964
-56249
-9195
73780
-27229
7887
-81272
-6398
-3024
15601
33408
-43813
-3029
3858
9267
34615
-76740
449
-56792
6970
1304
6290
-85022
-9532
4068
-7259
-5825
3079
44374
79799
-46212
7288
-4236
-37919
2264
-5876
84026
6258
-67039
4319
-81921
-52529
-36246
-8217
70304
166
1890
-8215
-8709
-57537
9555
-49393
9062
58585
38106
12043
67561
6587
9357
-8526
83853
-4848
6537
657
-20294
-9953
80
86508
4515
-68427
13638
714
-61112
-41580
8108
265
-10480
78821
17161
8582
7712
-9474
25986
-84774
-5652
9544
-7076
45900
52054
-7947
58525
3349
-16776
5342
-36348
-6622
-53285
7642
1143
-1500
-49749
-32395
-68719
-84263
-5923
-4949
2679
55279
-83059
10072
-7553
-44130
1055
-326
64013
-32838
7205
-80868
-7124
-56690
22644
7611
-953
-3240
4165
67257
79768
4002
9689
-8276
18845
-15649
80500
27854
-90
24631
-45307
80502
-74636
-4594
-11635
27131
68563
48712
76548
-9644
-5016
8171
-7050
-17469
31600
-2296
-254
6345
10002
31126
-74539
-1544
-68418
73503
-82927
17860
-73418
-47042
86603
-1989
25743
40719
6075
4738
33454
-625
7951
1310
-1988
3978
40883
15214
-20356
-38870
38042
6982
86150
-7779
-18979
59244
2066
9030
51946
853
13771
5370
-722
-84398
-8915
23953
2133
48532
-6664
49319
-997
-7239
67818
8422
-64390
-6074
-89041
-63058
19869
-75840
-8402
8088
1691
-61844
-65443
-26113
-26442
-42170
59820
50320
29142
-87079
5258
-6246
-28546
73999
-1127
-71156
-6960
-9962
-2154
-80161
-50272
-85542
20690
23624
-77630
83196
31443
-32339
-63150
8431
-10283
40825
66478
9515
25474
-7955
-4723
-32888
-930
2459
-72386
-38822
3086
56098
7931
71
11978
867
-83045
-13095
25015
46349
1173
-76206
-50607
82941
64636
-23033
-5100
88933
41124
-15198
-81201
-53151
-21345
-6027
11140
-3911
-27769
745
-84067
83592
25380
-2723
-3667
-1418
-48738
-87685
-67792
-30897
46872
-19037
38038
2962
-32360
45861
-11492
77096
-72140
-32455
-4831
-74646
-51295
-85620
120
86131
9877
4829
-8045
-4272
-13555
-38410
-68154
21470
-17325
579
-73521
-6146
82169
-52769
-9865
-57604
42729
57564
613
-39113
1232
-29171
80961
58982
-6144
-3150
21850
43432
-7547
-88269
45035
51538
5880
-6226
16826
-26173
28371
7165
2984
-82869
-82747
-32513
73397
7726
6217
11384
6612
-4469
3549
-2386
64351
-4538
27328
-47081
-988
7199
-5863
5997
-78341
-793
74916
-26209
30744
28949
-1416
62595
16442
-9994
42518
8978
5219
37135
71086
-2833
-79281
-18939
-6205
-5299
72414
-51771
3917
-7390
-47279
-61794
-56994
42425
9447
-3969
-34004
3377
-5893
35836
72982
21659
-20941
-62440
-26262
-4108
9189
-4172
5378
-4033
-1601
41291
7647
6017
84272
10268
26855
59017
9885
-8588
-5182
-86383
2028
-6399
40473
1939
-88851
-62791
-82109
53869
-86636
25161
-23074
-17661
-2487
-3584
3385
227
8234
-1711
-54821
5152
-83793
-85357
46470
-1304
1877
-8742
-9183
297
7586
82574
-56072
2225
-84481
50840
-23849
65147
80769
2095
633
41504
5830
8235
5173
3661
-21411
-88813
-82544
58391
47850
-41599
-31920
25772
3331
-35879
44883
68803
76746
-4166
-20600
-55536
-75
-26216
84039
1428
-54581
-8083
-35442
-55719
-39636
-10680
7644
23722
-64498
76095
-50985
-6309
-3798
86555
-399
-3654
-74435
-955
69896
-363
-56589
-85826
596
-67655
-4131
9812
-7219
-8113
84668
79582
-9868
5360
-5600
46173
10540
-4944
-72185
-16597
38161
31179
-51831
-30012
4960
-71440
74536
-81701
-7934
-63658
61669
18419
-51925
1653
-15552
-8976
3285
-770
3472
-7087
-38648
6505
68600
4436
-10718
68524
-18733
-47533
20144
-6818
-46419
13048
-48343
3534
-32073
47370
-40635
-77238
-6011
78
-2573
-40478
-47453
16263
-650
-69320
615
-42396
-4986
-66
81310
-44892
75475
-82898
85517
-18194
-258
15714
32253
-6456
-12623
-25837
-5274
9835
58708
4787
14143
53
6345
80108
5997
3541
-9524
-19991
84444
64802
-8239
4510
-10842
3762
6770
2490
-5004
-7076
-8055
31300
4090
-23641
-79491
5352
-24988
-13674
22670
344
-8744
26168
-56863
-4112
52432
3478
30672
65581
9580
86464
5063
-9115
-483
42677
-2925
8622
66424
-7527
-43530
70127
-15185
3853
66587
13157
-59344
45896
-84580
-10082
6113
50263
43354
9337
-6230
1516
-957
64649
-39717
-28719
26489
20845
-34912
-50547
974
8218
-70162
56243
47782
44434
11940
13884
-6703
-9150
-58715
-5776
-80568
-69602
-45138
19704
-54494
79738
8760
-3778
-53224
37960
12244
23825
6973
59784
-7954
656
-12884
60719
67581
4287
31340
85484
-2135
-66340
46927
8586
8068
2953
-13347
-61465
31471
-3453
60066
-47517
-54889
4859
5622
-5591
-39896
-2781
3852
67376
29998
78415
-11366
-86386
86594
-1399
31364
-39467
-49761
-7107
56558
-4778
-73355
-15517
31246
-77016
552
87212
-6597
-3228
-46558
-82572
-89622
-66119
49427
-30778
40323
1130
1462
5062
1832
2639
1939
83515
9186
41817
-59187
68284
-52612
-1312
-88166
27380
1943
51588
-2743
9465
9652
-255
8673
-86826
-1829
71120
34750
-31896
40591
8314
-3223
19155
2205
540
12260
-21259
-82971
2359
8659
1949
-12280
5300
-11872
31720
-6870
-3218
23050
18235
-63467
6131
-1952
72929
-5034
-4409
7146
57637
-66059
-85023
2615
50032
-1900
-8409
70629
-33006
74468
-15003
53073
46120
63300
60286
3275
-5340
-29500
-19295
-69604
-84172
-11264
11648
-2994
68528
-72321
2288
-7293
41169
-53246
82019
-24181
32991
-9796
-59642
-81946
-6834
-3879
894
64401
1219
9256
2860
6126
71856
2878
-55040
27029
3116
-56192
-89384
-9524
-6530
2692
-76531
9999
2179
4776
-58345
38639
1404
68381
-2643
-78427
67995
-6442
67534
7791
-56050
85612
-8026
-69184
54789
7907
-9812
78987
-51414
-8004
-36969
7439
6997
-82356
-85388
9642
29113
-3309
15989
70996
3816
11843
-6249
5552
5787
-39361
-53890
-87052
-50853
59048
-87604
-69745
-598
-86324
-5702
-50890
75537
5136
37842
56420
-24217
14955
2239
8466
-52486
-4401
-74843
26033
-4894
58549
-5908
-2430
31236
-7176
86461
-5364
-12980
49716
3196
-38932
-8346
5604
-51403
43757
7939
-18995
-22022
7525
5383
-78829
-39405
-7576
-53230
-7302
8482
-9958
-26689
941
7060
21085
55458
14192
68742
-80397
-15621
2041
-1803
-6137
-75828
6782
67655
4893
2454
-83187
9428
17792
433
-70734
-5178
-67248
299
-1206
-88765
9241
78641
-21206
-88025
-26233
-26349
-20720
-15737
-18792
12585
-4851
63628
-3679
74454
-4602
-39623
9383
-20719
37179
-42916
53754
58464
-48268
21227
52531
84064
-7908
82021
574
-14008
-6869
5868
-79083
13806
4165
23332
-50365
-23725
-1277
-2852
-238
63075
-60623
2194
1632
-206
-24989
-40977
28649
22622
-67544
8150
-59146
63087
-19617
7351
-14339
70027
-47811
3846
319
14194
42727
-7103
834
85001
67955
-4191
-46447
19737
36275
-9809
-62983
-67524
6876
-84258
70081
-10676
-85534
-3218
15103
40218
59721
-525
-38817
-76743
-87
-72054
-2661
-73060
8931
8252
72810
-79636
-4829
70971
7488
76545
-84935
7799
-1585
2793
-4217
-49882
-61477
-2355
736
57962
-2511
2719
907
827
437
77479
-9203
5956
82285
5088
25
82919
-2199
-81158
-64290
11895
-78758
29274
-5067
-8620
-16721
83332
78382
-8922
83869
33611
-23151
7542
24598
7904
-76580
-281
-33019
32828
2523
-2692
-2381
76999
-10526
-46975
3872
2878
47562
-1603
-66423
-1788
938
-7390
9273
-78474
-80586
-1368
46765
36186
20154
86677
16121
20975
-83178
-74306
62287
1317
8862
59403
9705
1101
-9479
-46840
-4451
2687
-2115
-45157
-43293
-78205
-60541
51963
-681
44343
3626
34233
61015
5589
-43867
647
46454
35490
-20336
-8574
-7344
84111
-69762
-89045
292
59794
74363
25204
-77202
1853
500
82818
2646
5956
50435
757
33347
35438
15013
-2983
8121
86950
58549
-2153
-55990
-18255
9626
72784
969
2237
13472
19695
3654
55678
3716
89830
-11204
-41264
1991
7230
-262
9711
-2944
18458
7153
33396
-52429
-34052
-2669
1432
59717
4265
1511
71027
-5287
-2634
-9890
20007
-71354
69129
-63705
3750
43462
-29974
-4377
-8037
-37557
17709
29382
-6574
-13706
-30176
-56622
-3659
44929
82954
-68810
-7492
50513
27104
30374
-49781
21304
37533
78246
-4869
89044
78564
9897
43634
9126
-1281
-8946
-69695
-12331
-61416
26143
38475
73353
-13148
-7181
8288
-65002
317
-4546
9302
1766
13521
3638
-8367
3491
-9846
-55143
-45916
3255
85253
9272
-1787
-71490
-2176
11960
-29523
-81613
7053
-50993
-7260
-35539
3779
9354
-78912
-43010
-64930
1706
2294
50898
-79987
54690
25154
62920
72632
-24079
81744
54833
-63300
-38109
88492
-54560
-6383
-9442
-67472
73466
-50878
22923
51
-20808
3814
9643
44703
-40063
-17670
33249
-5111
1363
-78841
-72312
87861
13835
-3226
10705
37022
-75450
-6605
22113
7047
3748
86661
39030
-6195
-9447
43575
68995
54579
-998
-65266
-11857
-6083
9469
-81448
4287
-41294
58441
26319
1218
74424
-7261
-7480
5997
-16778
-4875
-32557
-62096
53885
14684
80140
-2792
-29139
-7641
17318
-40971
-7346
86309
-78468
1495
6838
-6642
-87803
2351
35836
-25480
-18076
1013
22866
-32355
11993
-50435
6625
-40912
-21782
4917
69677
6297
56549
-60591
-62151
80765
-22125
-77737
-88459
-66341
-64653
-3149
-35550
28116
-2633
-68605
56234
3551
-62059
-388
-78400
6589
2179
-58890
-12466
-3448
-6312
8594
-78225
-54185
45987
-2794
-1941
26392
9505
-39849
40882
-22068
3348
-13867
13680
41616
-85563
-75735
25185
-3685
-56325
-2679
-50984
-1541
-14680
75141
9401
-52037
4011
-6189
6014
3850
4125
53619
-3180
-31232
-34338
39797
48856
2278
-32537
-9698
53826
18439
-73681
41415
-40308
-83056
-9199
6191
3124
-3880
33316
53009
-19009
4982
-15856
-1098
1145
-36691
-991
-89842
19905
-55474
-81046
66277
55633
-88778
6473
-3182
48124
-3893
56041
-324
5051
-12782
-5252
-6657
27831
8409
-38952
-45407
-8434
9577
215
52657
-61952
56118
-9768
18042
8253
-2090
934
-40231
-51197
-8870
75125
-6111
44
48085
-48143
11423
-66967
-20791
6787
-36434
61735
3822
-654
71839
54408
-9360
-4313
-79550
-37182
-404
2465
-2741
-1059
-68562
68675
-3528
-36712
8537
24076
63050
3658
-68557
77390
-53780
-5471
-5528
-110
2710
2756
-7973
10799
-8167
29802
2975
22248
75665
26013
51297
3287
-5133
-31293
15409
19987
88828
-6938
84921
-64258
-9913
-75963
46675
42820
13644
20869
68670
7414
-8556
5951
22
-3218
-68913
47989
-85220
9015
-4628
83137
60211
-7145
4805
-22743
-56199
2654
-2806
498
15956
19543
-538
65406
7973
61082
-57394
-42814
-48921
-75319
-62913
34117
24100
-79371
-74499
70677
-53204
17448
6355
13534
-68657
4341
-58177
2438
-52920
-38920
-88902
-6176
-6642
-5202
6276
3634
-89686
23369
42157
-22180
-33455
-74963
-260
-7950
-940
52948
87840
80380
-43700
15315
-55529
65518
-1542
66125
-2830
-488
-30470
1173
-55111
2146
-4905
3648
83009
-3448
-9358
7307
-43200
8586
-307
-6029
-2829
-38832
-13611
8899
-39320
83245
3547
-144
89584
6222
-10310
36561
47814
5294
87411
3325
48358
7569
5042
74385
11476
2423
-6067
-1859
71742
2430
300
16375
-69975
3287
-663
-45489
-22172
-28806
55683
19867
-2470
-63798
-3924
6199
29599
48178
45707
59636
-34051
-69190
31391
-1690
-2939
5236
84123
27846
-54430
-59053
-64704
3439
-32158
1033
17486
-9866
-65697
1104
6672
-4924
-5991
-6553
2857
-78
3453
80450
-8217
-1917
-24402
-7509
-3239
-23426
-3769
-67373
59673
-3438
-50702
5134
19161
5082
1286
-266
20602
-7471
46837
8896
-7413
52528
48641
48287
68863
-32971
43996
-7563
-2720
84836
63130
-7869
-8929
88796
22223
1625
1709
38380
-84735
11031
-43316
-45122
5140
9100
-691
-9383
-70310
73761
-87249
28832
-7173
-79450
-27502
-68696
41504
-1552
10605
89781
7664
-13930
-817
-29991
81060
43505
-585
72498
-3850
-5820
8000
-10598
5438
5934
-20121
-6802
-7740
4101
-16133
-5103
17156
-9695
-96
65791
-55285
-411
6051
-75111
2670
23023
-63632
2994
2265
-84804
-81468
35166
-2037
598
55176
-687
-78115
-9008
-79716
-3087
-72355
-69056
-88223
-9550
-38484
-20
-1170
677
-4144
2103
28624
17119
8223
1883
-73903
-10250
87464
1537
-4699
9586
-71176
-55307
6147
-3934
33108
75347
-21266
-66803
74726
-4670
4667
11753
2413
-67766
81767
-45804
-4889
-28481
243
4750
52303
88049
64365
-9213
18812
29497
-26050
-41689
-53976
45128
-70997
62981
-79485
20267
26452
-23427
75111
2382
-14864
80026
48816
74689
-6389
-1443
9025
-42214
29601
6352
-3865
5996
6401
73651
46976
927
64237
595
-4471
1927
-4195
49285
-61948
429
36241
-6719
8942
-34286
21749
-2061
-54198
-23617
23031
-2930
82068
-6699
4212
1328
-41544
-43012
22578
-887
-4327
-68045
8061
-9418
-7213
57059
30834
8065
2127
-17833
-7127
-88468
71688
21969
-6484
21964
9597
-65859
-9815
-3594
6465
82458
-76407
-71378
-44634
23332
-24263
-61740
-84345
3640
54175
32108
3926
33875
-58453
10677
-1597
9118
-67876
856
26579
-45400
15591
-61154
-18744
-13171
43290
58279
80681
-89212
5074
-6544
10656
-2458
-5725
2037
6858
15925
-59694
-57670
-22597
33268
-8476
-28318
7276
-589
-85358
3114
-30121
-2808
-898
-18419
4050
67438
-59381
-8103
-3022
-79938
4713
7846
-64606
-38990
-65201
-1772
1247
-27675
75649
6451
38095
-60237
6519
3076
-79490
-2076
7613
24389
2273
47671
-8512
25219
7893
76925
8927
-75754
59922
-4049
49553
1861
-69261
-8721
1227
-55281
-32423
4199
9914
-72752
-15043
-52802
-17758
-81175
69096
71200
2847
-42669
284
48606
69569
36944
-56715
-7295
-3348
-6410
-5634
-8498
23098
81802
34138
88084
393
5397
-61155
-1427
12256
-76052
6881
8052
1969
2301
6076
-724
8374
-8065
84177
-9590
9425
-73222
31302
-64265
76734
-1993
-507
1727
-46410
-75786
-2303
-2948
5841
69409
2404
8230
-2125
-6452
-15850
-27949
12608
7740
-4641
82235
-4386
-76701
52235
-4193
233
-51273
1071
3598
-54510
-6939
-9248
30242
-25142
2042
12917
-82624
-2031
70218
-18966
-83588
-72738
54153
-7786
1134
-39665
8261
68197
-772
19788
2193
-81123
-44926
9878
-48429
6453
22143
-51587
41429
55265
47458
33113
88781
-26379
-24214
-3975
-80405
-5207
-13879
-20901
-5226
8987
59474
18143
1158
3593
33432
48482
-4486
-7040
61948
-5505
19502
60155
70150
-71805
686
-67323
-3944
985
-59685
9356
-83139
-108
76762
7807
65931
5525
8162
-9503
5604
8399
34902
3293
3541
-369
-85486
89759
-7986
-68845
25569
-6015
-4468
9773
18561
7533
54061
3675
13961
-83475
-46229
-46578
-8125
-16804
6986
41205
-60322
-45793
-3482
6237
-89240
1950
3075
901
-57561
24147
38138
-1580
6958
-77516
-8697
-35838
35723
5901
30929
82019
-3188
-39684
6180
54190
4551
86872
25479
2456
23493
21871
-2965
-671
-57861
-45138
-82539
9708
9843
-2786
71388
1510
-2470
15786
8461
8062
-6245
82626
-89356
58325
5490
89459
49947
42491
-12918
49298
-1811
89245
83276
-34501
7404
4591
64967
8497
1747
-3512
-1159
8517
-64389
3209
2470
32602
41709
35835
-6645
68975
-7526
84052
39342
-50266
55317
-66574
-23051
-1880
4405
57379
-10541
175
8152
49139
-37154
45904
44246
9447
-27935
-47916
-6166
52616
1294
43011
-48774
-47685
-49446
-9859
4420
8866
59438
-64177
-7078
-17010
28439
4868
-4701
77464
60375
-7293
89627
67779
-7332
-56241
77927
28556
9640
-9637
-25152
81610
3370
-2332
11002
-80671
1322
88190
-80858
45086
-28196
15952
1217
-72168
7211
81528
-7030
-28833
466
-2668
26879
-62838
35156
9432
-27624
8089
23914
58336
-6525
-7554
-9396
27378
33157
-4281
-28673
-29071
-42315
6529
-9054
9148
-6345
-5552
-6894
-14148
77156
-36112
-9323
5644
34810
86353
-86002
78585
6037
-78204
-67355
12794
831
9578
10604
-23643
5539
-1895
-1888
68483
7717
32120
9440
4953
20652
-1023
857
-1521
-116
-82034
6314
4390
-9938
32
-3698
-3982
-57746
47905
-161
37394
55601
13510
86198
18192
6418
973
1482
-85928
58066
-47031
-6172
-2807
7726
-53534
28962
49091
27444
869
812
-40041
9882
63850
7079
9928
924
-13762
520
-67919
7096
78551
-52984
-2716
-1350
-3991
16658
28548
43703
-58621
-6610
-8779
3726
-43883
59735
-32054
3061
-60159
9385
70988
46167
-42179
-51167
-1512
13408
56014
-8081
70062
-2431
-17111
-85390
6867
-6791
9181
40187
-42299
64651
-73345
-24519
14946
2565
-8484
6460
47477
53466
-26734
6877
84123
-4600
46536
66202
73036
-82919
-36075
6782
5931
9959
5373
68054
34045
-20066
6932
-26327
-65109
-74958
-59056
7532
-36532
43784
25074
18546
-35223
40793
-89873
-1969
65966
-15590
420
7048
86010
9469
49514
-74260
75129
8854
-35865
53053
-2186
-40241
3505
75766
-34532
28468
5000
41785
-6585
36375
-4530
13695
-27022
-13146
9379
26556
25053
9240
5697
46111
-70530
62264
-64022
-18449
-51385
-84293
-35239
-6636
76825
7217
74140
42362
9769
-35653
2119
23132
61970
10548
6333
12567
-6254
70932
1907
868
-12254
-19833
-34529
-7304
-85662
-76978
35844
-22774
-62751
61342
-39798
-5240
-5429
-26280
-55706
-40956
-6724
-11146
-722
5700
45873
25892
-13830
-7929
-5437
-7772
-60843
35708
548
3738
14367
72257
-54636
6455
7441
69387
29969
88801
-7948
2565
-54279
8526
21571
7200
-13126
7842
-2213
-1813
2429
65351
75379
84857
12472
17250
641
1402
52300
5982
20193
-5502
-8700
30972
42248
83487
2328
-2900
38738
3236
-61737
9100
39200
-4275
3955
34478
8149
3109
-88169
-19025
9087
-22511
-68685
77420
3409
-14309
74223
8060
34888
-78977
9626
4838
-5900
948
-68030
-1500
-1664
85469
20991
6626
36482
1994
7275
53976
-1568
-20177
-32060
45491
77675
66820
-3642
78394
1189
-3202
1164
4367
973
3853
-44509
71737
-33917
49773
87894
-1844
18309
70810
-4191
-544
-31469
5715
13
-57728
-39782
-5936
57624
697
-49784
-268
-84248
-169
59875
81970
-8218
4286
4585
-9778
88376
17175
-24391
38266
-84538
-5986
7652
-941
3423
-80756
61725
4494
-22986
-85578
72732
-25619
3828
6024
-38178
15344
-8071
-69535
-56153
-1319
1792
-17416
39085
6194
44172
49360
-4198
-5786
69469
-76507
-1730
-7080
2179
-765
-8769
-11665
-81309
3084
-35304
-9076
-75708
54042
-14812
-1999
9824
-28845
-7441
-15583
25860
-39589
-14856
89540
-5056
-18026
-11886
87942
2403
2980
-7020
51546
-9496
-16130
-399
-4762
34631
-43944
83373
-7683
898
67448
46236
-8865
7689
-26168
-7616
82609
-32567
-73845
52945
6975
2034
-50692
4684
37829
-5196
-8802
-15083
8022
7588
-3462
27910
7912
7857
-1214
80563
88937
8352
-46111
4685
-41353
8421
4429
8206
48372
21187
11457
2372
-6125
-71410
2194
-21877
-38102
-37893
2856
-18541
79891
1490
53447
-25757
58357
-85586
70815
58423
-76909
-21435
8281
-6264
-26009
21898
-7376
-40415
-4809
-35408
-45521
13835
59583
-1983
69907
-5295
13235
-7652
5001
-3872
-1195
4396
34982
-7919
8866
5228
-5543
72416
5828
71240
81401
46191
-6380
33801
-46678
-3574
-86185
915
-45919
-7270
-84524
-4303
96
3095
19574
-8615
-22959
53846
67267
-9161
-1778
-4045
4604
6094
74687
67315
-50601
57188
51845
-80079
3728
-39524
-3936
-335
-6053
7120
-41818
26907
-49815
-6158
2958
25699
83839
-7423
70997
-71105
-6460
-4007
2261
-60758
-69413
7935
77963
-3765
4251
-65688
-68168
48921
-1683
-7201
-1656
-7649
622
-3289
-82482
48222
-15934
-80399
-2995
-67640
33942
-64683
53014
-28593
-48892
-7738
39320
-618
1111
1024
1405
-27222
-6265
-15511
4564
-15097
-3419
-51978
5673
-565
13923
-54072
1857
72878
66756
-28813
-9223
20791
-18847
67614
7698
8720
75316
9568
12182
-58124
5387
-4242
67683
-5088
19171
8515
-7839
-40776
838
55938
4382
63704
-54882
-2853
86707
-87676
-9266
66824
-44724
-44676
-63196
86637
-87129
-76551
-243
-6138
49293
-7818
72612
35167
-8927
37409
-15238
-33106
18965
-7028
-29614
4222
-2712
7487
54401
-7320
-38345
29427
2654
-6616
-21330
-70642
2162
-9114
6811
-62476
-36587
-9135
3242
-39191
-29306
-35783
-5695
-6922
20181
-19281
13971
-2207
1129
6933
3727
5221
-66568
-1976
-66690
-2281
-8977
3096
42885
3624
-897
-6080
8988
-27871
3693
-60306
-438
-74142
18077
15881
7502
53169
-15810
79690
-75678
7117
20188
-1487
-699
5634
-4191
-56134
-47971
85276
-56977
-4603
55119
39120
5652
-89443
-31140
-80114
48185
-32034
9157
-5218
4642
22247
-4001
78567
1228
83989
56745
-6459
4101
-2472
14099
36235
1356
3586
9290
-55795
76133
-52343
6679
9293
-84858
-66905
1379
-59771
-5657
-8952
-13272
7925
79553
6349
-77879
22716
-7218
-6089
57165
4275
20486
-58279
74343
59230
-38
-70450
71635
-86030
-166
5080
-52483
34380
3426
-579
-34691
63912
-77930
21402
-82676
35672
-37305
-691
74050
67509
18725
-80832
1432
-8157
68095
22206
3739
-55110
1470
7682
-111
-62492
7332
-80004
1392
9430
2035
-2483
13404
-8610
-9653
5987
-86
-6607
55867
89459
-89851
86809
57870
45279
-50851
-44569
13127
-5811
7119
-9516
5677
-89007
-13248
5546
6606
-89974
-5754
148
21509
86174
-5098
1202
-4618
1756
-4782
3936
31732
-58486
64063
7674
43239
4212
-7181
-58131
51447
-69437
-1867
12605
68441
-9874
-8212
-61382
-6300
-1375
-18887
-58293
-34029
27740
7564
66229
-55687
-10200
-9234
-9593
82952
39496
70631
-695
62502
8508
77161
3931
46267
-37498
-27533
-87484
-3428
30813
-25617
-78178
-12345
-49883
-2814
-6615
-75086
77913
7418
-51834
5888
6080
-42610
70951
2993
6613
64150
78708
68764
28676
77471
-2740
41035
35444
-4133
-32217
57232
-8353
-48002
-1603
-33835
-53585
-9021
37195
58654
4624
57790
59882
-31389
-9339
6197
-17809
-69379
-931
7666
-4877
1173
9248
88239
18919
-4453
-2675
-56502
66998
3821
8882
-48717
47407
54299
-6359
-6425
714
-4971
-33697
5777
-6235
87733
-33959
7599
-68323
29050
-4951
6795
-4794
39166
10357
70295
-6542
-62177
-27430
-50707
-30652
6500
25603
-1540
26577
-39675
71162
30897
55083
9112
6569
-26466
59831
22380
16913
4344
76996
-3587
-31433
11705
-6342
-33784
61936
-31116
6908
7334
-88625
57553
-75340
-9484
15553
-41899
-4531
-3022
-8423
2755
25888
74964
44638
7910
61710
-28690
85561
-176
68659
42791
-2692
-21656
78335
-19000
-1580
89603
-43634
37972
-50151
53873
88176
48152
-84132
3529
46443
-10333
3512
18856
76834
-44275
-3523
-40275
-18364
50724
73292
-29154
-55464
71580
79856
1623
45236
-5667
-3185
79455
-4335
5746
-55931
2947
-27813
87783
3851
-4759
2869
-86525
-4120
-9533
-3763
3826
-9518
41122
3827
-5072
-80835
-9000
28269
7036
-66299
-29292
17380
-1026
1645
80379
63253
19396
-5939
20160
60560
945
-48493
-9798
62987
-2012
79002
26917
29000
-77129
-87483
-2236
-81356
823
-30838
-63913
-57758
82508
61407
-10652
18667
-37598
19277
151
17838
6820
8237
-4761
-3969
120
36329
75987
-11259
10957
-25561
6364
37052
-13168
-58380
-48808
-268
9252
6942
79553
8151
584
36256
38739
-3468
43590
2424
6413
3285
-2724
3015
14847
-5087
-34150
-49436
-60867
946
4860
41332
45939
65448
-66182
64958
-75264
69543
45359
-18336
-46539
20969
-4822
-7879
5104
55141
5407
9499
-8981
-55334
10017
79934
-7816
-79247
-29338
63018
-88940
-11
50980
-630
2881
-3987
-89524
-57302
3041
85962
57362
73366
3304
58835
-26756
80596
5083
-739
838
-1258
944
-38272
-20396
89929
-36578
29288
-74086
58175
-6141
-3156
-87309
6698
-87430
-19005
1797
-53729
43898
-6152
86536
-17332
-86028
9909
40990
3738
-29604
-7587
9560
10539
-2789
-35254
-2332
-7712
-6686
53630
80226
-53603
-88862
20293
-4175
5449
-15475
7061
6615
7788
11204
9174
6500
-29530
-76926
50734
-57074
-26622
58585
-59964
-9525
77653
-1414
-50883
-51876
-18510
35235
-88496
-41558
-5122
44722
-82019
-1761
6630
-1842
8303
61622
7117
3101
-3427
8681
-5276
79866
-30960
-44410
34667
-33999
-36426
-107
-384
-11668
4510
4168
-8884
22029
-76377
3285
85239
38677
-13425
-8500
-2653
221
-75033
9551
7412
-66957
-7220
54573
-42603
67577
-7525
-8624
-20537
-81825
83226
73376
29815
-4093
11316
65598
25005
-908
-2985
-24428
66069
64875
77842
8320
53774
7913
33576
35244
63947
-79550
85160
-79733
39635
2515
553
15107
-81687
-3472
-3770
60832
2874
3581
-14163
86958
-2657
5763
-27463
1009
70245
-23307
4154
-4232
-13865
6943
4832
-25727
541
-47524
-136
-31647
-20167
-86923
58878
9333
67161
-62177
-20163
-7711
-89572
-32135
-7434
5251
-3320
26689
-72137
3761
3643
4414
8748
77842
-6393
-4805
87682
72181
8710
-24204
-6815
81778
-66027
-500
-40180
5720
-71507
-18841
76171
-5331
-245
52750
40075
-24786
-5785
-38915
7217
787
30046
-44032
50033
89854
6948
58087
3722
6211
5772
-43934
31264
2001
-67854
-53877
2003
-7519
5913
8005
-64005
75874
56635
-37608
-78329
-55928
-4052
-48879
-2958
599
-361
-43710
5400
-475
5551
-5315
-58589
53401
-73344
925
-44383
-85091
-87834
-22421
6612
-76839
-1503
-78133
-3599
81084
6978
3217
30669
39253
-69437
-72163
47870
-11361
26925
4921
-8888
-651
13014
67118
61051
87901
947
16167
-20721
294
5409
63300
50216
1003
-62942
3942
-75504
-43336
-7280
-3458
-33806
8304
9929
-732
24565
-38713
62782
18042
-1564
-3065
-1140
-82378
-27480
33831
3074
9154
4009
-106
79223
937
12995
-61387
4327
407
-34554
-8700
59677
1736
81726
21219
86280
7090
-9442
-85872
64303
30392
-6323
-26634
-41315
67209
-8914
48456
-37011
-18341
-83541
-4510
-73576
59006
58929
4445
-7915
30605
-1994
38835
-43105
34173
26957
-67679
32617
23411
10418
-9427
-11857
77260
481
-3038
-9276
81958
-8409
-4661
-67334
67441
-13937
-33599
10334
69720
9921
59648
15676
-56500
32290
24603
38127
82038
-7628
33083
1494
759
97
6689
5872
-75730
-1997
-8889
-9360
-9388
86168
-16562
-2414
-2455
8388
31642
4616
-9264
63304
-6595
-3306
75710
-9881
61721
9910
-7006
52727
3428
20524
-80084
-3486
70553
78821
-18163
-37615
-27421
88823
-53108
6708
1672
331
70401
-2825
46559
-4333
-63200
-88469
34215
12432
514
-9273
-54981
-2184
4791
-2719
51060
260
4813
-27678
9004
-4502
50442
-9302
-8368
-5387
47647
8295
-10905
5701
-4635
-117
8334
41073
-81093
9759
34292
279
-85656
54725
-47667
74116
-16570
3837
11042
6757
16900
12280
5181
84750
3409
6494
-58442
-85049
-44674
73197
41877
-4115
-9567
