1473
16697
48072
37071
2323
11744
40704
3539
23537
30283
15640
17776
15964
15023
31435
19407
36220
14479
7665
35147
3031
4898
36038
5910
48913
7883
27624
31171
34906
42138
49129
2000
4859
8611
49323
11065
14445
41852
43918
9032
35942
45395
21824
18039
42691
26124
10094
21577
15379
6848
6867
29200
1440
15257
45966
21956
36301
12569
13035
1555
24734
9845
29973
10084
11660
2522
47096
4927
35789
15151
12461
26304
15414
42968
39285
11549
23175
29163
8958
10659
18895
8802
28265
4714
20483
34257
49855
10261
23235
11154
28910
1654
905
35428
5305
46194
43877
15174
370
1243
42498
48709
28002
26407
14078
44587
998
43246
17566
24707
24655
22788
46982
8505
14995
35107
12988
34883
25878
19252
9138
5899
25131
16295
32399
38447
16618
20127
24568
21780
35072
28158
46616
2707
44004
12210
13951
35351
4381
43652
3340
25421
48747
35346
38955
46283
31479
44489
47017
4326
44786
14932
5491
6864
4137
47725
9268
35187
35763
7722
7642
33161
14477
13259
46601
48612
44217
24962
31885
42266
11882
33933
36893
43232
1307
6175
43497
47214
2668
31205
22130
29219
23755
25074
5970
48963
42289
47917
42271
79
31799
15437
21574
901
19777
14855
25199
37364
44278
37550
18805
8945
32984
7935
9187
4055
9105
27572
7587
43980
13678
10404
7264
29189
39713
6004
42388
30304
36751
15262
8757
31503
29569
11866
33213
7441
26824
49829
41685
38059
14304
6755
1832
45610
7266
14997
14215
35004
36802
10631
3416
4536
38276
18124
33505
18411
15636
37424
18459
17032
30771
37501
6084
26018
6438
18216
43294
31019
16193
17487
27366
10739
1665
22197
41696
8926
44281
42218
7049
22899
34430
21282
6184
12706
3077
34561
8648
17358
26857
15317
7950
33910
26597
33128
74
3759
37430
907
18618
3167
19261
10554
6572
34385
10441
40020
1905
2560
32047
8864
21399
3310
41458
1026
39801
25478
22800
6003
26667
38642
26020
41211
28918
28770
12703
40891
15312
33872
16885
24026
22956
32522
3787
44699
18266
35127
39577
47193
14839
25354
18135
804
14498
20039
1495
16745
37486
20328
40134
7452
3955
32660
7907
6630
38215
33796
21741
22333
8749
17401
40227
49181
6345
20179
13115
3341
42883
31168
12251
1697
41793
36550
17409
40568
10131
46893
32823
27164
28707
37848
21223
3111
33125
3552
16887
6718
45779
34955
24267
5278
39733
28234
42848
1020
35254
43799
10205
40128
9134
20373
46804
5872
8303
1120
43708
30012
29917
34316
16494
9240
13173
39683
19752
426
225
4272
38525
40860
21108
1442
46269
20342
44629
7636
15776
38802
33881
15626
13525
21022
29057
8299
39582
43703
32571
16779
39536
9322
6192
39101
20909
7686
34324
43677
40064
25806
43734
4679
27704
26894
39942
1484
47128
6260
23621
32869
37883
49431
22437
38862
3379
34912
29839
8665
27378
8478
42967
35979
1254
30741
21534
18147
22565
6637
6047
21786
1691
12481
40274
30197
37000
14764
41457
39750
32809
39892
47850
5397
23215
47079
14235
25199
48193
16976
6830
42682
706
20193
34803
25704
45953
12061
32521
33908
12912
3224
6928
41122
35346
36381
23040
40259
16457
41266
29910
14865
23122
24936
37030
2656
40963
27751
26219
26711
7835
39100
11647
19701
39179
19642
24791
34493
20575
37357
31403
27496
45141
46623
737
42685
24681
13981
25740
6198
30754
39425
15921
36171
13169
12475
3318
17034
33115
44185
42663
27492
20475
6258
23372
8701
31548
5149
35301
49609
2675
24743
10051
20186
9853
10769
6696
22123
29792
49142
4702
49179
18860
40387
37673
2006
14288
29174
18720
26764
35746
32073
32792
32812
445
37647
44616
44188
36531
9939
31133
37141
27694
20895
17113
28153
47085
34416
19454
8075
43492
24537
21677
4670
27236
40676
26740
24484
45560
18983
367
20833
24715
18027
46172
23604
9923
27216
17922
20604
2302
11128
25609
15240
40137
5318
1586
49398
10745
9077
35973
40570
11475
19341
46251
49516
13801
39214
36454
32314
30304
5552
1964
14153
13612
47475
36550
12665
46969
34934
32163
19016
10312
8375
21311
24523
14306
47514
34118
6589
17888
1160
45444
40075
8057
46289
2182
1521
32731
13791
43627
11698
46021
28944
5171
7644
40468
3019
1370
28654
18276
11382
3009
37119
21954
8335
14527
21215
36655
34619
44995
880
42959
15477
3939
36064
45628
5274
10018
48331
11100
29580
29232
14425
15305
32374
42882
1344
48369
39632
42460
44291
13145
46043
11517
27289
47549
39720
5775
9085
5993
12984
7914
27471
5464
35641
18487
44999
37020
25452
47718
29618
36592
10330
32193
17095
44016
19836
21256
32076
44277
2069
13688
17185
46010
38568
13250
31274
47407
3806
22192
26968
37049
1454
23175
37665
27223
6546
42328
8715
20494
13563
15318
19355
43788
3211
36108
4203
24194
6775
1791
29000
31565
35831
19468
32244
7660
39710
12011
34267
25169
27880
33528
4641
44934
30
33290
11437
5132
35660
7783
11431
6089
985
22212
12034
15243
40061
6079
27734
7544
21536
20027
25933
6898
21140
24475
18342
44508
32513
15278
20310
29175
49886
38719
2176
10825
21802
48984
3784
3527
34549
35433
9171
45153
27958
33047
45016
23677
32155
47761
27895
23085
41985
21625
21888
43490
2286
39845
7355
16735
46471
1980
14945
19454
1516
12571
1285
40787
22842
12185
8938
25920
33150
11007
28480
32270
3497
36480
46495
15947
39834
14721
45587
30511
9369
8737
34432
31830
48986
28799
5136
9750
8912
44989
16126
19410
49185
34503
47068
17247
47613
19567
9908
16219
35151
23127
40496
46608
5898
48546
16183
15370
7857
26557
47287
49611
17992
43426
23356
26972
32273
7434
45752
526
27240
6640
12694
13330
45223
39499
16948
29848
857
25768
19220
21735
23311
26335
37252
15312
10776
26897
41923
27842
9982
6084
18870
33319
14590
24289
40227
12079
28945
46768
48831
4314
19575
13940
26610
43044
18145
28429
48205
18339
27150
10287
287
44627
18674
48846
43685
46457
9101
36697
41763
33438
7607
19059
48536
32651
1399
23294
37905
43962
9438
8646
34960
25777
23825
40425
34203
48578
17115
8786
29358
44074
40716
47356
39082
28280
9734
36487
10195
27774
13082
45770
13595
21841
26388
10024
28758
49216
5582
15118
48674
36773
9420
14177
49039
13102
6816
28122
5927
46366
47560
22808
5120
34800
1949
48828
14216
13908
4713
5857
29890
33323
43588
2182
47204
39661
35777
12582
10251
39908
13654
47400
11154
37703
44854
861
35013
20529
44225
44074
13270
6991
43072
25179
42330
14612
30906
33042
46103
24563
37387
33344
4665
30406
4423
26403
41335
37970
7147
25337
41904
33970
16759
37893
22168
21962
1936
26173
47637
48221
19700
45893
17159
6758
3251
8341
7861
33477
35979
38137
27538
22852
41210
3447
6641
33402
44237
21392
48549
48911
49140
19676
25094
12978
43291
32740
17149
31194
5913
44615
37391
23870
35296
5718
13503
33968
15626
31948
49286
37957
41594
23673
22251
42022
16688
9496
11266
33125
12101
4361
10725
24093
36148
7943
24852
674
34474
30442
45644
41474
1682
7710
1431
18566
1099
21829
23790
15929
17224
26902
21890
5973
2604
46354
21684
13787
23159
1815
3286
4184
27017
11356
23008
21245
9287
19205
22394
14474
41926
41998
39688
20225
16371
32388
47
43275
6715
20101
30417
42810
27276
12283
31050
25867
10069
16665
33173
34692
27654
21415
35724
34022
44164
225
2534
24589
14871
31823
9930
12093
14125
33176
38120
18880
4374
34941
10977
43340
28599
37835
42472
43209
13975
35832
34547
41817
27993
10646
20835
42362
18523
12107
44911
8476
11223
27915
8515
41129
22408
6995
45920
106
16720
17926
47764
32106
32853
5722
12980
37427
31700
34211
35609
30642
24297
697
12016
12017
20708
2146
34545
19681
14444
983
26290
27814
41015
13660
477
29229
4936
21718
46078
34099
11592
19155
3437
20322
42882
45892
26830
40335
37339
45147
26376
11761
33213
11835
118
8720
44449
44923
2784
32337
40161
5193
37290
15049
11244
10287
20611
23277
3371
20041
2102
27383
5271
12497
12164
25296
48112
38133
10063
1070
30391
48828
673
21723
37644
40255
48287
42134
36978
9517
26175
48982
46434
13380
3446
34380
36464
9330
38164
9968
8356
17019
40014
17679
32417
29706
25821
20338
33382
40594
16932
25487
7740
44478
33432
35165
33809
11245
32915
39925
1078
17037
26486
23434
34326
37150
17599
15222
16880
6687
14047
723
4990
13414
45952
42297
773
15018
40825
40535
24218
42723
21293
16613
23311
15147
20646
825
40039
22930
9538
22767
38504
46676
15370
47900
16889
17384
18395
11168
18941
44242
22201
26921
39472
37974
32684
43050
16771
25867
46150
49897
29160
2014
18286
27708
8320
25452
722
44143
1734
13645
43506
18919
26128
25553
2895
3437
74
2929
28406
22335
20866
49177
27611
3458
32229
44930
37224
16286
46735
16835
4274
42048
42004
31408
28315
19607
23345
38152
36452
32050
27506
27283
27481
4717
33628
12892
11661
11782
48459
20380
12016
21463
28129
2513
14740
36029
48259
18531
9724
11248
34667
6900
25015
45140
14828
39685
45035
22140
25719
43981
43786
14431
28499
15114
32368
4796
39239
21084
8655
18602
32219
27462
46647
35560
15669
45808
49456
38037
18378
32605
33956
27693
1190
33791
21560
36799
33914
1966
16139
