2571
9775
6037
-7474
4477
6160
-610
6035
-1253
-4183
7652
3894
761
-6251
4273
8794
4674
5252
7835
3083
2863
7990
610
5846
3357
9330
5726
7628
-918
1136
5606
-8079
-7294
8900
7569
8339
6542
-9587
7481
-4458
-4251
5960
-8346
7234
1641
7148
3905
8184
1266
8663
4760
7744
-4395
-3813
-9626
-6815
-8406
6992
1546
1791
834
-2494
-6893
-8318
-1372
6372
-2855
6256
4478
8549
4464
9429
7826
-9895
-6764
8596
-3328
-1548
2768
-1993
2257
608
7771
2497
-8312
9814
7926
-6309
-2165
-6983
5771
5668
-1023
-2632
-8574
6812
5206
6471
560
8768
-9055
-495
-8549
4776
-9683
7905
-720
2134
3636
7477
-1281
3204
1849
3816
1947
9869
5899
4204
-4884
-9389
9425
-2105
-3481
8677
9692
-559
509
-8857
-5863
9648
5108
-6555
7030
6073
-753
8577
5285
8238
2293
8173
5455
351
6641
6208
-6338
-3036
3395
4110
9629
8151
-6278
7138
-885
-1700
2553
-5320
-4419
6692
-3011
-8639
-1076
-7583
5456
-3481
-9929
9532
5657
-2041
2879
6245
5731
-4651
5708
-1230
3288
2119
-5153
6873
9543
7223
-3125
-2271
-7389
5107
-1975
8850
5306
8718
2223
6669
8403
5352
3959
394
8854
-5686
-5368
-3128
8347
3614
3940
8549
-6123
6181
-1440
-8353
2354
7934
7443
9963
-7330
3716
9700
-2731
9310
5036
-7612
9246
2781
-4369
9645
-4645
2571
-3166
2434
1458
-2379
-8887
6954
-5562
1559
2603
4665
-6720
-5746
5224
-7096
3153
-5526
-1480
1943
-1563
4438
4505
-7959
3689
988
-7916
5716
9252
3488
-2875
4821
-8679
8666
2192
-2246
-6864
4057
2591
6472
9145
5592
-8008
-6260
6092
7966
3081
3120
-6730
8309
2024
-6777
-3898
255
4265
-1877
-416
3635
2085
6347
1658
5730
3935
3094
9381
7356
1545
9811
2775
-8666
3507
5708
7018
8258
9561
8070
4096
9984
8584
-8069
4403
9603
7643
3452
7071
4725
-2220
-7137
-4910
4713
7693
3371
-7615
4417
-5775
7882
8715
9003
-2374
9515
4938
3943
-7004
9682
4762
6370
6738
5144
5026
174
7863
4906
198
5171
5853
-7976
-8875
1883
-8997
-798
8723
-6804
2850
3670
8264
-3196
-3182
-8024
9844
-1656
5987
3445
-3640
2077
-3290
2449
1720
-7145
511
4087
1082
-5523
-9379
-4355
-9606
7537
4988
1929
2117
-122
2135
7076
5676
9641
8907
8418
3388
7212
3406
-1041
3695
-2327
-6124
4865
-5444
-3989
-7785
-9032
764
2507
7693
3127
3515
837
8198
-8286
818
-7536
2130
8544
3538
-5700
-6126
-8654
4682
1645
6816
1011
4754
624
3920
3769
9667
3330
-4459
9885
-2868
3785
-8626
4701
8613
-5044
-8765
9790
-1344
5549
9157
-6113
-7064
-2181
8610
877
329
8337
2745
-998
3470
-8007
1287
3838
-4558
1280
-8411
8632
-1697
-234
8250
-120
4043
-7431
8103
3562
-9842
-1355
-3223
7426
-5395
2939
7483
7649
-8117
-2359
9118
5917
3634
3030
4168
9874
3045
-8991
-3398
5239
4525
9003
-9714
4801
-151
9960
9038
8417
9357
7437
-5220
4440
6628
-1300
-2527
7232
7266
-3418
1056
1795
5899
912
5931
-8743
9437
2315
799
-4895
8198
-3195
4159
781
9815
-2341
-2820
-3854
1451
-5850
7154
-505
9002
9559
3218
4567
-3786
-5054
6691
3755
-4942
-4963
8177
8476
3425
8121
-3382
2925
-5045
3117
-173
7324
-8135
4392
5196
4457
7327
-5015
5814
6648
-7032
206
-915
8585
434
-7670
4118
-5587
9238
9653
-8110
-1720
-9208
-9988
4064
1853
4060
3895
612
9358
9060
8992
6297
4945
-4219
4311
-5662
-7359
5625
5563
6757
-1735
791
5737
5655
8057
-6087
1655
-2449
360
7913
-9584
7382
3957
9421
-3100
7120
-6989
2131
2555
-3005
-4162
9749
-7908
9548
8109
-4381
2827
4627
1677
5099
4599
-9284
3935
4414
-209
-4564
5715
5432
8443
387
4125
6194
-8507
6271
6030
8924
8369
5437
-9536
924
9845
2274
-8056
8128
1025
-8092
5460
-6253
-1301
5393
8048
-185
8303
-4646
-7549
8412
-542
1327
5322
5475
4651
2556
8850
5581
500
-9986
976
-306
7926
5915
7248
-6956
8884
-8643
-7884
-363
1847
6283
2658
-289
1367
-8560
-9467
-2273
-3369
3789
6576
-6775
8620
7438
-5788
2499
2773
-9209
-6649
985
-9492
8380
-446
-6830
7758
-4618
8290
-8596
8623
7365
-6142
8725
1452
-9646
7673
9729
9686
5555
2261
973
-6324
-6659
-5631
7229
2912
6209
4280
-5778
-6019
-6754
9359
4693
611
3868
-4472
1122
672
5807
6727
-1835
6921
-122
7370
6370
-2252
7645
1234
-3064
7536
-4414
-5303
7643
4218
6487
4438
-3071
4149
5688
2285
-9355
-851
-696
-5571
1649
9696
-2999
5587
2565
4838
2783
9351
-718
-6291
4196
-2993
5484
6782
9608
2862
4383
-4799
3459
-6516
-2814
5665
-9863
-1024
924
5190
5670
7103
-6861
2335
-3339
1355
9224
-6547
-8689
1679
6654
6073
1253
8355
442
7237
2344
7040
6883
6176
-9667
8817
-485
786
1828
5129
9508
1292
-1340
7720
-9222
-5205
7800
3720
8868
3774
2538
8694
6690
1326
188
6573
4714
4137
9009
4779
8431
6513
-9282
3138
8866
-6630
2092
-8210
8435
2361
2154
1441
9991
8821
5838
6916
-1921
-7715
8948
2413
1405
2036
-8141
-4839
5379
-9807
3010
302
2592
2920
7199
5988
293
4759
8077
-9336
3039
-9818
8573
7804
7397
-9996
-4971
-9486
-1383
9073
9783
5804
5865
-6387
-4544
2944
7948
6937
4381
510
1450
-986
8087
5911
9950
7080
8689
9082
3323
-6055
976
2869
2899
8123
-5262
3132
-4146
-5785
1530
-2628
5066
4054
2971
-960
8318
7527
-1413
2404
-3365
8316
7709
-6669
2932
-7786
8278
9075
3150
-749
-5049
8829
3991
6811
-6340
-6034
1066
3332
-320
-7075
2102
4397
-7830
-4237
5543
4331
4231
9177
-2811
8217
-6204
3284
1363
-2986
239
4655
-9479
1245
5658
9298
5372
3391
1211
2007
3881
3190
-2328
8896
3803
8713
525
1968
4551
-8105
1377
-8210
4431
4248
2468
4544
6459
1633
-2356
-5592
7736
3132
-9453
9164
9643
4841
4442
-7237
6239
9877
9327
2394
3076
9717
-2071
7093
-5705
1814
4618
-688
7852
4007
-9774
8989
-5193
8961
-4138
6320
-7308
-5179
9158
2938
472
-6797
2038
4586
4194
4262
-4103
9974
-9859
6055
2662
4293
3409
-727
6752
-2682
378
-1046
-5960
3942
8911
4419
7261
-8282
1133
-7992
4785
2972
-9861
-6052
8889
3927
2629
-2406
-7855
-4374
5618
-2048
-6845
4472
-3558
6432
1406
2360
5600
-207
9663
8544
7179
6150
-5614
2439
3273
5324
5513
1807
6098
-8867
4793
5326
-5463
6670
915
3303
-5943
5937
1463
-6735
3143
9333
9318
6839
-2174
2879
-5669
8407
3196
4368
449
3853
-4190
7872
6359
-9586
3244
-5812
5687
1256
-3758
2539
-3448
1605
-7342
8927
-8616
-199
3737
-105
-3805
-2240
7350
-1557
5185
2869
4860
-7302
1516
2415
5720
-6469
3930
8606
-7921
-3328
7789
4299
5804
9242
-5801
8441
9640
9215
3526
-1372
6870
1110
611
-7032
-1308
3241
-8845
8421
6265
8902
6132
6568
-372
-1530
1500
1644
-4232
-6848
9396
-3368
-2666
8499
7545
132
-9399
-6623
-4843
-3515
5107
5183
9232
-2485
-6581
2124
1680
8601
-9164
-2609
7805
-5949
-9047
3648
9426
1577
1859
4566
2190
-5811
9407
6210
1225
-8480
8146
6421
1989
-8371
3150
9568
5032
2021
2062
8172
2205
-741
8642
3411
-407
-9830
3192
4157
5061
-1499
698
3618
504
2801
-2516
9479
133
274
6698
6425
8062
-2983
3843
439
9912
2800
1243
7790
1002
8674
1669
-6724
1425
-8481
-4841
571
5849
1012
8674
3528
-1726
3051
-4011
6298
-1403
990
-1369
9693
8897
863
7900
-8213
265
6568
950
6046
2356
-1552
-5617
-6226
3250
5557
692
6221
1131
-1705
-3799
2543
6216
8168
7285
9321
1075
4423
357
8182
3542
-8725
9239
2431
683
3564
-602
917
1922
5322
-1308
9070
3268
1348
1869
-9116
9903
-8673
-1767
-7517
1671
6606
8196
2850
1259
-8180
5070
-4822
-6534
7739
6857
-4738
8381
3480
-7044
8934
-6538
301
1212
3502
1170
4863
4911
2991
1241
7748
-2425
-5973
5288
6739
2653
-4427
-1219
186
-9818
7173
5364
-4837
-9210
2654
-6200
-9764
-3431
-2081
8280
818
844
6720
8256
-7433
553
9391
-9662
804
5868
5829
3382
-5871
6131
683
9892
2396
111
-6237
8870
-9248
-8417
7916
-3723
-4437
8709
4533
5561
-9535
3701
-8116
136
6734
9220
-7368
-1419
1360
711
2801
9194
9873
5860
9317
6305
8714
-2706
-7300
9842
9399
5589
8295
-6177
650
1570
9878
-7150
1182
4780
3988
-4927
8126
398
-4165
6762
1821
1954
-3183
7184
4731
1191
2051
8720
4712
1722
2505
3128
6533
9805
-6050
5297
2806
3624
5651
1494
650
7538
-3493
-5898
8000
3340
706
2082
1736
7542
8540
7373
6782
1803
-6244
7768
-724
-9966
8763
-716
4961
9401
-580
9834
7628
3001
5331
5132
3142
-7489
-8931
4222
4789
4453
7922
4300
3548
-1975
-4252
-8924
-1641
156
7885
-359
7400
-4780
-5745
8564
6464
-3495
-4408
6615
5068
8421
-6841
3567
-4210
-3054
7289
-8181
-9482
-694
-5208
-4051
1528
5721
728
4150
8866
-232
3256
8264
5142
5822
9693
8271
-3469
-2293
1952
2143
-1791
1176
6486
1658
9386
7143
176
-5804
-3777
6574
9945
-3385
8330
-2749
1957
-4752
-7495
-4913
3658
9536
6167
1175
-6953
6077
3448
2047
-5025
5621
9088
5142
-7757
6779
9272
-5252
9811
9981
8580
3769
4624
673
4779
9582
377
7171
3501
6558
5563
-1041
8296
2574
-1418
7040
-8071
9063
9264
6364
7871
-9052
8346
-385
4124
2915
5148
1927
9499
7831
8554
9194
5277
9422
8504
-396
-1766
-1118
3009
7100
2253
1283
1774
1205
2769
4289
9552
9186
7723
5709
-1511
7268
9181
2462
3008
-5131
9529
-8918
5741
8440
-9582
-9550
6191
489
8905
-6957
1161
-5514
6198
4723
-8277
-514
6943
2077
1644
3867
988
5480
707
-3314
2068
-2297
-5247
-738
-2356
5480
8697
321
-2498
7372
8754
1611
9310
-5310
8014
7885
5181
9444
863
8075
4275
3230
4998
-2467
3043
5023
1053
9390
4370
5556
1288
9551
-2144
-3548
-2850
3511
2707
7672
6098
7926
3373
8782
-4836
-1765
3854
-3783
6174
8774
9338
4503
-6451
5017
572
1132
6436
4883
6897
2832
2594
-486
-4336
2906
4320
8835
1217
-2211
1989
9860
2667
4797
7110
-6220
-1253
6047
5625
6211
-8743
-2999
8569
2084
-3726
6373
8738
-8262
-4215
-2536
8687
-1131
-3765
-8688
2387
-3987
2343
-5282
8233
-9405
-4042
-6893
1628
-3714
-8682
2960
-571
-2887
2957
-1343
370
-5045
-6082
6424
7543
-7165
6776
2264
-6364
4738
-8933
3728
7899
-7182
-5028
516
4736
-2371
-2587
9401
2682
-7230
2753
2445
6187
8658
431
9526
2951
8674
-7031
3989
6508
-1140
8268
8776
2525
1530
8386
-1046
4071
5863
-3116
7132
2442
-9970
-8014
1637
-9504
-9438
7960
4416
9197
5274
-3029
-5809
3065
6574
-9218
4464
7550
6033
2187
6490
262
9518
1847
-1454
5429
6112
5503
-7822
9500
-2196
-1600
9978
821
-7773
-7106
-3315
-5535
4245
-8093
7526
-2282
5799
8447
6241
5937
-2812
9141
-5431
-4117
-2153
1183
3327
-7364
3511
1166
9713
-7135
5138
-7427
3652
-7158
5330
1656
2177
-8944
6557
-7551
-2566
-7651
194
9412
6665
8249
484
8309
-618
9854
6759
4601
5813
9456
430
867
4728
6577
-7073
1377
-9318
5980
6415
2958
-8022
-1021
8487
-4919
3054
4098
3947
-9266
5613
-550
9804
821
1992
4468
-3568
1959
4819
9282
5933
7145
-1791
-9991
-6994
-3316
4838
761
4790
-1278
-287
5597
634
1224
525
9343
1244
9298
-7006
8508
9314
6836
5413
-6911
-3398
9820
-9498
682
-851
-7650
-1334
3699
5627
7856
-7948
1848
-6406
7978
-1606
5651
174
7480
3687
2503
7314
9876
5916
-5460
5045
-7943
-2600
-2788
-8800
5464
2843
1452
1708
5879
-5889
-8764
-8551
9953
9524
-4853
5897
-8509
8890
1261
-1184
6706
3707
-4710
7026
-6511
8409
5143
3986
1595
7048
-2104
-9657
387
8688
5049
-3867
6804
9058
-6745
1208
8145
1010
-8969
721
7990
4857
3417
-6410
-8790
684
9913
7280
3991
4858
5388
5915
9658
-952
7221
2096
-1478
-2621
3296
2665
5651
-8987
3806
1691
7390
-8515
5662
-7828
-3439
3013
8940
3473
-9819
9615
9126
375
1325
-2591
9156
-7309
-4372
-5617
-9732
5206
-725
3412
556
-1492
-2244
1765
-2784
2972
-7481
1974
1008
3729
-3535
-2824
5064
-5333
718
6931
5744
-5551
-5069
3440
-7894
6750
8396
8906
5096
3182
4404
2634
-9408
-3764
642
4093
8525
4811
-1994
2815
-5048
-3751
7153
9893
2840
1955
4240
1953
-6095
6994
2226
4810
-494
7825
-7617
-6082
2075
9086
-6760
-5569
-401
-1939
2818
4599
3206
2875
1965
-8951
1558
1149
1566
-8659
3234
-1404
-9292
7046
-1805
4748
2407
9656
9742
6137
861
8607
4718
-1699
-846
-7741
-9906
4104
-9351
4489
5037
822
-3880
-5849
685
4370
2230
2110
-1342
9687
-3117
2586
5307
-2569
2378
7862
5575
-3949
1378
9665
-7723
8361
-6998
635
1507
-503
-2193
8662
-9138
7185
2662
8830
8677
-1713
8311
-2958
-2948
2969
-717
6813
8669
834
6122
6119
8773
5724
-7552
-7536
6987
3306
6896
-6799
6268
-2872
5802
9278
-8754
4196
-6911
3368
-9285
3774
2411
4456
8597
-4272
-1210
7084
-6594
7077
261
-8318
9854
7404
9731
468
-7920
-2865
-2375
-3540
6106
7559
-4199
-1563
6440
5077
7427
-3353
3279
-9148
7860
2110
-2860
4575
9903
-7810
1402
-2924
2570
-8969
7663
-3583
-4066
2161
9033
4621
9397
2860
4232
-3916
6812
8892
7551
8252
7268
-439
-4920
7310
7333
8384
8593
-764
7186
5667
6781
9157
2479
7503
-862
6802
8824
-955
-5995
3719
2541
6503
-2116
3954
4656
9372
-2971
4639
6356
-4188
7921
8755
2756
-1308
-2110
2451
8154
-1878
2160
9718
-363
5902
9877
5007
3988
4506
-8856
-6688
2351
8985
6916
8339
-7843
494
1798
9934
2490
-5474
9551
9015
2481
6353
8017
-9745
3861
1461
9518
3669
7956
-7464
6546
-7493
8855
4640
4640
6229
9576
7510
9928
-3727
7597
7515
1348
4852
-3226
-2473
-4983
796
461
-7523
-5130
-900
-6725
4171
5146
4536
-7882
9491
6575
4503
-8632
-5729
4801
4825
6616
-9209
-3047
5922
-2610
-382
-667
-8351
8865
6452
4571
7558
8333
3166
5369
-5863
-5749
8717
2479
1460
9434
652
-2151
4710
5159
-677
9435
-2947
418
-5574
3430
920
4400
7482
-9931
5036
5946
-5495
7041
3264
1596
6727
-1053
7147
9237
1760
-4031
1274
-6768
2290
-6180
-879
-7305
2775
8260
-4955
2143
9536
687
4062
5468
5432
3122
4268
7622
-119
-9507
-946
-7998
-240
-9263
3958
-7039
5088
-1806
-910
-8218
-5313
5612
4320
7281
9843
-2124
8378
-3400
-5563
3301
8129
2186
-6906
3581
9432
-9212
2403
-2352
2526
2551
7913
9237
-2649
-4514
9568
6633
2832
518
3878
-2861
193
1952
9765
8705
-5521
6000
6029
-1755
235
-6534
-6517
2650
8751
8824
-8554
3367
7041
-6082
7172
-487
-1591
-2298
3937
9148
-2081
-7072
-2965
4944
4086
-8223
6797
2104
2937
7116
248
1910
2831
-5557
-5913
1414
773
8435
4593
9887
9448
5499
-8386
8601
-5285
4325
3957
9319
2898
-6008
484
4073
-2110
4004
3320
9176
1247
1234
5284
1833
7901
-241
-2774
9411
-7046
5950
-4195
3789
2020
-8263
1013
9981
2259
384
7626
-3729
-6839
4772
542
2079
-4013
7375
3574
2814
1402
1720
6910
5287
7409
359
8357
-1206
6719
115
4083
-6385
-4239
2088
-4088
3639
-320
5648
-7476
-5070
-5761
-8772
7800
-3879
1994
-5200
370
-1404
7922
6565
-2063
7403
967
5903
8518
9430
-8984
-7817
1752
9719
6838
-7300
758
-7969
-2702
-872
-6677
-8257
-4327
-2501
1116
-8165
2427
9653
-402
5689
9256
1371
8805
-3706
-9183
-2861
8675
4178
-7395
3434
2518
-2974
6187
7651
1935
3859
-9958
8408
8776
-1646
3675
4121
1769
8023
1053
-6449
5896
2402
5171
8452
3131
4402
-6899
793
-2920
2135
7555
5088
8379
4156
9571
-2962
-6829
1400
8002
-4956
-6133
6362
-4140
-1677
1889
6683
1256
8748
8102
293
2492
8619
1414
-3546
1886
4228
8615
-1310
-2050
9747
-4162
878
1843
-6427
1798
1185
8623
5211
7210
441
-2833
3755
9872
7158
-5665
-7225
9808
-7901
1049
-6450
7681
-8716
3590
-6053
9889
6608
9719
9858
4940
-6236
8994
1279
-4186
-2986
-1744
8636
9370
-6369
4597
983
-5064
9677
9807
-1760
8510
624
8655
3568
-914
9863
-4783
2495
7081
9481
4180
3809
5722
-9976
2327
8662
4612
-6767
943
-9172
7648
413
6745
-7539
-9859
5817
9785
3113
547
-1879
-7485
-3515
-5533
6930
8097
2791
3267
1606
1425
3597
-8188
-7892
308
4383
2935
-3016
1630
6455
-5004
3323
8057
4299
7317
-7355
2322
6969
1209
4107
-4140
-3289
550
7407
5277
-6032
3259
-9644
4646
5592
898
-8744
2120
8581
-1192
-4403
-9295
6660
-102
7374
852
429
-4950
-9955
6079
7466
360
4764
-9509
-3827
-6266
3025
-2731
5978
849
6426
5424
2615
-1664
166
2072
3966
1197
-1547
9261
2201
6274
4859
7482
6852
-8892
1884
-7170
9542
233
-1964
4678
-3698
3699
225
2803
-3503
-1571
8754
-4357
9141
8196
8711
8793
6647
3844
5820
-1711
-6126
4791
7962
-4670
2962
909
247
-1355
9005
2784
1801
7613
9619
8882
9218
-5868
9507
-5763
6320
6677
4036
-6742
7435
6098
-8136
-7918
878
-1594
662
9594
-5193
-1123
-5421
657
2395
-8601
5214
-9000
4162
-9440
9414
2195
8192
-9093
1553
-4852
-5439
5916
-839
-8661
-4373
1448
7886
-2998
3982
8594
3932
-7742
-5070
7939
-5496
374
-9397
6658
4266
1438
3774
-5412
4202
3090
-2736
-4260
-6025
7015
4696
9904
6596
2999
-2534
2412
5565
988
-9959
-180
4215
3053
5445
-3403
7592
7997
7641
-2350
7367
4341
5100
8925
-6342
-9525
3213
2593
-1379
-2980
-6146
-9139
9957
2617
-1296
-8899
879
6649
5709
6069
-2791
4343
8292
4852
-194
8808
9252
-4012
268
6471
5988
1759
-2514
8552
5362
-1173
7314
-8859
-3687
1158
3383
3161
3565
-5963
-738
3466
5294
1172
-4945
-9088
-3474
-738
3755
6478
4482
5881
457
1042
-3197
1837
-6262
5550
-6238
-2518
4799
2849
-3682
9168
-1796
-6194
2828
4899
276
1412
9232
-5847
7818
4061
-2302
3211
-6414
8135
8578
-5030
-7294
5361
6514
4353
1913
5539
6172
226
9407
-1054
-1935
-5397
-8387
4746
4824
6578
7600
4503
7792
5449
-8983
2090
-6392
1917
903
2517
1998
7708
-2236
3156
9030
-8628
6915
4705
9434
-6831
8200
-5753
9178
-4063
4406
4086
4994
-5306
4625
503
2634
3754
3196
6929
-1217
2646
3368
1449
408
4234
7029
-2525
5139
1708
-9762
253
1679
7265
-3631
8318
-9461
6805
8255
2584
-2645
-2431
2995
6897
-5464
915
7565
8352
-762
4318
-7938
8446
-2484
7032
5217
4712
-5501
9078
4853
3822
6694
1577
-5974
6044
-756
-3222
-9462
893
-7218
-1876
2376
-2343
9718
-5420
9127
-6728
-595
-9977
9918
2345
7733
-7449
-1552
2321
2300
3288
-1832
-2998
3665
4611
-3060
3009
7466
7785
-829
1927
6045
7115
1502
-1457
1537
8899
-2348
7453
4226
4627
403
5270
8531
3247
5688
7360
1380
4335
4781
-2091
5152
1404
-6300
-377
710
9969
-7829
7412
1892
9096
6988
-1631
4493
6354
-180
2646
-1294
1139
7005
9499
1676
7947
-4952
3054
1149
-6479
7729
-4962
4174
4923
5037
1388
1543
-9155
4842
7611
1791
5840
-2997
4649
3553
-7958
4272
-1991
-8562
6021
278
1736
-8931
7427
3991
-5511
-5706
7691
2415
6360
-8113
6430
4366
-9366
6924
7129
-1073
9482
4783
9727
9993
-3511
9148
6809
9121
-3140
5805
3240
6939
2435
8695
5929
4324
4806
3934
5052
7507
-7984
-135
6983
-8743
6913
3660
-5069
2370
7343
4643
6158
419
4716
7558
5329
-1045
7384
5908
1999
-2662
4987
6176
-692
483
6177
6809
9638
987
1741
1941
2934
1774
1555
5232
6960
6821
-7189
6837
-6853
1656
-1804
-9116
-3889
-1910
975
8985
9141
-2501
5976
-8047
-5607
-6307
-1607
-3056
4329
1517
5519
802
6783
1799
-1699
4766
-5592
2314
1623
7501
-8419
6214
-6320
-9008
-4079
-3138
7055
-9559
762
5482
9961
529
5208
9643
-6617
8136
-8347
7982
2507
1499
3569
3410
-3948
-1556
-6527
5803
-6785
-3424
2440
-879
-1802
-8959
3899
-2370
-2338
6749
6102
9977
8256
135
7374
2123
5359
4620
5938
7469
1868
4604
932
5470
-5105
5328
817
8590
-2407
-6755
1432
-3920
1468
-539
-2838
2027
-2475
-555
637
3340
940
4035
-7329
-5657
-578
8645
-3790
1865
3231
8572
7770
-8372
6517
4637
-680
1653
1199
9059
3146
6174
8245
5899
3208
-6186
903
4031
-3551
1475
7370
-2697
7469
1490
4973
948
2935
-9882
3261
-5773
8903
7451
2623
2910
1014
1448
-7631
4153
-8191
4756
1931
3398
-3451
8571
5482
835
5783
2493
3991
-5020
9639
7186
9548
1928
-5483
412
3206
-4664
-4688
-9278
603
6157
8679
-8685
-8400
4875
9040
-5139
7506
-4067
4376
5746
1074
3539
3034
467
4129
3479
-1602
-9857
5855
4193
5942
3568
-4581
7698
108
9196
1073
3058
8547
-1641
-5096
2213
-1023
6447
3537
6469
9515
5714
3150
-1761
-1339
2715
4754
5382
-7827
-1804
7153
-4539
-1991
6309
-1083
-4236
6744
425
-6530
4716
2730
3408
6273
4385
-4769
687
2949
3297
-4885
449
7001
4818
8946
3084
-9226
5804
7251
1332
-5115
5780
8870
-7076
-2731
2918
8419
3085
-8405
8761
4191
8856
2057
397
-2418
4592
4374
9195
5156
2477
2623
6040
3739
5602
8630
1641
111
8686
5045
334
3271
8361
-6334
4041
-5364
8835
7569
9161
8353
-7448
4946
1275
-7928
9295
-2760
2925
1410
9903
-5033
1587
8515
1514
6427
-1307
6980
5151
1578
6683
8801
6545
5119
1587
4014
980
8865
-7041
2700
794
5883
-4767
-4046
-4220
-2116
9601
6695
3509
-7922
1623
3145
-8133
7313
6992
3381
5541
-4752
8386
6297
5091
2183
2239
8557
4955
2501
2921
5628
9359
1634
4937
7706
8166
-6674
7098
-9210
-8038
-4471
8194
4861
-2142
1106
-2241
9751
3636
1777
-6250
-5770
2697
6436
-9234
9972
-7290
9635
-4370
943
3116
1955
-5827
1594
-726
8062
1134
9485
9946
-2609
-5322
-9318
1760
2991
-3956
-7997
-6250
8665
104
-7362
-5247
6401
8113
-1341
9780
-696
-6476
3022
515
8851
342
4230
4339
5554
2271
-4563
-5823
2260
5278
5831
9583
-4563
4508
1183
5144
9094
4421
7742
1382
5336
-4753
9894
-934
1527
-8851
-3237
657
5659
3615
6013
6120
2502
1312
7305
712
5283
9119
9395
-1235
-1698
5125
4730
7352
7065
-3571
5361
5390
348
-8129
1931
-7475
-5683
-9539
6835
-9615
1636
2603
1307
3577
-8327
6406
3589
8007
-6679
8934
1121
4655
7056
6133
9041
6393
4167
-5877
-2736
-8192
-9608
1527
849
-3805
-5608
5024
7115
-3369
-4498
-2440
1240
5322
-9168
4777
9212
8841
-4189
-3474
-1296
6492
249
6314
5730
5452
-2170
-6363
7849
-8562
8882
5190
2762
6188
7931
-3515
4813
3447
967
172
768
6932
-2099
7650
-8435
3603
7717
8702
-1824
-7954
5203
6342
-9337
1855
721
3876
1367
5462
2675
4680
4286
4501
8411
7186
3133
-9536
-9983
-8897
-9169
-8306
-925
9188
-3160
3331
3527
-6540
-1430
2531
-8048
4093
5337
7811
7091
7017
9442
-8731
5540
7543
7725
-5868
400
-6559
1084
753
517
4389
1248
-8865
6125
179
4830
8980
3228
7700
4064
6661
2820
3997
6055
6903
6224
-2649
-5836
-9908
-5297
8108
-5866
8157
-2282
9037
3798
4168
8164
2413
-2106
3855
7405
-7397
2125
8190
8417
1199
-7332
-7049
-9959
106
6371
-7276
-3346
669
7095
-323
-1876
1368
-2457
5518
5937
-1425
5942
6869
2693
805
3044
428
1220
9148
1584
-7037
7911
6254
-1735
-1608
9819
-9014
5642
-4745
2314
-7836
7328
4216
-4518
173
9247
-5159
5298
-5661
4621
-7559
6148
-7455
-3464
5918
-5819
5530
2829
141
3270
4404
7858
-8581
2072
6959
4379
9540
-9261
4605
-3558
1469
-6669
-5037
7635
5019
430
6480
-7652
-9838
-1672
-683
6025
-4351
3200
8891
5420
2401
-9083
-785
4889
5692
5231
-8267
1176
8261
9740
-5677
5222
-8063
-9585
-3161
2269
8459
6952
8569
2182
6247
-3002
8009
1094
-5474
-2874
-6031
613
1091
6559
5878
6088
4644
831
7910
5019
-9951
-6664
5045
8715
-4119
3954
-3770
-2686
-4769
8522
8813
-1107
8848
-9757
-6002
6869
-9820
-1918
-5820
-9699
2727
8077
7866
4353
7622
8504
5100
3009
4429
864
5257
236
6893
3148
-1450
-5307
-643
646
-3395
8969
8978
-4379
-3498
8061
5585
4373
5378
-9497
-5090
-2865
-8543
-7534
8733
5126
8348
-5665
334
2711
3488
7103
-4464
-9494
2178
3204
6498
3875
-8095
2275
926
-6159
5617
1815
6740
-1998
6697
-4144
767
-1178
8725
4135
6829
1961
1614
9557
3211
-8876
3548
8714
-7886
8706
4238
1514
-4478
3696
-8966
3095
739
5787
9362
7245
6522
6322
5250
1981
-9727
-1527
7200
3967
-5050
2113
9979
9855
9875
3280
-8521
-9247
-5346
-1623
7593
9616
-7658
8570
-3260
-4873
3763
6292
139
-6021
-1043
-7047
2235
6982
-7675
-1881
8125
-2606
-8089
4763
-213
2447
-9349
6547
-1939
8451
-2388
7725
610
2448
5331
-5958
-1989
2252
4788
6029
8353
-7783
8556
7977
6701
-7099
-9887
5224
-1238
-6323
6533
600
-8136
-8726
1073
-4172
8832
3938
4642
-1405
7697
-9317
639
4448
2564
-3281
4313
-2611
2234
9066
-6284
6111
4066
2206
912
9347
7709
206
377
-2094
600
4879
6807
2525
-7754
9351
9409
9737
-8951
-7084
-1773
8762
7179
-3018
4746
6056
4146
8805
4714
-1501
6105
5225
8955
261
-950
7303
-3727
-7882
6617
2226
-8008
3993
-2531
7057
9000
1493
-4562
-6754
8469
6383
2698
-3877
2661
-4298
6608
5463
-5415
-7417
8778
1718
-7346
5500
7676
8998
1481
1689
1438
7018
-4050
2199
4655
5863
1239
4789
3277
887
5382
9060
9798
-2931
1780
2741
-8225
-2069
9720
-9737
-2799
6732
4784
5635
-9750
-492
8139
1824
2370
-1203
4748
9373
8370
7931
1153
1156
7181
2278
5562
6672
7360
4016
6746
-2481
4793
-3861
-4676
9016
2583
8429
5225
4260
183
-780
1029
7892
720
4845
8600
9018
7723
-6956
1230
-6766
5353
7649
-1218
8688
7359
5543
5433
2963
228
950
-5372
-8549
5778
4082
-5549
8120
1164
1302
8047
7563
-5134
-8392
4125
2019
2183
6035
2326
285
4401
8154
7407
-515
1017
624
-1406
7045
2560
-4991
9840
7496
7413
-3260
4649
4920
-6884
9609
-3540
7580
5827
7205
7870
7742
-2900
3111
4763
7496
-111
2072
-3721
9999
-1498
9075
888
4025
307
4146
2136
789
5202
-4825
1599
-1368
1966
5912
6463
3883
-5625
3124
8068
6195
6173
-9741
-2251
4251
-1780
1571
9193
2171
-2680
-4647
-1440
7286
3725
9627
9472
5053
4664
9657
-7079
-6387
-5271
9032
-755
4408
3178
4437
6377
6148
5853
-1767
7168
5038
9438
4896
-4365
2843
-1994
155
-6889
7423
3922
9245
-8463
2860
3938
865
-3722
6727
9423
9879
5869
7284
471
1385
6412
5051
6254
2997
1288
-7916
5805
8076
8430
-1877
8114
-6465
-1385
-2136
-8905
-4758
-3029
-4281
3096
1485
8445
-7278
1347
-4864
-2497
184
551
1497
2694
5935
9235
-1498
2081
3880
187
-1694
3918
3087
-720
650
-3782
4932
5762
-2151
-8403
-4963
1596
1869
7929
7034
2846
2360
6616
1350
9013
7049
-6801
653
8438
3730
8500
5258
-2168
6910
801
-8044
8231
-8642
5370
-3304
5036
226
7105
2963
4291
-7059
-2497
4547
1339
1384
-6021
4896
-5720
6125
3270
860
-1664
4992
-4787
-8510
-5865
2114
6667
-7796
-1204
6069
9776
-1609
-5191
-887
8397
858
306
-4588
-3797
752
-1841
7639
6115
4277
-1604
7703
8291
-551
8071
-9908
5751
6508
-5536
-7678
-1308
7302
-5335
7195
-4854
-6728
-9486
-4445
-2318
-273
5856
7378
9244
1255
7913
3341
3271
8362
520
-5347
-8388
5944
-3426
952
-6483
3966
7126
-1067
4620
-1739
-3193
8208
8420
8489
4434
-7972
9006
5927
7819
2206
9225
6790
1400
-215
-8577
3639
179
-5577
-7631
-8001
2160
4593
2751
7378
-5054
8911
-7887
8212
4039
-9428
4633
3504
9022
6882
119
-4186
9080
786
9832
7503
722
6586
2198
4176
6142
6949
-8933
-3685
7290
6327
-3079
-5683
3773
4397
9597
1770
1855
8020
2488
-5711
1786
4432
4342
7216
9021
-602
283
-1006
5687
3537
8163
-7850
-374
-9981
3500
2331
7072
415
2619
9884
5416
5462
9158
-9005
3997
7503
2521
-3490
-6419
453
-2537
571
7827
8343
-1305
3793
-5890
-5102
5468
7883
9025
7897
395
4132
1431
-5204
-9863
-7699
-1522
6441
1780
7685
-2151
-9657
450
3752
7686
3730
1467
386
4694
7949
-6788
9925
543
1681
8416
8640
2708
5423
1667
995
1988
-981
-2309
3859
6033
8541
-1155
7681
-6220
900
-1080
1880
-1198
6689
4529
-439
-9640
3712
-3321
7931
8457
1409
6296
3943
-4131
8886
6902
-2234
4269
1835
5872
5317
3317
7486
8016
4459
8751
-9225
8333
6657
-1489
121
777
7492
-7166
-5022
2423
5359
2835
-7102
4323
-2785
5271
705
5202
9808
-6712
-3607
7962
6049
7757
-1767
-1444
9561
-1500
-3879
1603
5978
5802
-1476
8875
1605
-8403
-6329
5599
5174
-1667
8390
3548
761
3059
-5599
8895
1562
-1301
1606
-1679
-7858
1461
8321
4268
8057
-8075
2079
4254
-2771
8738
-3342
-1361
-7813
8108
9392
3032
488
-6435
6337
-7027
667
4132
-9310
9230
3531
7674
-3208
-6998
1727
9973
4152
-2479
7681
6543
4423
1637
2222
3988
8022
7852
-5521
-4727
-6301
3511
7098
-2499
-5252
2765
4779
5710
-2511
9421
-3814
7530
1644
-558
-1711
-7825
-5584
8797
6896
-7033
-3935
-549
540
-8563
8955
-5433
-7803
-2966
3582
7575
4385
8981
3148
8425
1987
1152
-4280
-5511
9837
-9799
-482
9529
3885
-1127
-7156
9813
-3490
6765
-9513
5083
-5542
7551
-8069
6619
-9000
-9459
2112
-4405
8172
1786
601
7930
7365
-4520
3302
8454
-579
1014
-2649
5295
2933
-4195
8186
-8003
8288
4630
8455
3778
6698
9889
2992
4905
-3891
5856
2914
-6306
2227
1647
5782
1122
5551
7808
4981
-8583
-1497
1539
1942
-543
3779
5577
-2518
-6349
873
-8757
7362
603
6854
-4220
1270
6557
4641
2749
2105
-1204
-8473
8697
3226
2169
-7901
-9068
5814
6289
8593
6513
7546
6084
-8158
6680
3664
8589
4452
-326
1718
9454
7933
-172
6937
-6590
3270
2696
-429
764
848
-9594
5404
5025
4913
-6056
763
8852
7272
770
8011
6880
-9290
1854
3133
2007
-212
4358
2424
9600
5071
-6680
2785
-4885
7160
664
5299
1017
-8222
190
-2290
1652
-9027
-370
-2635
3219
9446
-4813
-811
4661
548
531
5997
9285
-1726
-9634
3814
7001
4568
7272
-8485
2523
9738
3275
-7663
7749
3247
-7501
2776
378
5371
-4636
8979
-4711
7301
-6130
1624
-3048
3830
3995
8981
160
-1299
2788
7708
8153
7986
-2826
-2596
-743
4118
-7534
-8717
385
-8466
-4696
6492
8535
833
-365
-7534
-5338
-2225
9063
-8119
9109
-1841
6087
1347
2980
6976
683
355
-7576
2781
-1873
6133
9486
6216
7897
3638
4142
-1258
-1118
-8296
2871
1548
-1177
5371
-2097
6113
7997
4459
-1385
-9375
-8298
6601
3754
7114
4515
8682
3385
-1125
8964
5433
6660
2099
3981
1720
1475
8420
-7478
-3806
7085
2038
7490
-4054
-9046
878
5455
8038
1831
7802
-6846
-5377
-7351
1645
-3543
1083
-7801
7006
1722
6558
6545
-5052
3513
-7908
383
2455
-507
-1336
4460
5269
6254
8115
7173
296
-9805
6446
7833
2224
9784
2574
-8289
-7068
-5711
6081
-1129
7813
-7849
-3769
-6168
-9504
6196
540
5551
2996
6633
7920
306
-674
908
366
-9989
-976
5968
1227
-4606
-2748
880
8871
-3317
1962
6728
-5022
6909
-4090
-341
3512
-6223
-476
-242
-7945
-2964
-7164
9029
3420
3073
