2191
25525
38721
33635
16022
34479
15502
16236
22448
18729
39776
13697
39825
19558
30344
39607
24519
37218
28808
20956
34147
28867
22650
32895
21952
35147
17834
30839
34698
26487
12298
32729
28020
31617
28563
37077
22754
12460
25112
20674
23061
18160
27830
30019
35647
26698
25057
30529
20966
20254
26241
17159
12096
27138
34062
21537
10326
13992
28112
38608
22729
13526
34422
20060
31186
37145
27638
28825
39655
31189
10754
16034
10933
37419
29737
37801
27434
22129
18925
35357
39183
21226
16054
16397
12948
17236
21687
27187
23553
38380
33253
20353
11351
18604
30887
18912
30883
16978
18762
16575
39009
34704
37500
24790
36291
12332
33628
28804
14408
23763
19460
17914
35471
32103
38782
20022
20701
39263
32756
10180
23928
26021
36789
38958
36700
35653
15595
19025
11580
39657
36741
34485
19734
37624
10096
19962
31195
23805
32922
21682
36864
37283
31508
35706
25504
29119
26875
12698
16379
11311
23263
10642
25440
27379
35014
34006
30776
29736
21272
36367
12549
32818
27859
28972
39656
37944
25017
18436
23581
10833
20492
23890
14229
30012
39772
13021
17438
23606
23858
35289
26473
32430
26705
32116
37388
13707
19596
15092
19254
29443
33662
35091
30372
28125
13357
27556
29096
27431
29026
17691
11646
12669
37117
14123
28945
24627
27204
34329
12512
29496
23315
25080
31927
22926
25737
31853
17355
27091
12014
20696
16725
10441
11336
27410
35755
16390
18301
16454
13805
22294
20848
33870
36819
34686
25781
34242
14193
16091
10082
14093
14525
18752
12952
10939
12058
34376
38453
26278
30036
21801
23236
28644
22219
32148
15215
38449
18745
22952
13199
29909
33002
12518
37967
27284
33003
14555
24824
27878
12694
36299
17801
25781
10941
35685
26723
16228
29344
27592
30670
37066
27784
20996
17469
34859
26473
15639
12194
11795
27860
24794
35688
10932
12062
16990
16312
10705
13588
26385
14092
11796
36101
15445
36556
12139
28250
35052
25996
10368
39505
31634
21935
28403
12527
14815
18613
27709
24965
36285
30248
35518
13195
19524
16614
38422
26649
32707
26980
20121
10681
29284
29984
28313
11018
28684
11565
17571
32330
28827
36624
16497
11611
38264
15421
26751
16865
37608
25411
20704
19135
33479
16773
31126
10400
25078
12563
11487
19335
24795
32527
10275
36890
12995
27414
21763
28242
24071
28349
31419
33217
13792
37614
18590
20400
38151
19768
12844
34767
22606
21599
28877
15780
15149
27363
10928
26972
26976
31953
23465
14121
34221
15384
18823
14135
30320
12249
21051
23865
33774
16081
16474
10522
13630
11732
36997
15744
11351
26795
16940
13281
20497
26690
31637
37967
15106
14248
30716
35526
13633
33829
13777
13900
21895
18746
18126
15655
30685
35557
27562
38025
16448
17565
10516
11035
18586
16841
21166
10248
18557
23614
10441
13440
13607
18130
24848
28907
32242
39511
10198
21133
36019
26694
31703
18603
32891
37295
14831
36501
26151
35509
28716
21577
22430
35033
20748
27581
17072
36014
19443
27189
39570
22201
28764
21910
11305
16954
35422
34492
16291
16399
30646
26132
10076
36155
38500
11817
32158
10899
23667
13701
28425
28680
33290
12358
20076
34186
21054
17958
38972
38787
14735
14631
33381
29022
19042
37735
24701
30382
35989
35113
14103
24168
13148
30735
10121
38880
14640
36532
22957
20270
21753
16177
10629
23449
33282
22740
16326
38962
22884
36900
14049
37286
38546
35889
25815
14017
10925
10928
31363
16702
19573
18037
10205
16421
20001
11416
18832
34478
26530
17757
11320
30171
27025
38442
21304
32903
24883
20548
13964
37472
11588
35013
23154
26343
20800
11576
11579
31625
31487
29338
28596
29921
18883
21722
32394
27262
33264
24346
10556
16208
15452
22065
37607
32828
24606
19744
16976
10056
29866
32644
30919
38478
30961
39783
31962
33152
30467
24613
26836
37445
29271
33241
25387
16704
20603
16881
30578
20983
10793
10193
32840
19956
32853
19649
15992
17057
31371
18792
19346
33569
23241
22032
16555
18846
10668
17164
25672
37858
37886
18104
26882
10744
28590
30643
22948
22797
25924
10713
18367
21294
20548
25397
25964
27363
25379
34678
28568
32960
18482
32908
19042
31095
10246
11941
33150
38916
22379
21917
14504
30346
13314
20514
30258
29854
14256
18873
13419
35319
26388
24940
13052
15491
25683
26551
15808
12957
29007
14559
11964
26407
36784
26865
31351
16563
26853
21908
31468
23856
30079
10546
24077
17756
36465
15351
21126
19963
32726
29676
13534
23084
12238
36201
22367
16614
20837
17489
13278
37800
15538
25012
19519
24568
33763
21899
25265
39689
27154
35115
17364
31500
14258
13655
26326
22120
36092
11966
33087
27025
35143
10068
21355
30361
13856
39414
23891
26541
22535
16678
34033
36497
31847
24305
13969
37389
24717
13530
32803
13163
39488
19647
30025
33336
31833
21507
19498
35151
15921
23557
20213
13895
39222
14969
10751
28626
28078
16984
14249
35429
19456
20604
33315
30507
37834
19496
19402
25849
10689
36110
32662
33281
16879
13186
35801
23005
15808
38522
20847
12954
10043
13770
27940
37313
29138
38269
28392
25623
25645
10647
32195
28938
13751
26509
39693
29405
30700
29704
22889
29931
34502
13010
35561
29384
11476
20713
39982
24863
19200
34458
17281
34456
28187
37657
36025
23611
17684
27217
16114
32886
30502
31399
28910
31034
29244
39133
28118
18945
37764
19953
27736
12508
11464
34300
16080
23203
12671
17733
17352
18111
22767
24502
15696
20301
23426
32016
17936
30380
16618
15006
18807
15758
34173
28805
25487
21750
16677
20799
20244
10511
11398
23442
15901
17957
30537
24508
33934
28200
38618
33623
39654
27791
34378
36331
36484
37101
31846
34032
27718
17875
15225
35277
10619
24993
11378
14257
30912
30113
20223
30925
30402
34366
17615
10652
39177
24503
16671
24098
20720
32985
27085
35994
15309
31873
10130
30618
39317
35829
32664
18565
20642
22432
12435
25511
21521
30356
32122
35879
18487
38832
18194
17412
32683
23262
26337
30486
24660
32142
28181
11253
30750
12132
23822
21247
38202
17303
23735
25882
35010
20179
23491
38272
13270
39253
28585
10323
10626
24842
31646
31576
26018
32279
39057
25816
22666
33983
35238
12669
26451
27809
30732
16100
17390
35327
18645
36133
11444
30618
30308
36706
26090
15118
35043
38886
10074
27960
38254
39091
36170
19184
18139
12104
30035
16274
36364
20616
25766
31360
39158
24632
14839
30385
19459
39975
32723
20254
35194
20915
19859
17650
39390
13165
36957
35117
31460
23922
38960
36047
29018
23287
13237
29415
24798
29050
20221
19851
27444
17207
12025
20997
23620
13749
20261
35868
14778
38565
23378
38406
34646
14412
14885
39925
17420
15881
21608
25303
10856
23055
36986
21395
34502
16425
24527
38314
31042
12970
36337
13183
30870
10372
26042
18675
30862
11016
25349
25803
28306
39208
22256
35264
39219
12788
22624
23918
11453
16441
37258
30234
15999
25576
28523
17563
25692
25116
24457
14776
26024
29171
31874
21024
13669
27769
29052
33116
15091
15355
21979
28154
16388
39477
31203
10804
32064
29375
18904
14214
35239
33932
31561
34093
33989
31294
18259
20386
14936
28716
25973
15540
31572
26385
39772
26278
27719
22162
37965
22967
20000
27778
18221
32322
21434
35259
34637
39870
17797
14755
27927
18504
20553
31917
28669
29936
38592
17984
15218
22333
12144
15219
36573
32464
25554
14430
16696
10004
39337
32077
32139
12367
20764
14763
14819
16790
34031
28490
25288
11043
19749
15539
33394
27365
30657
39725
36334
26841
33780
31841
38105
25597
31074
15055
17847
21250
29863
15793
19847
25260
12332
35615
35396
16085
33910
19144
19969
20084
39882
23421
11725
11627
37490
24382
23451
39078
12968
10794
28077
38842
27622
13506
10436
32985
16028
27977
19311
37345
39597
14612
39253
22707
21491
12353
39096
25393
14313
21543
28313
16383
20446
35634
12914
28580
15425
20214
28611
15795
32149
24839
27248
28376
20530
19119
29655
29777
36900
25217
15574
39518
15469
20972
30080
30744
29643
11630
13714
34284
18758
29200
25609
27913
35909
25908
33095
18858
12194
23355
35046
30597
26309
21690
14515
36745
11210
13937
39894
23847
36066
39089
10518
10891
16201
37927
12981
29874
35829
39496
19605
10186
39568
15728
26246
31331
33588
29568
14961
38953
38421
27414
33467
37526
34445
36576
17461
25609
21032
19633
32679
22238
17094
21986
35053
26309
30475
22584
30579
36184
23889
32118
27090
36357
22102
23907
14886
35053
23889
27678
32543
31125
38957
10436
28707
23420
26911
36269
38467
27119
28395
14613
25610
34505
16281
37211
39919
29827
18236
31740
39101
24467
11586
14623
39541
36752
26080
24228
35989
37129
28367
16562
35384
13530
26545
21868
37270
25711
11845
13175
26150
12607
25569
21596
16568
36619
22501
21948
23172
16057
28438
25600
32861
34501
28207
30916
15431
37244
34885
26927
37942
31899
20278
27869
38624
15252
21636
35160
10642
19325
22674
11373
35844
33049
26278
35470
22823
12461
11514
39807
11205
17840
18996
36432
37467
16002
18474
39898
31878
19034
20815
12015
30169
36962
27484
11363
19085
16419
10816
28755
13236
39452
10968
30014
10369
34520
39697
10455
12740
10611
38957
18140
26524
11554
10673
26327
27385
13982
37297
28223
14953
23569
11607
16313
37878
26957
32015
26730
22698
28019
26479
23809
20572
12274
23056
27255
12617
29535
17415
22760
19816
18396
37655
15519
33542
27007
28818
12047
11775
32964
38319
12568
34542
21682
15140
38528
20908
33219
25680
22579
11302
33298
14141
16209
11797
13124
23486
24850
21156
14213
24936
14027
32489
34525
30043
22968
19595
24602
31645
27072
27071
31558
15130
23354
35303
20043
33415
32445
16426
34870
17152
17485
14873
19351
28370
20728
31380
35815
12657
28526
24607
33185
22068
32220
29734
36360
31105
25058
28688
15544
26017
19756
15517
10835
16133
32441
27225
15521
22148
33171
10744
15616
16082
31542
30442
23847
18704
25767
35630
24246
17602
29042
31775
29463
22457
17373
19636
32256
21978
29180
20942
37623
30056
27118
17584
13284
27292
14635
11569
27837
25011
30801
26940
37461
20874
10154
17621
28183
24847
39369
39988
13399
17616
24598
35000
18068
21273
38751
12400
34289
18011
24654
28401
24642
29256
30346
25379
36596
23637
17484
13272
21251
32228
39544
15925
12380
19650
10642
18649
39550
36835
18097
27593
21499
31400
37674
13677
24127
30653
21972
33056
35515
31713
14521
16311
22512
38621
38881
35645
25365
14340
27471
26509
26593
35977
36589
13433
27595
39107
21140
12499
19157
12491
20241
36182
39394
37248
15982
36824
10421
22874
24411
38694
26220
26593
32789
31036
38406
15487
32660
16646
21780
11044
26190
11573
27507
22835
12210
27727
35509
24735
19139
27253
11418
31465
15338
39544
26052
11422
25320
21544
10506
31730
39877
37891
31593
10477
18729
39478
23615
36658
26609
28614
33795
13079
14035
15306
16637
28872
21252
12445
37798
30520
22803
14228
30164
35744
15996
16406
39640
12809
33901
19181
22946
22793
16916
18348
12046
39420
35428
29606
21086
34506
10309
27153
13965
18434
20850
22771
27303
16159
10764
36494
19682
19095
19468
27553
31194
32199
38194
27355
36398
37437
18063
17852
10732
28793
22653
34250
26194
15353
25782
32407
34426
20647
36531
27284
24863
17080
30358
36387
36987
31712
34252
25351
18550
24806
25546
29077
24544
34456
27198
36969
33361
38650
20726
26552
36324
39206
17093
14796
25976
12066
23441
37292
33344
24312
13886
32429
30444
19402
32111
39523
12411
38269
16896
30493
24876
14306
33657
25441
20462
33700
20246
10946
31658
17486
33408
20207
14065
28570
10992
37339
14830
20908
30935
27781
39544
24955
24438
37290
37284
15407
15092
30108
11633
20833
35026
31677
11359
11591
39023
26097
39459
21371
18532
16585
30490
36102
14230
31441
10245
28229
16164
25014
36834
21038
10334
31845
11472
21333
30483
29680
10379
31993
31303
13977
13225
34302
19604
29658
17326
14907
18073
30274
29288
20599
30328
37158
33416
24505
30369
27697
10003
28207
27687
20091
23858
30796
14743
20951
31834
25769
10291
13162
38653
14884
26305
35984
37299
38549
18435
24035
11648
18324
36565
26580
30134
33596
35719
20816
30070
15277
25202
27712
21346
12102
16508
39794
10170
13518
11270
25428
35422
15797
33427
17177
37969
22398
13933
25254
38422
10198
10490
20151
33422
26605
12871
12353
26571
13871
28333
32711
27383
36665
12856
21744
23329
12025
26136
33807
34594
18332
26366
36468
37845
35922
24501
11388
33591
32619
26428
22581
36660
12627
35133
38947
20076
17064
29456
17213
36749
26373
35092
15931
22606
16015
11429
19834
13150
16973
18033
25104
15269
16329
11052
34438
36555
12032
23953
21900
26034
37975
25460
12088
28100
39813
30296
18211
23676
24907
11111
33527
38647
26187
32553
13468
12323
22953
21505
22353
27483
22429
32090
31338
25798
16467
10599
14371
39748
23534
18376
39949
21173
13015
22572
38012
12875
12308
32750
31894
31713
15844
18669
17537
36587
39777
24011
38003
12917
11126
28998
15624
20538
25793
23611
10982
23413
22025
35960
29290
10009
14043
29587
19838
11684
17601
30978
36052
38615
24342
18615
31911
38864
11500
13697
22160
39521
39842
11547
39284
27119
11981
37704
26761
17038
38486
21904
16345
20731
13879
22309
13332
26527
23740
28453
13141
37943
37704
15669
19288
36080
33139
32961
33854
22937
13661
20990
26333
34130
34132
39609
22494
28107
13400
24409
15104
29852
27645
10401
12683
10902
17851
30391
11662
38197
11224
28218
30352
39623
32644
26197
27525
19640
38984
37585
30054
19063
20760
16451
28201
14954
13138
30146
37861
30703
13445
25680
11831
18793
38893
37246
26578
20310
32370
15034
36025
16605
27107
21276
31967
28011
26450
16639
31343
33694
24820
21851
12817
10270
10227
13761
23816
27396
20549
11190
19751
34450
32460
16877
20906
32540
21535
36783
30478
14889
10135
14161
15702
14198
16449
11838
29735
18163
20419
20615
16177
27249
14513
19407
19144
24225
14403
11839
20961
24377
26340
35078
29901
25189
19798
