-83214
-49718
-55411
-93494
75681
-27393
-67138
75045
81408
-18101
53537
-35345
-31770
-86483
42582
-10087
-77756
29170
-57654
-8007
94555
-58172
-29012
-93373
8172
8172
-98997
70814
-23264
-82523
99201
-71751
-81776
78883
-36259
86390
-80429
734
44506
-27630
-9895
-9895
-75211
-19963
50423
-61926
-14414
-8533
-8533
38174
3721
13789
33164
46370
-25552
97771
43631
-20525
-38361
86016
-87545
8875
60217
87448
80801
36233
-79197
-28100
60576
-31774
62564
82484
79546
-8949
22019
-95518
-69366
33867
-25090
-75718
96713
-76371
-35071
-28875
69504
36737
8867
47411
19158
-5020
-5020
-99300
16053
-65775
-421
32080
84204
-20603
-4877
-4408
-6008
33426
-9622
61675
-53154
-98030
-43141
75597
3151
9626
9626
619
48960
-17421
13769
-58868
-65180
-92949
73995
-90841
54608
-64211
-42534
-40188
-11785
-7405
-7405
58070
-4213
-4213
-36310
82847
-86977
5594
5594
58928
85261
-53179
-7433
-7433
8890
18699
-75156
-9714
-9714
52974
63449
42764
-54385
-49535
28515
39869
28670
6256
-88717
1490
1490
59297
2690
2690
-27969
13994
17302
80289
-13
-13
-41299
80744
-74065
-87875
-64321
85807
-3160
9807
89196
-13023
95802
-9840
-9840
-40422
35593
-52800
-5071
-61856
75116
-9266
-10403
64338
-15873
18082
13790
36305
-63962
-89027
1983
-73741
53045
-18091
86261
74570
-81412
2125
41026
74375
64420
-12352
9606
89186
-44028
-8681
13873
-52305
-48023
-36285
88098
-71658
-34270
-71208
-29576
-20695
93604
-4678
-67795
-91821
73880
41160
78290
73620
-63774
99107
-3957
70541
28870
31877
62842
900
78052
92505
-6956
-96067
-2173
38494
-47267
-39303
-89780
-5695
-5695
14183
80911
99180
-1926
-65830
-97977
-13087
-41553
72040
4742
4742
88156
-31340
-63535
17630
-46531
-80511
-76257
3906
38048
-63962
-36749
1107
1107
-71427
47262
-72492
98627
-80319
-30745
24585
-27697
-23419
80640
-57351
88133
14076
6591
6591
13395
14371
-34951
-96990
7560
3312
80745
-64688
-19103
58067
15090
3793
3793
-59334
-65444
-8921
-8921
19328
-35512
21657
82578
-87887
91160
-82778
-79717
-82545
3179
-4064
-5019
-5019
-70595
-25871
-7362
-7362
-78486
63087
-81119
-83221
23315
-19062
26275
4065
19422
70035
-77550
29677
9935
9935
55920
-8455
71697
94997
-1415
-1415
2242
-62837
-59100
69530
-27034
57412
-53917
-64976
-33202
-48985
49533
-95329
4250
4250
-53144
-99880
-61731
-9801
-9801
-3611
-34510
67730
76920
-90827
-52332
24792
70704
94835
-6104
-6104
-43352
-27410
-4657
398
-83144
71449
49637
-52456
-44338
51557
-42938
-36611
93438
-63313
90002
-13260
59908
76123
-66192
1026
2041
-64725
30985
-44929
2926
2926
35146
-82134
-63245
-79700
-26817
-51089
67670
52800
78818
90623
84733
-4203
-58004
-49754
-7496
-7496
46007
11692
-26582
1165
1165
60085
53391
75350
36517
80416
-96411
-13585
-857
-857
-21507
-39174
85933
-35882
1809
1809
76846
-24651
-66936
-37948
-49948
80026
43099
91706
40526
95678
29664
-562
-25038
42607
79209
-49338
-35690
-80898
47619
53536
7013
23168
8308
-62261
-1433
-1433
1681
-12481
-54714
-75640
6451
6451
44319
-9198
-9198
-87868
-96671
-90268
-28059
-62312
46430
-11823
69823
77401
-5581
61088
9985
3692
-5326
-27905
-81493
-61395
-59057
-4759
-86771
38906
69697
-53336
8899
8899
-33124
-21448
-57683
13244
-60787
61476
88319
-64182
29416
22175
48274
99236
-92326
98569
2399
49170
-36483
5119
60416
-48378
-73720
53650
65278
-3218
-3218
-59868
64423
3489
67897
-73162
-40522
-67050
-13910
-93591
70983
-42046
78171
-84058
85167
92283
-6640
-6640
68545
-87279
-2925
46523
-1008
-43909
-44250
14133
16217
-87209
-52861
-87574
5428
-59229
-38615
3103
-13449
-57407
12158
-60653
-42579
53410
-32517
45341
-57208
-9397
-46910
36229
-97067
79966
-83409
-570
-570
-77332
27545
61258
-80775
64560
90406
-60614
53846
1003
1003
-47502
59632
82326
25316
-430
-430
-8358
-65109
-57311
-88299
31561
90161
-64332
-26480
33349
-22798
97341
-71875
-28801
-62989
27636
7013
37587
-59409
-22647
-8344
-8344
-48082
76797
65182
6164
-914
-914
59041
11299
81546
31237
-98706
86753
54
54
-71026
-70142
-84892
-23824
9233
9233
63696
7948
2632
2632
-57802
-70038
-52409
79023
1583
1583
-90596
-23925
35245
75670
22330
-27337
-84513
85295
-13518
15593
-66356
-25400
-8812
-30300
12116
-51611
-86983
62654
-22078
83467
-59511
48723
26983
5633
-78192
-3725
-3725
-3141
-80247
77071
-11853
-32166
-84391
40629
-66746
-57941
43253
-94273
-67890
953
953
-22130
-1479
-92218
-6207
-6207
9403
12171
-75838
4646
35276
1373
1373
75365
68121
56406
74658
14069
5981
47995
24139
-69129
28328
-30893
-28290
4733
4733
10369
-48017
70086
37630
-20168
-7312
-7312
39680
16658
-76152
5939
80192
-72714
38124
24005
-38286
-26141
5506
5506
-2914
-96655
-44070
-82652
76506
-18116
14026
8868
8868
95073
-43145
-50301
-48959
61891
63318
-26827
19455
64247
4849
4849
31637
50930
35815
-72938
-47537
-50058
72945
-80973
77619
17664
-47566
44958
-7264
63259
-16214
44494
-98836
2616
2616
68244
20066
88965
-56918
-797
-797
-88982
66181
57715
-88296
-68096
583
583
-25995
-29922
38787
97334
2313
2313
50831
85614
-73595
-96627
-64420
-39162
-5100
-6495
-1631
14977
3622
92469
-2295
-2295
-37636
2229
3856
3856
-12900
37925
65367
-77153
54840
90877
-82444
-58646
76726
36506
91106
-27275
-17478
-18124
-80389
97670
1428
1428
5842
-67410
-53475
-46018
89866
-15813
-20788
5661
5661
73973
26081
88768
988
988
-86965
-80779
5160
5160
-4977
70471
-34396
-76311
-80064
-93063
81766
4359
4359
42795
-35188
-1163
-1163
72691
34727
-99944
6913
6913
-9076
-18951
-73562
94970
94947
52895
3419
80570
-67811
-39236
-37598
57514
-69867
80271
43707
38628
1306
1306
-38645
21894
39001
67055
28425
-76133
26776
97062
99925
-81286
-32847
-80107
-76992
19314
-72641
-37530
-13036
9506
-40759
83675
56243
-51313
-56579
-4731
-4731
20941
89795
-73154
52903
75310
42017
19854
25113
-66496
7664
27271
-35165
51076
-76410
-24877
193
-52427
-90044
-46800
-10895
-46566
-88504
-36698
-95695
26284
-64879
63829
-81526
8672
-44913
31269
-99
-99
-49909
-43884
9851
-67306
-59482
57032
-93253
-60687
-11896
-6971
30428
-3142
-3142
92486
21422
-47847
6521
-48687
-4771
78154
-51867
-28094
80141
88163
28745
-67599
1222
-22448
88342
37865
75207
-5202
-5202
19126
-46259
52817
45907
58859
50748
56201
-65633
74213
67434
-72002
6265
-28222
-91334
98171
-26239
-18232
-72244
53213
-5183
-5183
-98174
-63442
51825
55493
-78778
6226
6226
-90385
-15318
435
34213
61725
88381
4332
81270
84264
-53613
-50920
-70870
-80610
-73751
20607
-30986
89323
87534
-70215
-85585
17184
4200
4200
-29796
-95788
16467
63083
-15896
5076
5076
88341
-82290
-11461
1001
1001
-5346
-52846
-62784
9918
35255
95318
59855
87127
17061
-64667
46139
-84562
15400
-90722
2588
2588
-79587
93557
1691
-89438
-81510
4236
38496
23282
-7945
-7945
84379
-56896
-68838
-43256
-62837
-65516
80881
-19644
-79104
-60829
-14635
1294
1294
-54011
-80463
1665
1665
-95166
67289
-31380
-4131
-1424
-42485
-6291
-6291
74161
96484
83133
11203
-60555
-97422
279
279
73875
84325
77576
19715
30381
-36571
-41863
35164
-90950
99131
20921
-3588
-3588
65749
-78944
-42781
-91041
16354
-92480
-48593
96331
-83813
152
-6942
-6942
97707
-60004
40432
14988
23149
-24876
-7028
-7028
83922
-87314
70280
7352
-55885
-72098
-90934
-1247
-1247
61156
-81024
78191
-9903
88583
-8080
-8080
-20930
-89557
-25101
-685
-40013
91518
75072
9030
9030
31883
13918
13388
-51002
-2498
5773
5773
-43317
59838
93523
-57880
-81549
-35394
26998
10250
1471
-63675
-70257
20843
-5220
-5220
17386
-24346
-86077
-23288
-47336
7999
-3057
-3057
-1398
-12573
12723
-83591
-94273
1708
1708
30324
37838
-16617
90241
-49516
-6272
-45945
-99776
61282
45383
-94621
11600
28810
-36432
3096
75876
-2386
-25123
3947
3947
-55610
-30775
70340
62841
-7469
-7469
-75779
-57407
-61378
7299
7299
77128
12592
-10990
34005
70105
-15246
-7254
8162
-34256
-69067
44767
-6870
-6870
-37900
-13616
-85829
-5838
-10720
6972
6972
-52622
-24003
19844
-906
-906
-61557
-20889
13122
79784
7418
-72526
-6182
-6182
-441
3499
3499
25741
-72919
34162
9601
19254
-49953
-69912
-42157
19918
-65171
-53122
12861
-4854
47272
93752
-34535
-37798
-36
23425
5086
5086
25460
118
12136
71564
71842
-26334
-9894
-83456
-68546
-17158
-41050
-28779
54266
5915
5915
-75305
-4235
-53282
-21778
-18541
29798
-83643
91735
47690
-3685
-3685
61955
6652
6652
35231
71142
8930
-24839
-35645
-39735
-97688
4496
4496
-77563
-90066
-38925
24283
-37822
10523
-85759
80921
-10520
3562
-1871
38085
-7618
-7618
61970
-33554
-30121
3576
3576
89007
32291
-24375
-64512
-8715
-8715
81285
-63477
89159
-35563
-49238
66259
-6548
-62006
82272
82003
43523
-77765
-88977
3164
49166
-24560
52123
59827
32932
8200
8200
-52448
-6023
-6023
46784
-3437
-25520
71805
-96127
87208
4700
-19189
-7438
68919
81598
-51025
83133
-83779
-9271
-9271
16663
-46858
-19981
-8392
-8392
50744
56690
61448
31087
-11187
-4710
-13391
-99268
-53235
-56836
-65185
-2267
-2267
80872
-37799
-57570
45348
-92376
-33829
7601
7601
7917
-65291
33014
-78429
-65910
65473
-56594
85743
41089
-6584
-6584
-12968
-6891
1726
-36502
-37720
87665
-78213
-53481
92125
53243
-33142
45259
-79915
29578
15447
-40483
-43964
-66703
-57006
-87586
77581
-94340
-67046
99457
-71662
89904
-210
-91244
-94424
-79026
-51203
44463
-7315
-31399
-60039
15360
51659
-75757
-81123
-74529
-64814
-90209
-2307
-2307
-19112
-76104
-5753
-5753
-32073
-16257
14338
-5123
-5123
-44777
-3671
52975
-59522
-28527
75125
5721
-84552
97951
2153
27998
-47543
-42697
50484
86685
91588
-1249
2555
2555
-95574
64264
58690
71741
-1656
-69192
22592
86637
-36714
-42408
23079
-95259
82068
87937
40841
-32131
-66195
-89087
850
1910
1910
45354
4819
-24982
92326
17932
14142
52762
-44484
-18242
-46376
77263
4623
4623
-95665
83215
33336
87847
80732
-46836
-71410
60445
46492
17362
-2656
-2656
-91285
-46799
17465
1647
1647
-98755
-27592
86805
-78078
7973
7973
25191
-87805
35148
28074
36512
-8193
-8193
4801
11366
17565
25316
92182
45452
-51175
-64997
81667
-28081
-67541
-23832
-81076
10951
63483
6755
-9270
-9270
27273
9045
7910
7910
-22662
-99743
-35492
29832
38307
-85396
-4322
-63945
-63110
-64036
-16466
39194
99877
-82379
9435
-18265
82417
-58614
-91339
-89716
12273
36824
-88667
19507
-81106
-42962
-52028
38136
-7302
-7302
-94369
-6586
3156
87683
-40394
69673
-6910
-6910
-87639
47734
-41991
-3702
83692
-23855
-2909
79286
26602
-78807
39127
-693
-82194
95094
38281
13656
70962
71659
63741
-20975
-95469
-80461
96171
-72543
95618
56743
32483
-89060
-63353
52524
-31088
91300
6313
-29554
56592
36559
4188
4188
-34464
6648
6648
-29939
8924
8924
8298
20532
21401
-4772
88928
-33235
47492
88013
-9222
-9222
35292
58186
8320
8320
-13214
39741
14048
23143
-60474
34074
51784
59082
-17582
-54879
-94454
-65696
-97508
-92970
-7853
87837
38770
98279
26113
84306
5046
-57043
-10646
-37957
-36616
91056
-63631
-77796
-26676
-92921
18854
-55517
57913
13
42095
27672
76598
-54057
54248
-3227
-50324
5425
-23134
13361
-32716
22716
54066
1473
-74666
94650
70469
56542
30711
-98098
-56844
51177
90526
-39348
84775
94590
8533
15291
-15456
40716
93406
-74367
125
125
18373
-88020
-28988
-88834
30514
-66033
-8962
-8962
95497
-71225
22593
-3231
-83633
83842
29089
28738
-28274
68973
-82969
21843
-55668
60821
6589
6589
-30567
9960
9960
-55259
59243
-46823
-79732
-94276
-34767
52618
-85959
-24374
61536
-66588
50896
44344
67086
-80840
657
31445
-55268
82832
-95225
-73895
4675
68129
-87190
-9155
-9155
-36464
-48373
-89090
-5041
-2970
-2970
63226
-69547
50312
21549
-64271
85512
2638
2638
51850
25258
-81151
-61249
28790
58942
-55091
16979
-86580
-1079
-1079
-16964
-55894
-84065
38207
-21254
-3076
-3076
21722
-1838
70041
-65438
77617
50259
-97421
-87772
-68342
-3925
77296
-23656
3557
3557
21412
81756
43689
3881
3881
2600
78154
-22870
75458
57790
-42985
79293
47372
-38551
-54567
9500
9500
94656
-3548
-3548
-82115
69301
-68606
-94757
-95539
1288
-54268
-97978
99506
-54122
-38053
83652
4868
4868
-74165
43290
89071
98567
64822
82529
31120
-86464
-69250
-26717
46572
-65490
-99321
-84974
84616
4291
1507
1507
10952
-31963
30322
-17394
-85577
-39097
-46108
-54388
-98916
9679
9679
87069
-60344
-70952
31328
7582
68075
15392
-38929
27170
23971
4778
72283
25688
371
371
2221
19604
47047
-28887
47280
20764
16511
98739
-87535
54977
-72645
30375
36828
-53964
84372
-83441
-28475
19987
-29256
-36449
-62951
-39010
-511
-511
-32618
-51282
-61924
-89409
39244
-21320
-6108
-6108
91767
-68203
54851
44942
-66738
-75930
-29940
6746
-90425
59226
-69641
-47764
-12681
44255
20121
-92449
-67263
-63907
-50100
-82455
-9279
-2267
-2267
-12529
-38790
1176
6580
6580
-17911
-47428
46612
2089
2089
-89802
55081
6776
6776
75982
-29395
-58605
42368
4917
4917
41018
-17
-17
38345
-76609
-68830
-98566
11008
72453
7732
-74483
-17195
19568
3552
3552
-76844
-85775
41662
-65711
-47118
-2769
-2769
25478
73741
61946
-99735
-53075
71764
-22026
31362
8782
80830
-26990
-5411
-5411
82360
-22578
-44288
11892
-44876
37606
40443
-12218
-24419
-99761
60248
62756
70265
-52166
-31991
-96008
40303
62133
-96618
-7174
-7174
-34110
-10462
72692
30990
7386
-22654
-64585
-42854
-7819
-7819
-50876
-58259
34083
84378
-47779
-56112
37251
-76388
-53174
-26910
-24767
35738
-9901
-9901
22924
34206
547
-53337
-53106
-68552
78905
-30860
39159
22522
41627
3100
3100
24104
4183
-89498
-767
-767
-52000
46856
13739
18533
-58377
59957
-93563
13634
80130
-54163
-49513
99417
-9296
-9296
-3706
-76024
58352
-14102
17295
-6441
1722
1722
93990
-78502
83768
-54930
-56013
43452
47527
-49756
-60965
-51359
68974
-67932
18587
-82593
-93691
63648
-45319
-22850
71856
-7404
-7404
20689
-90288
3916
-68490
-45584
84229
-22696
83072
-35603
-67571
-35003
89909
43081
19983
-41282
85782
-33544
-64452
13940
-45616
96993
-26913
-16959
52480
-5301
-5301
-42570
-64274
40536
7111
-25602
43459
5388
5388
-86145
-39027
23455
-63585
51893
94316
880
-50198
70512
1170
1170
35814
-40437
91407
14523
-75816
-42440
4266
-30665
-93644
86464
-18884
-49472
-55434
-90003
7971
7971
-97597
85047
21363
-45131
-63332
-24796
94511
85368
64854
-87541
-6385
5403
5403
74696
73244
-28650
-65618
31851
99968
-65743
22426
99367
-91851
-10532
9160
-10881
40721
-76364
14924
5122
-36594
-64816
42187
-79432
67351
69931
-97998
82066
57339
-59917
7942
73567
95930
-69835
-5101
-5101
-12751
11269
51171
92467
80365
27508
60001
-28348
90386
6114
30690
95611
-45029
49529
54282
34021
-59333
-63990
74696
9232
9232
-6719
-90469
-7483
-64719
31975
4220
4220
-53921
757
48964
87260
50941
51256
56097
44293
67189
37724
12866
-54895
17934
81102
-7132
-7132
-91903
29755
86809
-3467
-3467
-96504
-24931
81345
89912
-12072
56103
-87024
47728
-29161
11433
1591
1591
-3559
-43649
-82313
13505
-42507
-12530
16497
-57858
-2073
-2073
71178
-5279
-95706
-79866
77364
25945
-563
6012
6012
95518
-61250
-55045
-10207
-22281
-28660
17197
86873
-44357
62637
98533
7957
-88307
3782
3782
-29679
26062
-8619
-8619
22559
-9973
-9973
-24640
-29113
-40688
89182
48838
83498
-8553
-8553
-86876
81543
-2882
-17394
-2863
25567
69561
-28170
62343
-55575
8507
-11848
8261
46763
-95102
197
197
66761
-36758
-7939
-29551
4787
37616
-33661
11561
31051
-71311
52674
-23989
932
932
-27478
13533
-79582
8476
8476
-65391
-4993
75125
-99170
1487
-21905
85183
-36730
35560
83435
903
903
34441
-60506
93963
-84216
20583
84794
53009
-12385
86447
-4607
-4607
-998
90154
-12615
-35552
-59947
-31847
-97987
13579
71443
9274
51998
86597
-8401
-8401
-19915
16933
-84587
77178
-52348
-33566
-71581
-90140
-35115
64531
99379
-39903
30596
76270
78797
447
447
-19498
84077
-10219
-24802
25950
56651
-58194
73837
3395
3395
-90945
-6797
91395
-64715
6514
-9451
-88181
-77193
22896
-68390
-50903
7188
7188
-84144
-43616
-60658
-87513
80802
-89079
35752
-6159
-10872
66769
50856
46226
46075
79066
-8275
43334
-5071
9162
9162
82297
6073
-38322
14195
56247
59842
80879
42123
-82054
83798
52273
72
35498
5724
-7165
20171
8801
66244
-14776
17188
478
478
-8172
-35982
21393
22546
-44978
-52270
-59086
-49864
63174
54882
-35095
65774
22024
-96891
9647
9647
22912
57584
-32169
97136
80947
-12230
-60155
98987
6542
47999
-66837
10040
3237
82174
3086
3086
46105
39305
8358
56001
58068
-53586
-47694
17580
67647
95916
-93950
42801
-9198
-9198
-61484
-89508
-56600
79217
-6181
-6181
-38196
-46629
5115
15746
48923
32013
-16063
-16144
-3676
-3676
-21967
50917
-83314
-55267
33387
-53219
-85288
3113
-71106
-74257
6150
53969
51307
32381
5863
-78336
-32157
58747
-46122
-84586
-72039
-70689
-79353
-42975
50478
-97112
34230
86720
-89880
-88448
64652
98376
1241
1241
-57318
48043
-30863
-71385
-1205
-1205
-69101
-45727
65654
-60991
27188
-69074
-96811
74348
81018
-92240
33467
82221
-29560
49052
-91010
40775
588
12925
-70419
1692
1692
-13760
84592
-65007
16328
26005
72908
61784
-5301
-5301
-24981
-2079
29125
-72985
90699
-9221
-9221
55357
73651
17037
67644
-35401
-9903
67925
-31294
-3978
80457
-77183
-8875
41175
-86022
74642
-69471
71706
24949
77559
-3217
8869
-75935
-97915
-457
19862
-27179
-22213
71441
64353
-17897
39032
-2317
-2317
61974
5440
5440
-62226
78256
48816
17396
41840
-22864
53610
-43144
8969
8969
-88911
-94490
81074
-3073
89069
-52107
-72870
-65806
49529
-25643
-30520
-37752
54369
14567
11478
-56923
-77402
32217
-76575
-74454
-30294
95690
-43189
-63761
-50932
-57909
-40298
-57574
-95481
-91500
-26214
-93544
70689
-18836
-27561
48317
14790
-62075
-83105
-72436
60165
-89278
-98709
-38353
24386
62947
46099
-7044
-8608
-8608
36281
-8203
-8203
3119
-87988
-48123
18970
5825
5825
1140
-84288
-13317
-16781
-45891
-8687
41291
52453
-49166
5541
-40927
-7285
-7285
-39754
74814
-28150
72450
42925
-10255
24654
-65382
84442
-62445
-6556
92505
-32487
67871
-60588
-5976
-5976
-36423
-72009
48755
-10378
1719
1719
-48113
10045
27061
15368
-3984
-1742
40040
-9738
-70574
-36736
43712
-99603
-86994
-5526
-5526
64415
-6922
8212
-95301
-64457
-87374
-72679
-15654
-18368
46559
-9418
-84851
-16514
-70798
97529
-96739
86744
-88745
87467
89134
-71348
-58443
67149
91423
30855
-8442
-8442
40345
-4581
-4581
43893
-9352
45372
44848
89315
82220
-9830
61206
5267
-36988
10491
-59081
-22328
-32677
35736
71031
79962
59612
-72059
-63373
7864
7864
-55733
-74472
-24863
64917
-40928
-28898
-6758
-29114
45917
95896
-16575
-23968
81234
41886
58678
-70756
-90252
43550
-31073
44192
-552
14459
-83697
21355
60785
19654
-15793
-97965
16371
49093
-70438
9668
-52016
-22480
-84025
-85048
3469
59676
-74174
-39328
3531
3531
8966
-79364
-39411
-45030
17541
81587
-46972
1777
-15852
-71372
77634
-85858
9401
5070
84505
55304
-87710
4935
4935
28896
59089
-84836
-37065
70733
97041
-35011
-39093
53284
94019
84156
-57582
1695
35902
1974
1974
-68875
16539
83680
-53034
81032
76706
8230
8230
-14011
69975
36205
49016
-7006
-53871
-59351
-3212
-3212
45470
-59289
85081
-41037
58179
68744
-42092
2096
91418
26022
40118
25343
-69131
59678
-38421
81185
70052
-18321
3461
3461
-39734
-52874
37471
7458
7458
70444
-32787
-707
3806
3806
-96018
-35638
83082
30650
-73848
-95626
-99459
-3770
-3770
-87301
60694
71641
93255
75093
-62986
-5722
-26238
78885
61363
5358
-187
-187
69397
80874
-20765
-10507
-16676
75813
-2355
-2355
21011
26903
-90739
-84059
92108
-28319
-43065
84949
-55814
15546
34023
-58263
-25110
-39631
-5817
-55982
6813
9414
89859
51653
-24772
-16545
64988
-27118
6458
53734
-9646
-9646
1633
-9616
67104
-91738
40874
-448
55013
5307
5307
-35469
-44606
800
800
83187
45989
-43699
21735
39425
38446
-63916
3354
3354
-79526
-47838
-51727
43177
8329
8329
90046
60342
93430
52548
-44128
-11853
40380
43322
-90380
52313
-9025
-9025
29116
-18324
-73612
-2954
88896
-90605
-95646
-5210
-5210
-62383
-80430
46220
54686
76740
42300
59773
-34090
98770
-67948
77813
5880
5880
67479
-3215
-167
-40436
12754
59696
66117
76117
-30525
13891
-54195
-13668
-44605
-47478
-3188
-3188
-31820
74907
-76659
-508
-508
-92287
4740
13629
-61712
-59727
-26691
74301
42897
-5028
90473
-29246
97347
-74208
-60670
-54126
-90911
38613
31399
48215
-86818
4910
4910
77367
98205
-94600
-62382
3093
3093
89786
-3072
-30376
-3422
-3422
88766
-46893
-7559
-44385
7773
21203
-71831
90337
-14369
-85564
-97426
-89325
-60707
-4528
-4528
87547
54531
-50880
-6524
-6524
87961
6829
6829
59208
-9250
-9250
-92354
1469
1469
-94220
-63920
334
-80426
55628
84256
-24024
-88885
73996
-23022
14439
-37986
-96116
-24291
73280
-8547
-90481
22941
-92536
-93321
-11734
31219
-47949
59630
-94998
-48100
71061
-35859
61280
80463
69506
4099
66980
-85721
52727
90691
57299
-52818
75138
-16873
-42687
-4365
-4365
-55059
-92790
-77264
-57564
-22510
39127
-73970
1897
-95688
-54236
-9189
43710
-14830
67787
-27279
23941
-45296
-49146
1991
1991
-26275
-9604
-9604
5297
47086
-47648
-44681
-17444
24904
40820
20919
-68466
55066
-58471
-97023
-38331
-12686
55484
-84253
-99940
-9917
-9917
17416
-74269
-89793
-86433
-1570
-1570
68660
27777
75751
-59322
5603
5603
83235
-86587
91513
14987
-55385
-75967
45005
-83293
15172
18682
33719
75726
-55412
98923
-4105
-4105
33514
-81655
-18431
38559
-15334
-83074
36162
97919
93866
55448
-82933
-69530
38270
-78675
-83652
-94162
23387
90511
-1328
-76457
40902
51452
35465
88133
-77077
99537
-49382
-45215
60493
63960
-88400
-83494
-94280
-296
-296
-43374
51191
37887
70058
-92406
-52473
19823
1324
1324
-14320
-50820
69545
-58666
-90814
-93160
-88390
-5285
276
-92073
-7182
78009
9746
-19539
-70977
25170
19464
6086
-2562
32094
-49789
-2020
-2020
54051
62226
-3763
24612
11345
-10536
-65605
91813
-71179
-40473
-88511
-52784
-84295
75269
35124
-25632
4928
187
187
53157
23553
49266
4488
-6147
-6147
-76691
-72436
-47664
19833
12719
-74709
1467
1467
3300
75587
82711
-92849
-75730
-78981
56710
-56249
82613
-3572
-3572
-15309
5929
5929
11513
-20193
10884
52920
-9228
-9228
3304
62911
-73604
-98859
73186
33009
-81516
28914
-63680
-86697
14324
45915
68870
-98585
82412
-6103
-6103
-96438
1249
96353
-15889
-7213
-7213
30555
-33711
-33801
-82494
39205
-6591
-6591
-68113
1615
1615
-4794
-4924
13518
-2770
-2770
93731
-1197
-1197
30594
20180
75282
-42806
78862
-57779
98782
7252
-21049
55308
84038
-71760
4151
-3614
-30963
44458
-65324
-34739
-22490
45770
-14867
-176
-176
11523
54707
-71966
-3437
-3437
94393
26159
-6604
-5052
19425
56582
-32653
7520
-56200
-36025
-69785
36265
-12056
-95043
-95731
-13947
55277
70384
98479
4169
-4980
-4980
71928
58923
20872
-36401
-91783
608
-76657
76205
3
3
13060
-7509
-70529
42710
60270
-58057
-70638
38843
60169
-54731
-25438
90576
41481
64853
-76669
-10080
-99887
69773
22039
61034
-804
-8272
34556
-63917
53305
50445
-8250
-928
-928
41204
4008
4008
66466
-5343
-11738
82012
83130
-88825
-1070
7320
7320
60135
73422
39939
29691
-18190
-57265
70937
-63350
32376
5438
-49351
31248
66506
-60946
75169
83927
-39702
-13443
-49533
-59834
96399
43861
24896
-96422
-2993
-2993
-98409
89169
-9633
-9633
-67698
-11659
56528
-92716
-40710
-36817
34122
74570
-55669
74087
-35251
49248
22777
-15639
21164
68837
88311
49976
-51430
-94053
-46433
12575
-74614
32817
-87367
-56636
-91604
-27235
-4170
29102
3234
3234
-96223
9546
9546
24772
10661
67332
20689
-81750
5509
-95688
-35236
74080
-44848
-40797
92322
-35357
40343
-4107
-4107
-30934
-40536
-83916
35781
18378
58496
-81563
2844
2844
-75615
2662
-5876
80094
27977
-19166
55918
90021
99295
-54379
6943
6943
60405
24907
-96363
50021
57236
47382
75571
80214
-79089
-97207
-62300
48103
-88021
-80219
50215
19542
-5490
-5490
5316
-23126
-68694
69824
69379
-78970
-54156
-97618
37845
45436
8237
8237
51990
-93275
6116
6116
-67704
-28889
50986
44983
-72264
52169
-17836
-96383
73921
72158
18616
-54366
58361
89546
73922
67414
-93999
66902
11939
-76517
87202
2868
-70519
-6919
-6919
-91406
-33710
-6671
-6671
-53273
-53386
-19190
66519
-21430
72590
-84029
-76672
13424
-42148
-49866
-35237
-80694
-15539
88253
86948
7870
7870
-82251
-78588
51947
-18586
-34071
-60431
9450
78788
47987
-70061
-87016
65526
98334
37055
28607
83211
-13089
8082
47882
-95860
-38393
-61490
5860
15323
-49010
-84611
83355
2844
2844
82732
69040
79848
-71695
-8754
25320
-3412
92082
-87885
-12340
46070
-67492
-73113
25216
34373
2715
2715
-50543
45142
818
-30625
43213
-9152
-9152
30881
-66043
7558
7558
-5716
-82529
-6047
896
896
-59427
-43878
78117
44640
92598
17710
8815
54325
82577
-82141
45761
-4191
-69698
15100
8730
80302
-46891
12245
62734
-8140
-7488
99729
31017
9062
20305
25789
11133
-4432
-22230
92162
-60702
-49570
77812
6115
27538
-15181
44329
4822
24148
-67329
53054
-5996
-285
3556
3556
-67822
1435
49231
2974
-59477
27758
50976
-40159
74108
-56452
-75221
-22993
-38639
-91315
-7444
-7444
-33852
-71295
29966
-10854
17078
54420
93497
68559
94271
30138
-82302
5089
81295
89925
93558
-91357
-53844
-71639
-26308
15810
6457
6457
-3492
97799
62423
73399
12010
-39332
33074
70701
-61153
-41022
17982
-71279
-2595
-2595
-61903
-5437
-5437
-51696
-8572
-4713
-4713
39140
-67790
-5551
-5551
71661
18377
9915
-44136
18148
-40714
-99115
72103
82776
-8322
-8322
-72483
-34423
28797
8307
43588
-28022
92096
-21258
-67929
-85139
60492
78957
-46403
-78490
-57592
-6141
19665
54016
-66083
66960
-26185
63424
-85607
35888
86825
59351
10719
-63101
-56801
-34003
-8971
-8971
-72299
-67189
-93284
-43637
-3176
-3176
-43897
82957
-23064
-1900
-1900
-9409
52290
60889
51287
-20551
-90061
-98861
-46282
-64999
-60871
-247
5760
86692
70748
5042
-41504
91841
14941
-34375
61851
-6262
-58045
54275
-83328
-8893
-8893
5046
32838
21567
-62661
-84425
-29081
-51341
-6354
-6354
-59998
-5032
76897
82858
-87851
15744
-2711
76713
-28884
49432
-69525
48715
-28901
35705
-90861
-98427
40225
-93094
-39874
-10088
52907
56335
11212
23477
79046
43621
-61001
39554
-53389
26971
-8168
-8168
-47934
15353
20850
78999
67666
27711
-56895
-94988
37416
63961
-99865
94618
95518
30896
-84731
-21270
78345
-52994
67182
-47357
750
750
46886
-89218
-64975
44096
70899
-86656
-43713
6582
-8548
72363
-35298
50009
-39391
73634
-32758
88375
47194
-96823
-92641
23998
-71254
5383
5383
26098
85737
-25179
-68428
-87088
91484
76378
-12278
-89508
-28052
-33338
50176
797
797
-89268
44887
42959
42598
52995
23572
-30555
-65766
23537
94946
-152
-152
-65637
-70102
16752
-60222
50799
-17052
-94288
-14811
37713
4602
1380
1380
-59098
-80732
40389
-63798
57997
-22174
31049
37696
-64189
1182
97675
-97625
-182
-182
-48490
-72877
19360
38884
-11590
74256
35777
-4918
65839
28763
55613
739
739
59932
-63998
90240
47229
-16579
-83686
-20536
4338
4338
25059
-54429
88857
24372
916
-6944
-6944
36451
-20544
32421
-38901
19204
84634
13932
-71792
-26328
-54582
24425
-23034
15721
-48958
80252
-37285
-48520
93118
32416
81759
60289
-22505
-58779
-69545
-48329
-83976
-74175
38369
52825
37541
-99498
-10936
-36488
16086
-93127
-45223
33496
-82294
-19054
84240
-55809
1133
8961
-57200
11148
-28809
-71686
75139
26191
35675
26069
-4190
-4190
89195
79026
79874
6427
6427
-38600
84380
61013
-99304
-90968
-73675
-69705
71382
-84807
-36597
-40110
24234
69101
-74992
92876
84174
74972
-1058
-1058
94903
80204
-59526
-39458
-6316
-824
9856
-35591
-63147
19376
-33244
-4455
-60614
-68122
35534
-85437
96541
34836
9769
-6601
-7334
-7334
50880
-29105
86527
52562
-12610
-26230
-67334
-7383
-7383
47195
38702
-40300
-65163
-55040
-80578
-87632
4201
4201
52287
-76943
-5201
32442
68037
12937
-12616
81288
-256
-256
19841
-55276
-75749
-40089
77369
52199
-68961
82367
-6280
-6280
41937
70613
20789
-66280
-1509
-28260
94913
55516
6280
6280
-15345
-8977
-8977
73653
2153
2153
-10230
2245
-37315
-23639
-51862
44396
59816
23003
85692
54846
41855
87535
19439
-37923
82829
11841
58063
-3932
-3932
-96372
15380
85111
-63041
-55323
-98695
81152
32923
-84112
-10760
-21245
88572
-10418
29912
60095
3723
18831
-87723
89606
38653
-72908
-49521
-6745
-6745
24160
21796
-86383
11874
-14064
-4357
-4357
70281
92997
-32543
-615
-615
-52819
12431
-60891
-58805
-95023
-30379
-98966
78400
-71225
54824
26552
60436
-10511
-29290
-79669
60965
-73289
-75203
-70412
-98658
-79837
-36002
5749
-13062
2993
69673
14972
-42646
53266
6047
6047
-82568
-92876
174
72653
-80032
-45984
52603
6247
6247
79308
35414
27220
96716
-95990
-94397
-2572
35229
71936
-69516
75304
-12573
36443
-35590
-67908
-12059
89231
-30834
-503
40189
17394
83950
-88095
2051
50047
88660
91043
-52151
41716
-64075
-48800
-36363
-97559
417
-42855
92522
-17131
45723
-25851
1961
-17791
249
249
6827
-27881
71973
-21313
-81834
-50167
12225
-78179
-96784
63069
-83228
28193
-498
96822
45799
36790
-70252
-14254
-52632
74612
-24609
-15912
-84229
-66250
-9513
-18508
-45668
-33230
-5134
-5134
65223
70244
-30507
-75205
8773
47512
-10078
-6790
-6790
46176
98833
-71225
-32271
8354
-2983
66079
5799
5799
77533
98000
59932
65653
-53225
-7539
-1730
-1730
47118
-84005
-87689
-4456
-4456
-56626
25973
2764
-91281
8625
8625
-39903
-86014
-597
-597
52525
36107
-78089
-96495
-97198
-97598
-29282
-18572
-1783
-1783
94975
46802
56867
-9834
-9834
94809
-93875
-5152
-98032
90900
-88980
-14933
84213
-70633
26339
1802
1802
8203
59588
5230
5230
78393
-47705
89707
46401
26553
-17164
-79143
66510
-6506
-6506
39103
-71786
-5088
62864
-50592
72827
-73701
83508
-80723
1306
1306
-74487
-41994
-843
-843
-89442
-4690
90680
77752
6886
-19335
-12277
77061
-57151
-35869
-5405
-21087
-14107
31917
49009
1799
1799
-80925
-29546
11891
23122
-90675
-95153
63276
5505
78438
99187
73576
58716
46783
68670
2643
2643
-11794
31522
20120
64476
-54022
27629
15466
-5613
10223
-50808
-12191
49566
7686
7686
32804
-53831
43646
-88074
50964
16353
-47168
84067
-74316
6660
6660
-89014
62640
-2308
21358
5294
225
83976
61006
63123
-12743
26593
6303
-65343
-20236
54877
-55365
45406
-1382
18393
5562
-48151
-503
9365
9365
67450
87235
-5277
-5277
-44406
64853
-89233
28499
-97938
-30558
-12945
50538
-47829
-759
-759
60749
16909
38861
69029
76389
80225
43285
23417
81706
59730
62203
-44549
59475
-5848
-5848
-60667
-9835
-9835
-19012
-2705
-66844
28814
71231
-65194
-1392
-1392
62651
-63723
-35054
-11605
45245
19752
-42368
-24549
-57454
-35322
-47889
8650
8650
-66528
77839
1453
1453
-45357
54924
20995
77200
48879
5618
5618
17839
62233
-59862
-87995
-65726
-29026
32010
80428
87021
-85690
-6782
54945
2538
93435
43259
5019
5019
505
-241
30009
-2411
-2411
-3491
45873
5953
5953
-47778
49707
-66912
-8169
-23223
-82594
75876
48680
-4833
-4833
-72421
79429
-32888
88218
-42513
-99888
-79
-49232
96343
-85644
3039
3039
75280
-398
-398
-56977
-3977
-3977
85994
14797
88840
20513
18856
-8233
-8233
-10372
-3288
-3288
18012
81663
63752
-31248
82203
24734
-83210
89734
74574
434
15167
-42216
-3598
-3598
-46162
-2603
61530
90081
83569
-92574
-25897
-4666
-4666
7311
80254
31835
-26083
53479
17835
36957
90823
956
72087
-34012
66123
-92571
-75267
-22971
-69760
-92724
-84875
34672
-20904
19101
-35154
79100
73383
74242
49925
7221
7221
-53513
-34371
-55849
63586
98364
36022
-55373
23867
-46824
95018
59207
-58661
-73935
-58725
-28612
-79125
93079
9653
42404
52072
-2551
40057
59606
-28171
12834
69468
94506
20290
66884
99599
-70210
-20885
-145
-145
-37581
72961
-12249
529
18038
-74131
67006
-73944
-62112
-97511
2991
2991
-42303
18979
-94409
-20254
59973
42882
215
7551
17289
4743
99719
-81595
-36353
8720
4761
-61259
6495
37528
-56723
-6419
-6419
5019
-36920
-84742
-12272
-11814
7363
-88300
-40918
-81632
-8462
-8462
82041
896
-79247
2927
2927
-16438
-52130
-1671
-1671
81300
-30754
-46000
67428
8536
6613
-60089
68556
-61815
-5290
-63400
72385
36226
94506
39099
-70719
71644
-67869
93697
61407
16683
-49470
16642
-49160
74709
-72210
65655
74580
-41233
16829
73754
-80301
-24969
-97730
70133
26451
-40192
33674
77848
-29556
-70174
-54353
73883
-48569
8285
63879
33263
-60579
9697
9697
-41557
-79291
-72136
590
590
75684
87350
-38436
31210
88856
-27370
6851
86627
90764
68602
-30328
25348
64508
-24229
2949
2949
-40955
91425
22261
86868
6674
1445
1445
-65396
63824
97172
-40594
84146
22083
10606
57607
-44347
6521
6521
2105
66456
93873
56693
42081
-10162
-18270
64085
83308
-44207
-8938
61166
87351
-22165
-57852
1400
2271
2271
75564
-58765
-61765
97573
-63443
-93312
46645
-45899
1078
32661
-41520
-48129
-21341
2805
86162
43370
-74922
-68604
39942
-21698
83536
33483
-15514
71032
21557
82079
-56833
-49184
-72790
-4360
-76763
-76419
-80743
-50672
3443
3443
-3310
81821
-80451
-53287
48169
29880
84352
-58962
9848
9848
-32148
-36427
-39418
45818
-53588
56343
49103
72646
18998
-74678
69309
2046
2046
-84028
37505
61783
-10439
-1162
-1162
-94410
70595
31273
-66580
61254
-57529
52392
9231
-42313
-49357
2738
2738
86088
36008
96940
3693
3693
-32906
-82258
-28875
-9640
89805
-1596
54293
12757
41415
89380
19712
41983
-455
-455
-89676
23100
84613
8226
-36163
-98564
12381
-69175
64784
79465
-12922
-93658
95072
96348
9615
9615
65269
3502
3502
-62376
-31147
-61406
-42598
-38714
-6766
-6766
14255
-65670
-40471
-87574
11716
23397
-3426
88850
25391
-97221
63672
47434
-39001
-9956
-9956
-39519
-72387
98501
99310
59149
3574
-98030
46351
-98633
-96812
-91533
-91518
-20807
8067
1663
59914
98090
89604
74108
53847
74528
-75235
97344
-2849
40626
-99952
-21374
-99886
-94757
-12536
14217
-8386
-41442
-90161
-86781
18436
-6167
17229
3994
3994
64429
-1902
71703
-66810
-87761
-88027
2103
-78549
-31226
-13832
-5067
-5067
55929
-54472
75196
99750
-22460
17998
-30013
6607
6607
48580
18793
60679
55201
277
277
-95499
82917
-43350
30237
-86071
21409
93696
36342
5182
73127
14378
44846
-60750
-42280
78949
119
119
23053
-8739
-88260
16915
-12342
-40786
39417
87671
440
440
-51407
-43637
19218
8774
86911
44960
-44003
-71665
39691
-20985
75019
-39764
-72300
-49542
-43594
97105
39604
96034
9601
9601
38769
41
41
-91215
-2499
-34028
-93236
53649
34360
91944
1367
93589
-51537
13145
39316
-31173
75979
19900
57594
79148
-57853
-5589
-5589
14734
-28627
26076
13261
-83559
58290
-14890
7802
7802
57838
-77316
-65048
17471
41857
10995
-24241
82526
-84471
-55140
-88508
4165
32408
-27461
27093
-23726
-85630
-83084
-44074
6016
6016
-5381
37706
-13352
13404
71312
43079
-66006
280
280
-82537
92439
-2097
-2097
49162
70295
-89506
70284
-17906
-37692
-41089
-11389
29321
95633
-21465
-86854
-33279
73643
82950
51612
90869
3686
3686
17995
-81540
65903
-20562
-96154
13056
-18006
57525
74768
-73059
-26638
14333
6851
-2159
-2159
35411
81764
-71288
-9428
-9428
2076
68769
19593
1102
-28828
64195
3695
3695
-54264
5427
5427
34218
-4110
85769
-12832
35918
98999
-3543
-54803
56080
-78443
95455
23042
-2883
-8596
4545
4545
-29527
13014
15730
522
522
-97265
-35882
5552
5552
8636
70925
-38307
91349
2530
2847
56178
95678
40780
7421
-88698
95239
1454
1454
23752
55962
26350
5744
-59186
-21544
-62555
8672
8672
271
-95094
333
28995
80994
-43780
-70651
-41979
3843
10490
-3667
55199
37155
474
31096
17820
38142
-27119
-45708
8187
8187
5916
30466
-71192
-21213
94808
-72146
60878
12821
-95685
51085
71662
-8232
95307
-60366
-95680
-29758
4308
-28965
-32257
3606
8684
8684
69422
-78666
1656
19428
-85534
30989
94716
79533
88038
67708
2749
2749
13405
35458
70283
-95719
42691
13652
-63399
5330
-82316
45768
90188
-1389
47518
58609
55231
91112
-76454
36615
-3651
-1534
-1534
-62417
-8607
-72459
91166
-14578
55799
-94513
-83901
-63437
18308
-68047
27733
83622
29836
-57537
-61393
-2201
-2201
2505
-43863
-7401
-2292
-2292
71491
-2280
-2280
43299
-50471
8898
42473
-2211
75221
-8123
-8123
22244
-17241
67370
66981
-6954
-38025
21832
-85355
56822
42991
-19269
3223
3223
91615
31403
-59194
-86589
23367
29056
11469
75492
76869
-58609
-39095
29832
42959
49322
13714
-20088
27234
-41039
-39830
-45520
56592
6623
6623
-5647
10165
6999
6999
-20738
-94835
-75051
-20212
41127
5616
-92496
-2629
-2629
74470
24699
-38473
-35269
-10051
4635
4635
-35978
56575
68708
-58321
-10714
25887
-80210
-8299
-8299
-46420
241
241
-87607
-1574
-1574
-67960
16248
-61338
59116
4370
45136
54331
42564
91005
4292
4292
-11542
20861
-1405
-35368
90621
-34782
-29074
-97945
96380
14851
760
60489
-88695
-57698
-71770
-15057
-2692
-27059
77888
-1123
-1123
43793
-20044
-84502
60528
71828
2074
2179
2179
94708
58145
41660
35697
64122
61187
11985
82734
9830
9830
-68692
-38614
-59008
58441
-24646
1932
-9216
-9216
51538
-4352
49673
9023
-93657
-31242
37567
-29633
7556
17702
-45739
-90143
-12124
-84275
63616
37121
26757
57924
-2684
-2684
84402
-40748
56914
80727
3499
-72271
-3660
-3660
75424
9976
97996
95224
-95654
-93207
3401
56621
45094
-23914
54907
19985
-93002
61788
-70226
-55069
-13585
-2699
-2699
26114
44893
5667
5667
-87168
94797
-95233
-60723
-4867
11310
49325
80942
19237
-40990
98111
-81170
96503
55789
2191
2191
-69390
-14911
-52334
-1783
-1783
-4599
70236
87390
33917
94955
-72286
32545
17310
-82373
98946
-3538
-48225
96914
20534
-52086
-63444
22867
2705
-60863
-57929
-29410
-6565
-6565
48062
90784
-7304
-7304
-96745
6482
65094
-9781
-43482
-89063
-36563
87132
-31470
-21561
61296
84263
-7739
-21932
-74643
-91671
8235
8235
-99466
641
641
59186
-92476
-59809
-79607
-16131
64348
-72291
-51197
-99202
9270
9270
53511
79476
-44685
-55941
-47669
21671
95157
-25470
36786
-56
-18235
66167
-74639
-12774
92906
3821
3821
35370
-85482
-17280
-9227
-99963
84550
85319
13246
-92602
-48417
-9867
-9867
-56311
-62563
1138
1138
41108
70419
80568
10241
-75718
35772
63750
-68246
-57904
-21367
37589
96146
43457
-5265
-5265
87243
-38502
17468
40337
-74962
-4173
-97691
-3219
-3219
70544
19833
-35080
-9320
-22414
-69330
-2049
-2049
-51287
-24382
9300
19649
74614
-73574
-66475
84366
37288
-67117
69628
61539
-41502
67746
-27331
-89759
34087
27466
1883
32431
2718
46640
-49439
-89785
2438
88287
95571
83572
40238
52370
46615
14323
89051
54902
6885
6885
51100
-50980
88021
6038
-13340
-15728
305
305
57299
-51298
25707
26408
66316
86474
83515
48441
-3027
-3027
-41037
95885
-2231
-2231
-77542
-1489
-1489
7958
25834
-79206
44606
96359
68241
92308
-45467
1184
1184
61928
-41332
73106
-3048
-15516
-86289
1667
-12708
30238
-86785
75244
-93953
-83890
-13815
-38815
68565
-75797
56169
-41785
91818
65837
29686
36185
-9357
-9357
3386
-65071
29651
-19450
87708
-9167
-9167
-90319
77457
33447
-17959
-15644
6625
6625
-50037
11717
-47127
-91113
56636
-6662
-6662
94889
-2844
-2844
-25569
-81219
-3148
-3148
-13660
-37094
-30623
-46533
-93367
-11649
29527
-18382
6012
-838
52327
85297
31661
21473
8738
62070
-99003
-5331
-5331
-81172
-76764
-2472
-4304
-82614
66250
-31599
40776
-52881
-72246
61330
5470
27804
35097
-80021
-39091
57762
-84120
8988
-41374
95709
20922
32892
-66486
-63513
-50326
-60671
-3826
-3826
-53689
-86445
-82266
6399
-24994
42230
-48151
84139
-89531
-90743
-91491
49779
74543
-98677
39842
-82154
-22888
53217
87725
80330
86334
-45571
81640
27030
-89454
25059
37660
58619
-3533
-3533
-82871
-10929
3271
2310
2310
-61560
-27385
4281
4281
79509
-13519
28275
69496
-87622
48802
9964
-1542
8057
734
-6487
-6487
-17031
-85734
57660
65060
15222
66162
-78330
-74132
-13594
-26821
93748
-23428
73064
-81772
27535
-28749
-96334
-860
5515
5515
89296
26667
-12128
-2557
-2557
45835
80108
9835
9835
36914
-35135
-25221
-99382
-83378
-92789
-48861
-99024
-99615
2094
2094
1094
6943
-16035
-99099
37959
29334
41783
-19387
-53525
38664
-97520
32290
66835
18584
-83948
82361
3077
3077
48247
23112
-23601
-66452
12286
64176
8553
8553
58508
-52846
-97220
2982
2982
-45667
95227
6150
89262
-72961
50144
-21939
3218
22190
13772
95109
-99585
-76758
5782
34664
-67761
-56663
-4191
1218
21838
-59396
18360
91139
-55403
-3881
-3881
-40035
-17780
-64512
61207
-130
-94941
85625
-3616
-3616
71827
-46310
-24104
-41337
96683
961
-28447
3989
3989
-89519
-67046
-74330
19205
-387
-387
65339
-38805
-75224
77289
32308
6034
6034
82571
291
8856
8856
-47981
13848
72266
-74553
-58646
-26267
-8683
43387
-73830
-46425
97951
35467
15379
28353
75409
-22928
-40680
53599
-68172
42964
55004
8754
8754
13168
28068
31424
4687
4687
55358
-31216
31432
-77589
61838
51103
60221
86141
-3153
-3153
68248
-89283
12819
-24196
-62077
-39146
9895
8820
-91973
1059
-82938
74767
3348
3348
-35984
26126
-75882
82010
-82804
8764
-65994
-46149
-65731
-1160
-19678
20531
41123
-93218
-53954
98242
-72530
-21873
-81277
51720
96307
-31053
818
818
-93642
93328
-10758
-58818
75229
-53347
86053
-62820
87674
38195
-73703
-16811
-98973
4288
4288
-30938
24821
65615
-3655
-20832
84262
83860
-7245
-7245
-54117
-66382
70833
-62315
84626
-6392
-6392
44558
-82371
-51683
80189
22609
80285
-579
-579
-78857
21679
77295
345
-55826
-13475
7657
76592
-8861
55660
6849
6849
26437
-99885
-19043
62173
98214
-9152
-9152
63581
-91950
-34744
-48602
-48486
-6573
-6573
-59950
-8805
-8805
17678
-89924
5998
83475
-683
-24611
-88162
-4958
-4958
-19717
167
3133
3133
63153
-99316
75109
-31811
-25906
-66192
24569
12524
-52894
7859
7859
95950
-32776
-8891
-8891
-84111
82765
-97318
33257
7113
7113
74764
-70779
-85465
12344
6295
6295
82218
-8162
-50994
-27738
-12590
-29408
34707
38845
-28716
89706
96246
17351
59864
57331
75656
91394
47097
56502
69216
-66559
-65542
87804
-61757
-76214
-57877
-57788
55872
89753
36093
7493
7493
-53632
-51638
-8171
-8171
-84514
-21253
90982
-67096
9075
-2398
-2398
-26772
-67014
-6869
-8060
-46638
-24192
83893
64301
90500
-37545
11427
19596
-10242
-58628
-58372
-64405
-79917
-91016
-4569
-4569
-98725
37181
68130
94182
86774
2864
-34430
7685
-5256
-5256
68013
79056
85194
-72032
33982
-45180
26208
-8828
-8828
-97087
9695
9695
-88145
12431
95026
6929
6929
-17829
35121
89298
52831
-5806
-5806
-57852
3988
73862
-86946
-36103
-7396
-7396
40829
-19568
57237
-94786
-91205
-5053
-5053
-26478
-27710
51309
60587
84247
-2302
-58643
15343
-5684
-5684
28409
-26742
1496
1496
-20898
5566
5566
-33399
-82500
80609
84954
87510
8242
8242
86433
-57610
-47151
-25090
-87120
66079
32814
-62856
-91130
-25504
53208
-8130
-8130
29989
29229
78309
56031
13398
-17365
-638
43752
80914
4440
4440
46524
83419
-29551
-9015
-92293
-84672
-6904
-6904
-43722
-2834
-2834
-22041
24546
-48580
6844
6844
69264
7106
7106
-39283
42052
-20293
-37383
-66659
12946
21335
-63138
-59376
83732
-62872
-11280
11337
-3698
33459
64877
44322
70279
29574
-8664
38633
96197
80826
28496
30445
38979
53635
78007
4900
4900
33343
-1108
-1108
-84697
-85231
94739
93152
-53567
93464
-5139
84516
53750
38740
-49657
4374
4374
41939
-78077
-97059
-2971
7008
7008
51325
25786
25838
-3291
66357
-76034
-56163
54348
-4176
-934
-934
-13445
-78064
-87941
-59680
-21562
-76447
38137
-73618
82060
-84326
6415
6415
59003
1260
1260
86162
-33097
2568
2568
17829
7776
7776
-96685
4959
59926
-86797
51411
-69309
80315
88328
-39479
9103
-87276
75595
-29124
8366
10877
38149
1017
1017
90370
67583
43158
-8799
89872
78152
71637
13242
-2056
2807
-70879
27966
4241
4241
-67445
18959
-52727
-10981
45361
32113
74136
-9225
-9225
-26469
35908
22841
83594
49052
-82918
-82063
73641
42501
34755
-20841
7584
7584
-86850
3030
3030
-49067
9068
9068
26043
96875
5641
5641
-62391
-91604
-12346
-34106
16486
-32862
22224
20126
89644
25374
-5147
-5147
-75874
-21359
-60724
-78860
68017
30823
-41302
8593
-63491
-83178
26097
32225
4872
4872
31214
1817
16108
11945
8731
8731
43412
35633
-16797
-11185
-27590
88086
86808
-96609
-62285
58441
-80600
45833
-88189
34785
55386
-95601
-17793
-2178
81187
-26557
-2175
-2175
-65002
83225
-91845
62865
95058
31308
-3544
-530
94606
23175
-46433
43272
42690
55648
-2070
-2070
61169
-52225
-37171
-68641
40370
93358
-39322
-4963
75254
-2518
-40511
46450
80551
-35383
86962
93078
-3746
-18098
17977
-26066
-12789
-48946
-95596
61140
9701
9701
74136
-15009
-46462
-60686
38
38
20009
78632
-72783
13092
-89081
35620
39395
6527
9990
70986
-86545
34597
19111
-46029
-39815
2257
9757
-77067
7247
85771
40576
-16337
1862
1862
-47054
4409
-81001
49292
-2412
5129
5129
-98192
57186
-6607
15016
44398
6755
59196
96959
-97168
-97062
87429
46976
-8161
4957
4957
82653
22129
5615
50728
74576
-38788
22336
-45867
-37765
-47833
-1628
-1628
98371
56482
83118
47652
36311
16077
68769
44406
-87607
12129
-40642
58398
58380
28247
-7813
-7813
80448
21889
7356
7356
84608
40456
-4058
-62032
21248
14851
-93879
-47523
-91669
94526
37629
96200
-4188
-9149
-7037
-7037
36579
31317
-17061
-5959
-5959
-47115
-62314
33978
-39252
34019
-50909
46368
46380
87137
-5687
-5687
29793
-85011
-6759
-40305
36203
29614
-71644
27725
59700
49049
-68503
-44022
-8347
-8347
-79535
-33586
-19090
9641
9641
45411
10167
4291
-24596
-81907
53899
-58231
42215
-91435
53149
-62867
-86204
-75256
-28334
2977
-37076
46440
-17116
12223
-80682
-75267
-7499
-19182
-55513
-59319
39993
1260
29217
-42239
18257
9949
-29881
-3333
-99287
-17895
-56821
-15162
-32843
10617
-3191
-3191
-55631
59331
-25236
-71336
-9779
-9779
-73295
-14695
-50576
-10118
57292
-69271
-8177
-8177
19081
-50018
41316
38128
-47549
8432
35210
-87295
51938
33087
-51911
-3475
-3475
-30389
25043
5212
-23093
-8588
-51262
-8415
93582
-455
-455
3820
86393
75491
65315
6973
6973
-43727
99227
46378
31620
-93301
-71285
84920
85122
-4946
-4946
54149
-1536
-1536
62088
86442
-1132
-1132
-69388
38792
2974
2974
-57878
-67332
50463
-30629
-41585
-527
-527
89117
-71314
34319
25594
-50580
-6771
-93040
98507
-70033
-71114
-15866
-22810
70388
77046
-88658
-54626
13504
-24345
96122
24967
68781
-38268
-30970
-76
-76
21580
-43516
-74042
97545
-41589
86976
-73753
-64029
42795
-46289
88058
57243
65659
5677
5677
-17574
69992
-15874
-29256
-35026
-62254
96645
34870
32738
-86891
36314
34387
56457
-421
-51615
8937
-70145
79796
72694
11774
-2769
-99785
77104
9572
9572
46597
56371
-46398
74650
80570
43947
-74489
2173
2173
-68383
5900
5900
-62111
54801
-58473
7022
-1612
-1612
63688
21549
-2114
-4038
98566
17390
30645
-330
8898
13211
-76982
71020
41343
12633
70718
17876
-41695
26097
79160
58956
-41759
31624
98894
-34482
17390
23438
66825
-97235
-42044
-72862
73871
-49272
89208
-91558
29411
96659
-77686
76013
-79025
-9752
-9752
83511
30802
58270
-37927
-34398
-12594
-92326
-4323
27403
30379
4170
4170
-87964
47307
29548
-68906
40289
-44723
31876
-3099
-3099
-63906
-2867
-65608
66910
67887
-91926
14748
89876
-29472
-691
54233
80615
-66809
75560
-55003
56394
52652
35492
-43738
81447
-73720
4033
-68406
44011
82675
-7247
-7247
-80065
-64497
-88924
-90515
-22309
-2373
2281
10203
15899
-23532
67596
21990
-76530
-72594
-69515
87694
97030
-85556
363
363
-78735
36412
-7330
7063
7063
-6524
-52183
-49328
-59615
-53038
-13056
97378
-73914
-2666
-2666
7367
91459
86165
8641
69792
-1755
-20461
64047
-43455
62779
-82358
-1894
-99029
87028
-56831
12471
-2744
-2744
11540
67373
42416
3834
-62953
3058
-82395
-43541
-52887
28869
50138
-90072
79768
4988
61475
17164
21363
-80349
-8787
-8787
-31858
-46036
13686
-39720
10344
-85555
82118
-77083
-93285
-15466
-84820
31700
-29841
49646
-80626
35136
33410
-9405
-9405
-11408
-70931
-70185
81858
31610
-68112
-18158
91040
-21074
78444
-33612
-6940
736
736
-72841
58121
36881
-94435
84646
42691
2070
2070
-31315
-4538
-12576
30000
-57749
5109
10630
-8357
8516
-8812
-47766
-64969
-75646
-64685
2706
-42316
-9570
-32842
72539
-1899
-1899
-98063
13127
10202
-74816
-72750
-71185
50262
5545
60510
1190
26484
4029
-23032
5323
5323
-5940
-36668
64354
-63448
-4734
-4734
-46797
-92082
85759
53793
-31898
-5214
-5214
39581
80107
85360
-38683
95209
45703
56777
58778
51068
-5402
78487
-814
87732
-11009
-77891
-4697
83908
5419
5419
15998
-7993
-61240
-9080
-9080
-19854
-65447
17692
-9288
22944
-90346
-93276
-77849
59939
-22051
23427
-79594
670
670
54789
82901
-50189
75477
38847
9235
9235
-73953
-2963
-2963
-42083
82457
-52251
44135
27355
-12166
84491
74920
-91556
541
541
-64172
-7988
-7988
84738
-79300
15845
-69202
-89058
6164
94194
6713
6713
85109
52738
9157
9157
15844
43265
9424
-4104
-4104
95978
-2275
-25104
2760
-31299
49452
-4336
91713
-70759
-41183
34130
-51918
-29141
51883
-20008
-84415
69115
-7876
-7876
-70519
-67209
-72644
3502
3502
-96205
-68494
86632
-20113
-7468
68871
-4038
-4038
60770
214
51570
6586
-1946
41513
-76300
-9980
-9980
-63991
-7744
-7744
82505
-53762
-44838
-68007
-50503
-40445
-17503
24465
58433
-88272
-1731
2381
2381
-14710
-90933
75956
-32838
85975
-41564
7830
29016
-3195
-15304
61215
68504
68564
49604
-89806
-2415
-2415
92603
-66583
53377
-58882
58253
-15862
-4587
-4587
-24684
18513
32716
63025
-10359
-79398
11013
-4118
-4118
40233
-50702
-64403
71660
-70710
90512
-52683
-8585
-15497
9815
9815
2499
39571
-16085
-40831
-29181
-31419
-44369
39680
67452
53982
99957
-43746
16038
98326
131
131
-35707
31115
-92746
14505
-20896
-76389
-17241
-27881
22063
-3906
-3906
-5281
95685
62116
2732
2732
-56181
-8634
-27645
-10676
56931
-79061
7840
7840
-38130
-32985
8135
-16662
-3496
-3496
-26298
72569
48920
-3095
3861
3861
-71792
18157
68090
57353
61193
-39890
6746
-5996
-88441
43830
-25816
56075
63243
61533
65085
52608
-96664
-45317
80922
-4097
61725
-89690
56599
6582
-63065
-914
-914
-6414
31997
-84005
38626
-32665
60003
-10187
24430
-35568
31319
25067
-44395
-30964
47935
82610
-36335
-5370
-38079
90510
-77235
60743
-4068
-4068
26407
-4237
-4237
82425
-62364
41998
-94086
-29588
-77173
-62546
35145
92549
-5378
-5378
-78999
-54966
-19360
39847
1274
1274
-81294
-72380
-99061
16555
-18611
24183
-77303
80892
-4496
-4496
57028
-3845
-3845
-40631
63010
-34246
-33402
-35969
93879
-1493
-1493
-39825
361
-69435
63761
-15248
-79490
20520
-80193
-82717
-32005
-2995
-2995
-14184
85298
58187
23795
-87628
35048
-82735
938
938
-33150
-61290
-12887
-2338
-2338
35372
6385
6385
-86428
51916
-82900
-26832
5798
5798
-16029
7285
7285
-30702
-47831
45411
12762
-61675
6556
6556
61813
-24024
45900
66351
-37574
-17637
9424
-6604
-89640
-31827
-53269
70209
-71449
-55697
9249
37361
-56728
90483
21356
47855
-61715
-17170
87193
-10833
79748
-60883
-48082
5067
91579
-38255
-46938
-1430
-1430
13771
-69499
72644
88556
3953
4514
3935
3935
-45075
-24434
20113
-18186
2405
-73887
31425
-60282
-59700
68497
73891
18036
-98527
-24212
28708
55261
30589
-58346
88324
50530
-28992
-3555
-3555
-79450
15278
57632
-87225
-49394
-53184
3058
3058
-55737
-70427
34250
-71378
50641
-90069
-9165
-78922
76788
84950
81199
82953
55164
11891
-3304
-3304
-6947
21641
39517
85125
33059
-58123
9391
9391
89612
-37416
-79925
-59438
-43204
-59414
73252
38106
38166
95103
-33414
-66353
51869
-9587
-9587
76255
19818
54506
-1152
-1152
15858
26234
-4924
-46436
-93472
38405
-23471
4803
45600
-60202
6498
6530
-84853
-3078
-3078
-48400
-22095
-23954
-63337
-2832
-60384
-92286
-90912
86244
95766
58473
-64807
-66774
16447
-74001
-98509
-92104
94147
43655
88312
509
509
-7937
-93095
94494
35896
58833
-14714
1772
62534
31728
-41589
49477
-12803
56743
84993
53339
-18676
55989
4411
-9936
-9936
-58683
19260
97040
-10038
25696
13030
-1052
-1052
-85462
2633
5090
-62491
17927
54880
-51533
-33886
59096
-58384
63350
-98421
-70160
35209
-1008
-1008
56270
-23071
42888
-72021
-96917
-85430
-52407
-89280
-56779
4352
-7809
-7809
-20092
87098
-51790
-62829
-33565
-46810
63595
-56719
38566
33605
98540
-5689
52061
-20118
57284
-36494
-77967
-89433
-57593
76443
45401
12687
266
67309
55835
72240
84899
-72937
-5846
61110
-85609
17296
45291
-44200
45029
-77590
-98679
-69137
-36679
-79628
90410
36214
60676
-72586
-98078
-78073
-4521
-4521
45168
-38185
-99377
22776
32016
65549
-74067
-2492
-46547
17037
-78724
24602
40939
-8685
-8685
69871
-37013
56069
-99673
77349
67642
82484
-92047
48536
42936
-48281
46646
-61487
-3458
-3458
77472
-12755
37693
-28352
3501
99160
45581
16977
-17265
-24099
87114
-59209
11201
-18834
-30780
95594
-71649
-55590
6818
59690
-2401
-2401
43395
9773
99350
-63850
42245
60185
74216
-94276
-64559
-81415
-57700
-76730
39452
-26875
74095
-97023
13487
-70175
217
-42587
2748
52213
36585
901
901
-50232
-10976
-99616
-54497
65642
15238
-69067
-36903
69551
792
792
-17155
-45012
3798
3798
-8871
-72429
32080
-23447
5306
5306
-31120
-5861
-56620
-20524
-91363
-8977
-10145
42834
-6626
-6626
-17588
59577
6374
64738
42423
-88363
-47954
-51830
-29596
-72625
-37380
-39662
-81189
33076
99143
2596
97912
52989
-22429
-62977
-47248
90388
-68074
33546
-41461
83523
-2765
97659
-74386
80226
-37142
34446
5285
5285
34474
-98505
-63778
92960
3611
-9072
-9072
-57575
19018
-53281
-18074
37631
-2459
-2459
58094
-64933
-77530
-39035
-29239
94617
39050
26261
-72501
-90589
-79771
-6372
-6372
-10996
54325
66672
-8574
-8574
5594
-97069
24335
66031
-57024
-39266
-90899
-28647
-82301
-2648
-2648
92493
55698
38621
8879
5745
5745
82146
-12538
91237
120
57037
-25908
-19370
-5598
-5598
84877
22820
47582
-58427
38538
25420
83894
-4778
74118
-27045
66621
-9534
-9534
-5968
1628
4125
-23065
-94421
42641
-75698
38746
-54540
45079
77245
-90376
74702
70719
-45939
-64731
-91627
8669
8669
-69019
7196
7196
61911
23424
5524
80324
64604
45165
26398
72695
865
78797
-55326
14228
27564
-39699
-14367
-78908
36093
27355
38277
485
485
58832
-70876
70255
31492
57592
60283
24937
-72453
75972
2925
2925
41791
99867
-943
-943
-31139
1270
1270
-79582
26861
85376
97408
-97475
66027
53548
-6343
78228
-75550
-97180
-48574
14136
6365
6365
66418
-33538
-45303
-11364
-98323
9713
9713
94575
37935
50678
98067
-55577
-22829
-53490
-28805
-53963
-15415
47843
-44333
-25157
-96881
-1433
-14597
-38784
33943
33052
89634
-9375
-9375
62860
84572
5596
-16129
41850
-55946
-86048
41268
-98169
-39732
62416
-77131
6438
6438
-57128
-56611
-9873
-9873
79711
9661
9661
75737
35078
-3759
-9791
-9791
-58938
-97030
-5330
88468
35215
-2790
-2790
63171
-46565
88846
49229
-64079
82377
-115
-115
53774
-93640
63568
55361
73879
-19117
84904
30119
82773
-83898
-17729
-31370
-77196
-95350
-2869
3300
3300
59322
-24133
-5496
-66259
-97548
-61102
47326
-42830
71425
-22040
60228
-30706
23646
53581
-5642
-5642
-61441
-16759
-68710
-31496
-43538
43323
3665
3665
30921
-31796
59830
55572
91750
-10325
-59529
-65269
-78155
-31109
-7179
94723
9777
9777
-59159
28563
7622
-12306
83472
4801
99949
-45067
-67280
96990
70369
45420
-9902
-9902
-98470
39893
72813
-23311
37870
-43317
48534
82482
38316
84105
-46994
28465
92909
-61880
-47151
9812
9812
-70049
29811
-63968
-8624
-20810
72201
1969
7708
7708
47440
53947
-79211
21082
-33452
96644
73019
-3883
-3883
-37302
-61352
-20570
-47484
-7152
-7152
48834
28986
-93914
-39905
-57599
35304
-7738
-7738
-27305
71236
-21814
-69754
-34594
-78413
64625
5424
5424
29776
89438
-48803
47602
-83772
94497
15990
27231
-88922
89706
-11904
-77114
-55924
83666
84682
56377
-5934
65952
54181
-65976
-87216
-10102
51035
-71123
-9027
-9027
8355
66636
-36609
13771
67323
-3582
-19073
-65525
-81814
-95500
-25887
-47515
98751
-9747
3412
3412
-17705
-63642
1465
1465
53073
-84944
-2045
-2045
18088
-69128
67392
41848
94108
-95259
-19604
7343
7343
92506
-67548
-69210
-61191
-81084
-56420
-466
-466
17029
83069
65299
-45446
33948
-15137
-91315
73213
-7841
-7841
94784
33672
-79007
-22949
-24223
-37381
49555
-14957
-11859
-40876
-56021
19225
-74316
-90391
4665
-71740
-81034
-58454
-55994
-49513
73004
52080
87003
-52331
5919
5919
20916
30906
27407
64544
-37075
43073
-54618
6589
6589
99572
85712
31186
-78040
-35317
39322
61660
19872
-7386
-44028
40897
-69897
56581
33004
15809
-42804
-8551
-8551
79465
81496
-54504
77889
-20540
45842
90349
5491
80436
51858
15622
29106
-16752
-69532
7725
7725
-36840
82711
97880
-37349
2929
2929
-78491
-83847
-78692
-47800
86020
75253
-93496
-9750
-95727
-96196
71712
-20763
-50896
85241
9581
9581
-79969
-3356
-3356
-90450
-97149
15
-50352
-42314
50728
-69382
-4471
24022
-28653
-53642
1518
1518
12769
16379
3004
40457
-77757
-20787
-33682
-12147
-94065
-36240
-73661
7952
-1550
-1550
-96380
38382
78111
13170
91283
-14289
13524
-82542
-71040
-79615
-36919
41641
56131
38776
88429
99761
15417
76518
-1409
6219
97284
29334
-87974
14156
39843
-39769
40982
96426
-58358
-10526
-16928
86132
-4926
-86587
70834
57002
4204
4204
-83321
25090
-28957
3280
3280
-51510
-31780
82182
-38819
-6263
25797
92321
18975
-92335
-38982
64507
-1987
-19026
23611
-85302
40536
50548
-65237
-42662
64616
53180
53963
77305
-57250
-52473
-48515
-66252
84462
47220
12054
64344
-51639
45290
-42777
18730
681
-7498
-7498
-7841
-651
10880
16672
-23458
-5573
-5573
51162
-40075
-2527
55614
48162
34034
-73507
-21714
-3161
-3161
-97488
-32632
90350
-2654
-2654
-75533
27300
-4318
-4318
62511
36377
-84043
-72260
1792
99041
-90816
-76294
-50418
3121
-71268
37568
-97398
62578
87620
72663
-83396
32334
-7992
-82690
4105
4105
89855
-73643
-15566
45756
26528
6651
-24783
-8080
-8080
-6244
-82941
6965
6965
-17185
-47096
55839
23384
-31618
33635
33514
-8847
-8847
-64914
85159
28129
-62188
-86020
16521
24967
-44760
99838
-60946
21034
15612
-24233
66535
-706
-706
63448
-23302
-56135
-9882
-9882
61345
57937
-88359
-43481
18735
79170
34141
9732
86139
97381
79272
33063
-70838
515
515
43723
-48347
29644
42757
-41922
96554
-86091
-85761
-70392
-2182
-2182
-58603
-45665
-48082
-29061
-54009
7830
10657
97709
-22370
-13646
49847
-62173
-97828
56424
58436
-25236
-60300
57317
-93870
-99998
38610
-81668
74595
-9334
-9334
37196
-50534
-74523
-76327
-92657
6453
45298
-60927
86089
8748
90405
93803
33344
-11022
7121
7121
-72920
-54107
-36983
-65438
60243
-27337
-77252
26234
-66908
31936
-51792
-59666
13749
89001
2905
43105
-28121
72230
-6385
61479
50720
35013
68327
50378
3104
2432
2432
-56916
52436
-20999
-85431
12360
80781
-1280
-1280
74567
-12394
10085
-54536
-71969
52211
-52000
-67989
38036
78472
-40856
1111
1111
-88570
5934
-63365
-77017
-3072
63657
28559
27489
44213
6727
6727
-61919
-31735
-92522
-93711
-26485
48904
-50467
4502
55655
-34318
6379
64527
46013
-88732
82082
-80586
49666
9061
9061
-2357
94802
54115
-83624
-1901
-1901
-3559
40900
-3115
79988
1551
76734
16607
-83877
-6436
-42151
80441
-23657
-7732
-7358
-7358
-34884
50745
-66831
-84205
-8435
10644
-41897
-92836
-10222
-91392
-78763
-51823
84028
93341
-87987
61608
47039
25567
31294
-79279
-58230
15511
-96207
-798
-798
37720
-19497
-34169
18569
40056
-78868
98050
-41175
-53000
37817
-6486
12591
96727
6511
7356
7356
-63339
-72601
-12621
-52272
-13144
-49899
-97174
58215
-75883
21721
36419
-11156
78883
-29945
5147
81989
61854
-89090
76922
85148
65752
-62209
-549
-549
-62574
-58319
68654
16625
-64840
-18416
10072
-41690
62074
34769
34514
-7357
92933
99658
67311
-51685
-76749
-67876
-16990
-20512
43759
-72578
-24784
95035
65486
-900
-900
-43002
53303
-67382
-5474
-5474
-7157
-48612
-73920
-95210
-31576
-82938
3804
67065
66968
-68074
7441
73807
51452
-5686
-5686
11697
29003
-292
-43678
5497
10112
53042
-45239
-31259
10618
18752
40206
18295
32331
-73404
-73214
5704
5704
-38402
-93652
-9223
-9223
21052
-77160
-31281
-87298
58677
-72750
77505
12406
60646
-22998
-23092
93646
-7345
-7345
-30727
47234
22962
-3720
-3720
36617
3981
3981
36572
74687
-24632
11844
-98546
69711
-87013
-63632
-89050
-10021
-85246
-77847
17581
-6892
6265
99265
-18566
33265
405
-6782
-8215
18850
47707
59096
-864
-864
81887
-36589
89802
-50660
-21437
-11193
97264
91854
12051
37587
-67316
-114
-114
-51665
88086
-53512
32290
-36339
-59461
38303
60093
80383
-40666
16084
-83753
-41233
-99245
95682
-93242
-63970
54776
63475
93014
-8965
60583
-31456
1688
6494
-31818
-73146
156
156
-98208
43544
-46417
44333
4431
4431
39887
-34947
46830
4761
-14577
-43835
5140
5140
-50038
-89693
6419
6419
-40843
-40314
-4760
-4760
89249
-79619
31823
35623
-38600
76809
3890
95247
1783
1783
68858
-25281
74217
-67530
67803
-33163
89783
1467
1467
45144
-7746
-7746
-44377
-20945
86648
-45002
68717
-57346
12247
-87788
-9098
-9098
-54006
31981
12022
79156
32751
19210
-99115
-9638
-9638
-19796
-20736
5135
5135
44653
-73576
98986
19502
45621
-80793
-82511
-61719
63657
68401
-28264
-47583
-36204
31770
-55466
18633
-1615
81233
53021
96677
77549
70212
-70763
-58247
-55276
-35130
57677
-56004
-48321
89258
54280
-16068
28023
-74174
-56337
24445
7064
7064
539
2732
75410
68951
-70130
66814
-17214
36777
68178
-75139
83615
107
72601
-3141
28855
-19954
95188
80804
48646
-19042
94335
-32845
-34055
78866
19617
-10257
37529
46892
-9696
-62529
35981
-65010
38786
-2206
64817
-76708
60275
68571
-146
-146
62762
18553
-89405
60063
66317
37699
36822
-86223
-34088
58715
-95079
-62398
-40000
-44167
11392
24773
-40619
90647
-5760
-27510
33708
-37242
92887
-15693
-15295
-44114
5366
5366
60369
-47359
-30990
44263
-91183
956
956
33392
-82009
23790
-18910
23511
-4118
-4118
45004
85935
17146
-3899
6386
6386
-76400
91614
26939
87930
8134
8134
-7681
33814
92636
81496
-1113
-1113
28526
-70846
-85928
-2934
-44489
-91506
18212
-31989
32542
71391
-90363
20601
19800
-65461
5512
-70859
11700
84234
-23122
29303
56587
-93576
-5677
-5677
-3963
-12055
-42180
24545
-39267
-88301
7268
-72735
13750
4264
-33543
-3942
-3942
-27273
67891
11578
-7997
71620
-77752
-5450
-5450
-19101
8461
-66933
-49196
-59942
96721
41121
94876
7711
-21917
-24035
49702
17493
25148
3262
-84117
71961
27919
30381
-3221
-3221
-76778
78656
-78774
-48961
96070
72342
4402
4402
25596
-5772
-9179
74036
-85605
-51534
53554
29153
10576
-30283
-23888
92260
71405
-95027
-1362
-1362
80344
60275
19106
-17902
15294
60625
94723
29451
88152
-52678
60147
-84753
1784
-99380
35854
56213
28288
-55874
28383
88012
-86054
-92550
11382
66122
-2256
-2256
95144
-1711
-134
13498
-22762
-30720
51547
79902
-30250
-4690
-4690
-58650
-42791
6476
-70982
68381
-12081
-91638
-1763
-1763
-96777
45926
725
725
-30912
82948
-45193
71865
86321
90823
-33663
-51097
15916
-80976
-7675
-7675
-59534
-73539
-28130
4668
4668
77582
8943
-32080
16791
-46055
3307
4890
31807
-84898
-60447
-34536
-54110
-79622
-72120
22259
-6398
-61239
-86520
-35420
-80347
-46493
2048
-53936
67969
37572
73535
72010
56939
25557
-15098
22712
-5060
13203
-43629
97823
-42378
10841
11677
-6930
80717
-32229
-82979
78322
-86131
10869
-23466
22135
-68758
40944
-37518
-81978
-90264
14988
-44293
24048
22558
86392
17149
35072
3607
3607
69725
54838
-35735
-29729
73765
-4437
-38801
54604
-14348
77400
43372
83882
-1768
-50065
37931
785
785
-91499
79655
4998
-30203
20724
-71703
13012
-43978
-39262
-70762
76167
-63490
-5992
-5992
-57751
-42049
-19931
-44105
47663
58744
-82089
56283
93585
28420
16754
70082
-98887
7405
7405
64191
-69406
9750
97564
53206
-94943
-48359
-9623
-9623
-95921
46408
87414
-55894
-6669
-6669
-33596
-288
-13295
92405
59868
8012
-73395
-8126
-20258
-73079
10312
-31669
-30413
-79346
2776
2776
41316
88291
-98330
88414
33066
8067
-60585
-62598
64126
2839
51577
416
416
2425
29564
14427
34462
-23038
-26177
34188
-95818
26230
79118
-46328
-54177
-17096
88981
9444
9444
49164
31029
2201
57989
-94232
-85504
-77679
-14150
51913
-61056
-42828
40947
95562
-3494
-3494
-69633
-60357
-16265
36212
-494
-494
14877
-78115
21403
55814
54116
46649
41486
-70581
38421
-89209
72919
-32980
-99186
-29522
1356
61869
22601
-1942
-1942
-91184
-55441
4707
99078
93673
-90664
-46700
7902
7902
-92932
-23917
-6018
-72364
-7597
-7597
96255
-95348
-61427
-27295
-89910
20064
-3444
-75024
87049
-26828
68203
-41895
14031
-44092
-57353
-41166
-88893
14190
-96390
-2033
7917
90008
-34226
6329
-9130
-9130
-26285
-10605
2216
2216
-62325
38426
810
810
12456
-18763
79031
-88152
75650
-842
84342
-7403
-7403
79392
-67878
19919
-2088
-2088
31430
58021
-91920
-42970
-53007
86202
-92304
-49917
2644
2644
-33156
-92753
-6396
-6396
27453
-67390
-6615
30160
-45419
3239
3239
35859
540
540
70533
11261
-28572
-9364
-9364
27864
-5182
-5182
-82183
-1669
95766
74729
-52341
6719
8182
8182
89041
86246
16722
-53870
-17631
5536
5536
21869
43323
58230
2933
2933
63836
2830
9225
9225
90093
70388
26051
-75639
8554
8554
-14946
-33485
-9359
-9359
26873
-31581
35644
63026
1894
1894
-78788
94838
-52877
59456
50722
55006
9627
9627
-53017
-8872
-8872
-1108
-90214
-85885
-19589
50218
60279
-62285
3652
3652
-16292
7272
30741
-91712
90881
80780
25307
-61958
32673
82336
-67939
20048
-76864
-9496
-9496
-66126
15039
-30284
-84172
-8811
-8811
3151
85455
-40746
72976
-59455
-64242
67675
1475
-68661
-94846
-22856
51896
-78648
23861
81107
-38164
-45001
21964
89912
83492
1935
-2609
-52861
31177
8047
8047
88205
-9395
-9395
-29185
-31744
-44724
1894
52394
-5825
-5825
63960
20709
1212
1212
84060
28
50057
8646
60564
-62621
-32628
-26854
21209
-90308
15287
-35469
-99285
91064
-74613
6301
94642
-64237
-32021
-72863
84107
-17858
-99080
96516
43417
9870
-76525
91476
-82314
-86345
-29392
-1568
-1568
6675
59551
79866
81789
-61838
-2650
-2650
24801
31773
53702
83530
535
535
75559
-25145
69193
-48171
-99628
-3770
-3770
-6382
52108
12192
-13077
-63957
96542
-42089
-31291
-9242
-9242
-79882
-7524
-7524
49648
-8623
-8623
-97960
75509
-55009
40179
-25101
70501
-55701
-53374
-26679
92623
-37978
40367
-94760
-918
-918
19166
36548
26152
43795
-2612
-2612
-82354
6260
-98975
-93024
18758
-41313
43626
-40280
-33204
99747
44502
-93008
82431
67901
-59687
54811
-39314
54499
2244
-16250
-50245
-75265
-69954
99893
7115
7115
44150
63190
-8205
-8205
-63578
-77626
22316
-96009
11963
-84750
-70454
-87853
32577
95459
27024
-24955
38737
11620
-36318
-31009
-94127
26636
-79225
61980
51917
87460
-73684
-25638
78907
-79434
-89198
-43560
86223
69938
50527
26694
23562
27465
-33695
16403
-54787
22153
-59320
-88879
-51665
-74689
-83898
7351
7351
-32272
-59060
-72085
-5258
-21090
-1810
-1810
59309
83613
-46205
94215
84046
-9365
-9365
1187
3347
3347
-3430
-2167
35433
-75131
-4585
-83121
15122
29438
48827
-88725
-235
-74024
-99897
-66202
19157
78258
-82181
83122
62708
-8987
-8987
27739
9799
9799
86079
-97989
-85154
-18789
-41043
66064
9373
9373
82379
-24089
60638
-33494
18591
6959
66506
-20114
-33292
-68438
-35223
34413
-1714
36114
-15617
-45511
-19144
45071
-54048
-38633
80430
-15327
74601
11453
-87585
13806
-47082
-27382
10074
-43433
75657
88736
10533
74062
-88205
34155
51284
76140
20747
-69092
1303
45598
-46031
10935
15523
93483
63131
-75423
-97224
-30317
-32749
92832
73280
-87336
-79126
-55391
64129
99771
-52329
90341
-97201
-45582
48026
39664
-7677
-7677
-39056
-49871
85238
-98476
-4639
-4639
2548
-7796
-7796
-52943
78010
27685
2063
-73357
57506
2667
41264
-41096
81979
50876
36533
4707
4707
-6021
77811
40247
16836
44262
-10540
-97481
-77508
34681
-5750
3698
-34969
-9083
-9083
-98868
-44524
-46967
13620
80219
-77288
35720
-79560
-27177
-71646
51405
-30438
6328
6328
42370
-9757
-9757
92279
68839
89412
-9778
-19123
83521
-66698
41794
4801
4801
56275
-8163
-8163
49122
-7
82073
-69043
82722
-4577
10482
-4402
73679
53223
32350
70534
-70393
81711
-24887
-25643
-77737
-43884
22156
-88396
-40662
56208
-62102
82468
-97601
72430
-6993
-6993
-99716
22455
-33627
94043
-57824
886
886
87033
-24583
-68956
-33918
99483
-30999
21405
-17386
-31652
-46771
-30750
97226
-11781
-40238
-9639
-9639
-81200
36039
64423
-14456
13204
68530
27527
-24131
-60244
24880
-15042
79103
-20843
6994
97896
-7681
-7681
21530
57344
-68018
31478
-57058
5116
5116
64082
-85948
-79711
91391
-24833
-3340
-3340
9069
-69880
8554
8554
83370
-43082
-14875
70452
15323
-56094
-37352
-72059
66708
68157
36187
6223
6223
-58415
-28157
-14815
-27609
-5717
-5717
-28246
-4419
-64298
24055
-88898
12998
-15812
-26592
42136
-2946
-2946
11657
37150
-81808
-86078
-90956
-95351
-86485
80582
-7244
15893
-56091
15843
-92649
-11601
52860
-94536
59613
-83971
-218
26028
85114
-68379
23125
-75437
-60328
-14485
62889
7151
63129
-73786
-32689
857
-6983
-6901
-6901
-6598
-58357
45179
52576
-24892
69213
-25619
27725
-46969
80044
-89283
46363
-601
79782
99354
-49668
-88842
16557
57519
-55012
27923
16262
82772
95968
17033
-10919
24073
-2720
-2720
74048
91847
12832
82636
49550
-10016
-46066
-31902
-25639
7628
-61769
-8178
-75256
-99964
5238
-30532
-66163
78050
98838
-15122
22498
-36363
-71699
44772
-68728
49505
5128
88389
78018
39849
90561
79923
48593
97794
78512
90784
14311
-2386
-45342
86819
-62687
4505
-49533
-59157
-4102
-92304
1289
-84193
-26848
15321
75753
-85182
-88007
56371
-60527
-25401
23435
72695
72480
-73347
2861
76897
-46108
92415
57675
95893
34720
-28607
5941
98860
-1203
-73743
-79612
-54352
15347
72150
3074
6628
-87734
-7499
89261
-99421
88640
50712
82384
-52832
48462
2599
-11315
-83986
-73797
92591
67323
60984
-48397
1698
1698
-13383
-56343
-5011
91599
-7382
-7382
3624
13888
16409
-60788
18433
-72346
-67995
9610
9610
-27286
-2595
2824
-93734
54570
-55318
-49366
-1732
-1732
-20468
-76479
8710
8710
52752
-25795
-92885
96296
24099
-19680
-98534
36892
-36618
-75572
-69223
65909
-9980
-9980
47355
72237
87833
63414
93584
7882
36018
87090
-61052
-22695
42760
67514
56146
89390
-36367
-12584
-38811
-12895
16018
87396
52873
79117
-2472
12323
-3305
-39787
4694
4694
90767
51146
-53356
-57786
19103
17746
-81420
-3587
40588
81568
-56360
6033
6033
-59122
-48579
-93663
1156
1156
-27273
16861
-50302
-90732
-7697
48076
-11856
-7181
-7181
-44612
2524
2524
-30059
-16758
-83818
93329
-42728
-34747
92422
8097
-20145
69925
32514
78267
98670
-56943
3952
3952
-3318
-59017
15057
-78886
53589
8393
8393
61885
-42320
-14259
-39941
7115
7115
10585
61756
56760
-44423
-64438
-5055
-37527
14209
26797
17033
-7823
-7823
-86985
25527
4970
4970
-37028
47206
20320
-18520
47819
5837
5837
-47393
-7457
-7457
-52277
-56037
-70627
29549
79877
-66843
-58813
98145
-80069
7861
6407
6407
53497
66268
-29419
-27203
76501
31269
44935
-68202
-58082
-29814
-69515
9078
9078
-4114
-88978
89532
-74405
75633
29014
-74961
6079
-2726
-33572
88570
362
362
-92013
207
21048
77021
-27466
85744
91967
14526
13741
-66050
4010
80285
-39269
-76507
-66322
-98974
-35374
76460
73298
87604
-69668
94814
-66589
-78517
33356
49443
-46617
82128
76851
-83833
-16532
79580
95114
-86188
-60122
-80485
-30363
-362
18464
84122
22780
5742
5742
83441
-22942
16913
19151
2258
2258
37721
-24595
-69352
15000
-96421
-8770
-8770
47053
-36048
65552
-69809
-71928
-94206
13445
-80419
75809
24061
72866
13608
-73276
-50440
3916
12453
-54133
60759
-60955
-552
-552
73641
83754
47631
-66583
16719
76063
48497
80393
-84184
-47375
-7250
-7250
-34344
13515
-53323
14376
-32133
-95296
77539
90772
-2323
-2323
55323
-7670
-7670
69073
-9824
33380
-53930
5548
-87320
-7213
5315
2651
2651
-76866
-69769
-63453
-58554
26333
-81650
-83414
-74077
5395
2381
89683
86308
-14908
-65752
-35941
77229
-93210
88030
47585
-29928
39497
-5500
98450
-78587
-37543
-31349
94020
-405
15113
74541
74566
-55877
83975
56164
-62506
-4910
-4910
37100
24386
-21195
64623
-17203
-33821
13928
26488
29272
55912
49961
66515
-4021
10938
-64770
-10852
-76589
-88233
29150
-3074
-3074
-99680
21763
-16791
626
626
-25859
37838
64459
-55539
4181
-60142
52042
96587
81349
75826
61950
-27042
20516
91719
-7465
-7465
61976
-17390
70515
30965
59489
8584
-40710
17921
-9217
-92330
36244
65736
85428
21260
-41610
-332
-80569
73725
-6555
16121
-6520
-6520
-40580
-12790
-6366
35981
-90814
-26798
74500
-86297
48752
54076
-42607
97703
78086
-57747
-18167
-7599
-93790
-73915
85343
-51880
45489
-44646
-33690
-17795
-65510
-36610
62048
21817
23489
19291
-98105
63510
40615
-6531
-6531
10862
-23702
-98283
1332
1332
30079
1704
-29052
46884
-77838
60526
-3673
77224
-2453
40293
-33902
66810
74632
76405
-91093
-29262
-24638
-3564
-3564
21614
-4722
3327
63632
-26352
80171
82212
-3095
84360
22091
-2216
-2216
-56019
-61950
80340
75648
-43109
95948
25208
-96184
31777
-66722
72735
-90058
55448
60935
98650
31178
37299
11627
12666
30002
59528
-31033
-1623
-1623
-13277
66437
98337
27295
26855
-69489
90264
-64920
87555
-85931
40214
93130
-23662
-43964
-37050
21662
72430
62427
26479
-18255
32607
-8718
-2817
-2817
88288
-27540
80846
-71113
10518
-83193
-89071
-91122
-65111
-1891
-97648
38062
57123
73758
9108
-64318
-63573
96749
96607
-74011
51032
78335
5693
-9700
-13568
-1892
-1892
29536
-70458
8077
2960
-2316
-27094
-95562
-5637
-5637
-51455
35086
71191
44556
-2459
-2459
-31113
-8751
3211
98259
-5024
-29432
-89182
-1994
-1994
97057
76490
81438
83154
-82914
-9317
-9317
94133
-71078
-93023
27364
-27982
-11874
21406
98731
-75395
59693
-1341
-37321
14628
88698
47282
-5120
-5120
86177
93403
62278
-15108
-40208
68890
32683
-274
-274
41752
-4629
55208
-81471
61698
-2735
94360
-48493
-10819
16639
70098
-63261
-87136
81792
80396
54709
65507
55515
38544
48449
86995
-34672
41470
94577
-85745
-54867
-7426
-56326
13988
92835
47468
-254
-254
-58970
87319
-41689
61872
24202
4627
-84048
8206
8206
26406
-31101
62703
13970
-57851
-22746
70710
29255
-34303
-78399
2300
-96550
82548
9679
-29088
-57785
6299
6299
77484
-76297
-71151
-3137
56826
-27581
11376
95693
31479
-1568
-1568
25037
-40149
-53934
-48663
84735
-6345
-6345
7394
99836
91931
9162
-28377
-67092
65603
1720
45405
-53088
94582
-6662
-6662
-22332
28556
3453
3453
24418
99160
42199
-39091
22576
-88411
-50027
-7131
-84759
82772
-1301
-1301
-55496
77608
-9462
-9462
-99972
29856
37782
-33920
6322
6322
63839
-22542
-25738
32901
-64961
-48579
60417
38664
44126
-23569
-28032
-13445
-79995
-92470
-61170
59763
-94198
-92473
3866
-63522
-6821
-6821
-81278
-31976
30606
-3606
-67468
2708
2708
-83952
88895
73432
-66084
54378
-95579
55150
-64498
-80570
-3028
-3028
54843
-45065
-63735
-4672
-4672
22947
50404
78376
85221
68519
69600
63317
-53222
42062
-46866
3346
3346
15122
-63065
-48623
32828
81488
-1797
85719
95945
-3806
-3806
-83067
-73386
-62163
-42301
79949
7828
93952
-41011
-88960
6605
55256
2760
2760
-82583
-99381
-17445
-10654
7614
7614
16905
-9786
-9786
96688
52864
40037
-6668
-54483
-13531
6291
6291
27054
42148
-5300
-5300
72547
96449
-71616
-13988
16613
59909
-10973
96183
59719
-61055
-62217
45526
37736
-99288
-35256
-43490
-21276
20066
-6285
18630
-86295
-43994
35525
42567
45550
6877
-2593
-2593
-5620
37889
-19576
-1978
-98647
499
499
-95350
66441
-8819
-14147
86935
-80159
73739
6555
6555
-70832
-46696
7855
95818
8015
8015
-72967
18056
80573
23152
-54769
-1845
-77611
33323
-66832
8867
8867
-66484
-38200
-43851
23502
59080
-39115
-87654
6677
8427
8427
-893
83023
73287
-59420
-44228
-4318
-4318
-36979
-72689
71640
43688
-71523
-19242
62193
12427
70128
16114
-41865
33406
-82547
-74489
12712
93257
98072
51354
70019
44290
95998
-49023
-51293
86139
-32200
86684
-70642
-96110
-66213
5801
5801
-21344
66677
-73450
-22307
91924
-44801
-39503
-32173
72313
-1637
-1637
41190
-8887
72989
-7023
-7023
9250
60458
49001
91344
79331
3045
-17308
-37877
9117
9117
78184
72623
-5184
-5184
-6718
-21605
26523
-22395
-1986
-1986
-34549
-27241
-10804
-19025
38492
99809
-80893
52692
78279
-83388
-4526
-4526
66795
99428
92063
72860
66602
-48033
1702
1702
-15253
-13298
-71732
-55123
65128
-81411
93982
21129
-28111
-42956
62587
-67638
20178
-9848
-9848
-19306
-78650
17062
63839
39840
41788
-15622
5065
-55447
-5582
-5582
54532
-53435
-5601
-46621
-42151
65735
-75264
-92504
80693
-52639
92065
-74495
23713
31869
-19966
7906
7906
-53308
46145
47434
-49908
-30910
13339
86915
-55580
76532
-85118
-66501
-406
-5693
-4100
-4100
-55250
2776
2776
-24747
59201
-11321
39011
86072
93282
11594
-24127
-44564
-5314
-5314
-26301
-87201
-22164
-66921
63944
-62512
-7249
-77554
2450
2450
45231
24701
26192
12570
44982
-4450
-32555
-64891
93000
4792
33700
4298
4298
16923
15127
65512
-66170
56554
79275
42761
18483
42974
-37509
-41606
99279
81047
80388
9917
85603
-6780
80371
51389
-83280
-47090
-97202
87590
19343
36247
-3635
-3635
42588
-64281
60169
-50224
-24636
46509
-834
-834
-68688
71874
36399
-93392
-72191
14708
-29883
-621
-95995
77344
-39421
7593
7593
-604
-88785
-57670
94439
-5621
-5621
42001
-2422
43168
-12834
34177
-84728
-64229
-81043
-43978
56441
70642
95062
-55505
-55158
98161
57215
73006
-78906
-7560
80724
8694
8694
84649
-48648
-62663
-58467
53463
91701
-8541
-8541
-11163
66528
63697
-83777
7573
7573
-40739
64573
-36631
-4956
-4956
13491
75062
-89643
-62701
66659
42484
94088
55674
-25947
-8909
-8909
-8681
-21137
-11947
-73838
95479
-41352
34130
76286
46740
-9283
30004
69643
61413
55196
39866
11288
-38941
-89
-89
-50263
25723
-1828
9621
9621
-11763
-26370
-60176
-12608
8415
8415
34575
2362
-87974
15935
-33668
-69314
-31042
-87899
-7627
9862
-34328
97753
76156
76548
96085
21548
96300
-11440
73628
-60076
-97633
39559
-21189
90896
-1733
-1733
-33860
-74743
-69411
