6 1144
256 754
300 766
16 942
19 981
215 985
202 637
89 1013
63 1310
646 1232
483 958
744 1271
461 1134
423 938
868 1101
684 916
184 838
43 1159
58 1242
916 1061
24 680
14 1295
915 1083
194 686
889 894
35 896
115 1075
199 974
314 754
753 1193
547 782
897 1271
402 605
120 890
739 975
307 1003
724 897
68 811
164 1314
95 785
106 1226
156 1327
731 1175
232 1291
67 916
33 1290
93 998
651 714
177 1062
379 891
247 888
55 1054
236 608
400 1340
296 1365
727 1372
171 617
216 862
659 1334
320 1277
356 1003
652 1299
992 1150
456 1000
149 885
390 650
340 660
629 738
776 856
597 1169
887 1036
949 1351
574 1000
368 1206
318 633
941 1263
587 978
997 1342
514 1382
983 1003
928 1394
541 1002
181 1139
612 799
507 747
969 1257
56 901
580 1142
706 1001
374 758
563 642
183 916
179 1310
632 1003
690 1027
473 778
128 690
462 993
342 729
474 911
826 1357
393 887
367 1054
703 1203
476 828
69 905
944 1040
675 939
205 1389
705 784
771 861
677 959
333 996
31 759
102 935
481 1296
398 1163
590 1373
227 981
805 913
326 1117
226 764
551 827
619 938
25 1330
927 1064
570 1004
544 894
647 1019
612 616
820 975
835 874
152 916
346 746
459 1258
143 790
244 803
948 1280
193 666
955 1368
902 1192
711 801
679 1252
468 617
518 892
188 987
265 842
472 1338
23 650
686 915
460 893
261 965
478 1043
21 1097
665 875
144 1197
602 832
443 1214
870 1040
952 1043
768 788
9 1065
826 958
736 924
528 887
94 1203
421 1250
467 882
279 679
448 714
60 929
820 987
537 954
776 943
594 789
241 710
387 953
267 712
622 811
138 920
706 750
681 1190
661 1056
411 1378
882 999
491 1323
488 1108
65 1106
91 1400
581 1084
664 1091
790 891
552 1288
125 674
842 921
424 1092
361 1169
774 1338
660 1271
839 907
343 626
637 730
219 992
728 1325
415 869
601 603
146 1098
217 671
812 1163
961 1257
730 959
530 1379
550 974
455 913
642 766
322 1043
235 1303
289 1346
714 912
206 1216
255 895
614 1220
770 1162
284 1167
553 944
846 897
434 1278
417 973
426 680
192 831
363 1145
610 1209
446 1301
573 740
572 1271
414 1209
84 1311
785 1195
837 1190
976 1375
466 770
86 687
884 912
324 1310
795 1083
600 843
282 990
675 714
539 1335
981 1144
59 741
962 987
671 973
151 1210
911 981
248 935
295 1151
497 1058
972 1212
334 956
779 895
419 865
672 1072
705 960
639 742
260 1297
536 1141
167 781
203 770
705 1106
593 1084
792 885
735 1023
526 778
319 1355
240 615
854 880
107 1140
376 1007
710 963
767 1100
632 749
749 858
141 1346
751 884
13 1053
548 757
454 600
487 616
154 622
489 679
693 862
437 1296
274 978
409 832
606 1186
680 1365
435 1254
906 1013
627 935
49 754
464 1295
591 1083
577 985
273 1299
618 715
70 1264
971 1072
643 666
835 929
315 984
224 774
317 865
729 757
388 913
760 1389
271 1334
836 1341
689 850
353 872
925 1387
615 791
523 747
520 1135
657 957
950 1299
845 975
218 1121
339 974
711 1372
968 1127
608 880
579 1182
522 923
38 998
168 733
967 1307
899 1156
371 768
666 964
364 1318
328 886
980 1118
688 744
655 797
903 1164
294 902
841 970
932 1055
656 789
123 959
498 1046
169 739
780 881
913 1055
263 783
495 695
111 662
362 1072
620 779
676 856
175 1186
912 1009
425 851
430 1104
486 1193
737 756
276 1017
986 1052
272 646
588 1193
66 1127
308 1307
5 938
373 728
117 1175
285 620
11 1004
147 674
794 1219
187 1138
501 601
231 716
558 1001
504 1017
64 1222
649 962
237 1066
602 725
879 1127
157 784
337 1251
126 916
721 1208
463 650
42 1019
619 1169
470 1256
741 1243
112 979
923 1243
431 1162
827 857
439 1165
863 1131
645 1224
959 1090
824 1030
650 998
394 951
757 1076
571 845
366 1068
103 699
225 1231
325 1181
155 648
603 852
110 1220
185 1143
76 1307
709 1030
633 896
62 1386
383 860
355 906
391 1332
726 1000
682 1115
503 1213
444 1209
668 782
658 710
28 1152
825 1360
510 600
281 1208
814 1325
723 1244
121 926
312 1326
718 860
663 1270
821 1197
375 1017
471 600
88 756
613 1073
856 890
170 1049
947 1150
22 1326
748 1075
341 1287
113 1372
818 1150
946 1175
116 602
54 1047
879 896
843 1072
262 1263
534 1092
562 1080
829 1283
719 1346
569 775
623 1119
429 939
433 1354
330 944
311 893
985 994
297 711
90 984
496 974
420 749
109 942
615 893
740 1390
140 1329
886 1254
930 967
46 703
372 1258
477 780
130 620
739 830
765 859
92 1311
564 605
512 1158
204 892
40 1271
634 822
920 1262
345 1356
453 1302
395 965
674 773
788 1310
292 856
27 1260
494 960
258 1210
607 1092
642 1322
532 797
650 924
643 929
380 687
891 1163
428 1340
101 653
702 1367
838 1127
190 926
893 1357
667 911
813 949
610 772
475 661
180 1373
525 1357
692 909
186 1356
79 957
303 1389
71 732
966 1196
81 630
954 1092
766 942
392 822
771 949
842 958
382 1295
135 1254
769 823
447 1054
406 1039
350 1359
561 979
859 955
519 778
511 1230
251 1075
427 916
223 1113
165 956
689 760
250 893
208 841
82 1246
759 836
354 889
34 893
697 710
875 953
585 644
53 837
61 1054
595 1195
616 1360
252 810
377 1278
583 930
524 638
335 805
77 944
29 1107
758 1189
630 1000
559 1285
841 1142
780 1130
668 1326
898 1269
810 1013
648 978
513 1314
37 679
673 809
856 910
17 1257
399 925
412 1182
671 1075
153 1393
239 1003
722 900
531 819
657 665
802 915
990 1291
210 1368
500 993
139 610
535 665
592 892
755 939
988 1295
83 1019
176 616
72 925
36 698
621 1195
860 885
148 680
777 1000
993 1025
8 860
892 1347
685 1023
554 1268
370 691
134 1360
732 944
41 984
991 1054
351 1250
808 988
479 603
855 942
747 925
733 977
872 908
713 747
410 812
293 938
803 1043
97 828
359 824
416 860
807 810
160 775
978 1181
238 878
12 1330
568 1226
750 866
228 642
926 1119
662 960
515 1210
545 784
246 1075
214 997
174 711
811 1386
922 925
670 811
542 1152
100 680
629 652
422 1344
945 1187
173 973
819 891
404 742
18 711
44 1000
458 1002
909 936
763 978
378 1268
304 1141
457 1032
309 1025
360 778
195 1382
694 807
114 907
438 732
249 1228
432 775
357 998
482 1106
605 1031
876 1082
158 713
789 1201
964 977
490 1016
329 850
119 1379
450 938
575 974
96 758
403 1001
386 997
85 1260
669 851
840 1346
505 932
762 788
716 904
885 1247
286 1217
856 1084
396 1370
707 892
270 628
804 894
150 1307
567 617
907 1063
349 651
644 775
397 744
449 1346
105 1226
823 1358
937 1130
878 1063
287 649
625 981
674 1085
599 652
831 965
198 1139
895 1339
543 1108
586 1100
440 1290
323 942
26 1206
649 849
894 1243
200 1073
280 1310
851 1208
321 757
129 610
757 809
557 1047
831 1150
213 671
635 896
778 816
407 676
221 877
136 1065
797 1062
646 704
699 1255
683 1147
145 663
436 1372
257 718
87 975
384 1061
306 1259
506 1139
844 973
508 1346
492 1346
598 1208
605 919
161 778
533 685
57 816
696 1070
834 1264
389 958
640 1225
336 1192
822 1242
484 1117
264 949
698 1119
485 695
469 1127
565 785
985 1099
914 1310
806 1308
288 1356
39 966
796 918
290 1090
873 1057
887 900
715 892
502 1068
78 943
298 1201
624 1008
560 1257
212 1268
220 1224
678 691
765 995
745 1264
172 605
798 975
674 756
127 1280
74 805
678 980
901 1120
516 690
48 622
778 1375
45 765
720 822
765 935
761 1227
865 924
108 975
521 1253
266 1326
555 859
104 880
795 832
871 1170
178 662
222 971
609 1107
556 711
201 630
405 1208
52 1178
499 1127
549 916
796 983
242 1024
277 1358
338 908
197 1056
302 1361
230 683
73 951
191 892
877 925
787 1192
137 1309
589 1285
245 1360
268 1231
936 1187
118 1334
7 774
901 984
638 805
793 1326
418 1271
166 696
442 735
305 1360
845 1276
996 1318
666 877
710 995
452 730
848 898
131 1196
904 1334
142 805
603 886
408 1238
182 1056
527 1213
331 1166
933 1075
784 864
299 1375
578 1346
369 1130
596 857
441 696
833 1019
381 935
445 1124
451 912
866 979
365 1127
278 781
75 1243
817 1209
291 1214
162 790
576 1117
600 951
638 815
736 1368
641 1089
869 1346
233 642
254 908
283 1292
259 675
275 1036
253 985
327 938
301 821
493 1279
806 940
783 790
701 981
712 842
465 1386
687 700
32 1277
310 691
316 616
905 1331
746 1397
880 1106
347 821
159 1039
211 756
644 974
348 1334
196 1260
529 1231
207 1327
687 1092
653 690
640 908
754 1210
934 1061
15 831
617 1346
20 1219
695 936
401 789
610 626
99 1196
828 1372
698 847
853 1195
974 1339
628 996
611 886
604 1254
781 1060
915 989
124 662
717 909
654 1019
413 1214
269 1314
888 1271
764 1152
566 1139
352 1105
631 1196
645 931
729 999
313 953
163 826
584 1313
862 1135
229 1397
133 997
344 1141
883 1258
243 703
209 642
358 1262
708 979
480 1187
98 756
957 1310
30 1164
925 982
51 1192
917 1286
867 975
538 950
50 1054
189 1295
122 711
734 1269
786 1107
636 1232
742 1291
600 800
385 613
726 743
47 1232
540 686
10 1004
752 971
234 1109
132 1230
