1234 987 3333
808 1007
864 964
849 855
565 779
692 773
461 1185
53 724
282 736
1147 1219
1098 1212
986 1105
125 253
115 178
55 1076
29 346
356 940
1115 1146
424 903
457 534
1123 1127
1123 1232
302 1160
196 1223
8 326
224 544
878 1151
1050 1203
102 750
986 1212
32 1091
793 1001
939 1019
128 862
1070 1219
532 1049
821 897
885 1122
898 1132
849 981
351 800
792 1224
1168 1221
974 1028
376 945
384 1220
796 994
1024 1222
429 885
963 1093
1082 1161
1208 1225
1105 1228
1059 1206
637 893
701 785
1150 1162
1071 1212
326 355
857 1064
442 935
838 1097
718 921
155 709
345 379
777 945
73 846
471 983
574 707
496 1231
235 989
325 1006
46 594
800 1226
648 738
16 1171
271 473
1018 1126
253 1230
536 606
2 237
341 789
163 764
143 765
1168 1173
678 739
504 1159
690 828
833 925
251 296
500 1110
738 1155
974 1217
18 406
1075 1100
1209 1212
1158 1179
571 731
407 506
201 360
647 1107
697 1199
758 1163
459 1087
807 1032
747 1185
1062 1186
1071 1173
94 1189
748 874
589 627
1205 1224
810 953
63 317
831 1221
1027 1112
377 759
978 1059
929 1059
809 1161
169 1081
504 515
774 1189
764 1101
1091 1113
677 923
744 1194
96 401
286 292
933 990
143 233
327 666
1128 1195
438 526
1216 1222
869 927
852 874
1168 1217
203 976
962 1196
830 1198
777 1018
455 1035
1005 1205
668 1112
441 498
636 1217
1069 1106
932 1077
1072 1101
908 1128
63 145
785 1196
21 738
437 482
432 1198
269 806
394 533
1066 1092
829 1122
406 417
494 685
741 835
454 783
755 1071
975 1130
706 992
922 1018
550 757
752 1226
97 447
880 1170
882 939
1196 1232
20 881
622 943
200 255
384 528
1179 1226
877 912
379 521
793 1198
41 250
663 1220
181 825
421 642
505 804
571 877
148 562
865 1208
346 961
966 1131
401 1002
1154 1191
374 866
1184 1231
402 565
312 715
1007 1147
857 924
436 682
853 923
617 992
954 1043
997 1083
797 883
347 498
381 1160
13 822
268 1008
1053 1216
319 543
327 1150
191 270
106 413
218 1044
255 1070
942 1149
40 736
991 1151
611 752
840 1062
216 683
430 1207
158 1034
855 1201
1093 1096
295 1172
586 708
1148 1154
1155 1230
44 202
461 913
949 1218
191 811
28 184
796 1171
63 790
1155 1183
197 1074
700 864
730 910
695 966
8 1032
424 886
460 683
743 981
847 1181
65 663
1115 1134
322 618
241 397
288 305
203 453
563 1151
99 157
1112 1228
93 715
1061 1064
83 110
532 1149
743 963
285 646
274 671
977 1040
119 915
480 685
798 982
134 873
1100 1112
844 1171
451 818
55 170
716 1154
392 916
81 521
933 1231
663 917
374 708
1051 1065
14 29
228 743
538 881
726 976
760 1102
1180 1203
576 767
658 930
142 1035
286 843
916 1133
967 1126
1201 1203
209 1034
275 964
488 571
241 738
217 1058
761 905
709 1168
410 1030
866 1167
584 1013
876 969
419 1094
368 1222
666 938
782 1052
715 1185
22 1004
812 1025
756 1061
553 937
329 886
226 255
1218 1221
846 1167
653 1196
1141 1145
522 816
300 633
579 1143
46 1156
202 1126
924 948
783 1137
526 783
137 1057
5 628
1149 1208
593 886
1073 1167
852 1104
546 740
601 888
1096 1117
635 847
636 736
553 1082
232 1000
904 1103
282 742
420 839
336 573
566 1223
400 629
1154 1227
1030 1047
1188 1228
406 951
886 1134
455 829
636 1155
557 657
253 884
764 1166
1046 1129
148 470
824 1021
763 1082
359 1130
157 973
813 1103
598 689
1029 1036
523 1175
146 842
807 849
336 621
557 949
171 334
932 947
179 652
1126 1146
101 512
678 1166
103 721
1062 1171
54 430
491 812
680 773
577 648
38 305
113 677
847 968
1184 1217
690 805
902 994
153 1177
1102 1146
365 1220
673 1200
940 1134
1200 1222
398 1103
1110 1175
860 868
116 864
964 1044
825 999
702 774
764 1013
297 1120
121 736
723 825
402 677
320 492
111 849
603 746
432 662
116 311
17 1228
1094 1213
899 1126
545 968
909 1017
1047 1073
132 340
16 229
8 1025
948 1210
1194 1204
142 175
897 946
5 190
801 1187
448 1155
481 790
380 574
34 436
765 993
1159 1187
386 828
506 1128
985 1053
722 954
1015 1049
19 183
1021 1058
873 927
219 450
543 627
310 1141
1156 1183
1024 1176
259 964
475 1206
431 1148
1216 1228
783 945
607 921
605 808
790 1144
893 1098
508 764
312 1013
81 718
886 959
883 1002
387 399
479 1084
470 1230
746 957
832 886
982 1176
876 1100
516 1210
663 799
516 784
18 722
353 580
806 920
835 1090
702 853
213 572
937 949
865 1154
596 728
805 1066
381 965
366 1037
291 886
706 1156
503 849
790 901
40 88
1015 1071
174 283
29 224
1080 1118
307 625
77 462
415 1110
389 421
396 1048
824 1229
719 1178
1161 1226
261 958
869 991
514 553
1160 1180
352 916
244 381
76 1219
328 588
1084 1097
689 921
967 1057
327 397
832 916
279 732
291 668
1100 1143
117 598
553 1136
484 631
1072 1100
1109 1139
690 1077
840 938
132 769
982 1118
3 53
585 956
689 1112
364 715
27 620
712 1008
291 423
1117 1209
440 853
132 960
696 850
61 1023
1068 1232
22 445
965 1114
332 917
1188 1217
28 626
843 973
265 1049
237 995
1194 1208
1190 1212
841 1226
1166 1210
284 529
616 992
840 928
102 1067
16 180
602 650
42 533
308 824
1204 1212
269 344
157 1123
349 467
915 944
1069 1119
367 1120
636 987
649 950
826 1015
126 1179
886 1153
1116 1189
487 1203
287 934
332 690
759 896
954 1227
700 983
226 755
1006 1055
588 828
19 947
868 1166
977 1179
521 1129
753 811
1008 1013
410 687
1087 1224
403 785
218 656
296 921
24 229
623 1101
1187 1230
816 867
420 621
735 824
175 624
15 768
1139 1141
903 925
122 1155
332 902
433 863
692 1116
589 729
1183 1221
989 1140
195 232
1151 1167
471 543
476 491
549 600
1222 1226
421 1036
1081 1127
518 542
200 816
450 708
161 1038
561 1222
554 1044
253 563
219 484
150 1115
1033 1087
83 1195
698 714
624 703
284 967
876 1188
817 1097
396 951
530 652
1201 1219
1127 1199
1104 1108
274 922
169 800
991 1054
512 823
1097 1160
777 947
545 777
1056 1109
674 732
850 1122
973 1175
53 1060
731 893
426 647
946 1056
1217 1222
218 1217
315 1073
1096 1098
954 1027
99 811
1035 1132
536 717
390 1155
277 829
1194 1225
1114 1219
1016 1111
806 1024
553 1116
231 1033
441 844
392 1136
520 750
850 981
769 1156
122 459
258 912
464 494
750 939
628 705
25 1146
184 766
304 1163
1061 1116
548 1140
532 981
674 1165
963 1017
982 1151
889 1184
573 581
69 71
42 775
929 1195
1003 1103
1022 1220
610 1044
1206 1210
860 1178
1129 1166
57 1032
710 1021
382 756
826 896
915 1178
860 1114
574 945
236 292
458 1033
570 700
873 947
1005 1176
75 1122
299 957
531 807
569 835
633 1059
6 164
785 1213
1002 1006
49 838
22 147
676 1154
116 1110
649 717
778 1164
610 731
779 865
141 214
117 475
837 875
599 991
937 965
890 944
304 1186
1110 1162
1032 1220
347 1218
100 780
727 835
773 1096
573 1195
21 602
512 587
96 396
655 962
1107 1114
1141 1154
945 1119
1143 1204
336 1026
967 1034
523 724
447 1161
465 1180
503 606
340 1039
381 696
455 528
519 979
116 468
1174 1216
754 995
1023 1220
541 627
57 241
945 1129
855 883
830 970
346 642
241 298
1150 1179
925 1029
1177 1233
653 957
218 1029
1122 1218
320 991
730 906
1215 1229
422 918
449 1210
243 245
151 714
205 816
1085 1089
1067 1187
242 903
369 552
1087 1216
960 1230
984 1017
685 708
1216 1233
395 529
72 761
515 695
451 851
843 1094
371 679
798 975
333 947
759 766
358 799
622 641
1058 1073
581 1062
72 615
1016 1039
1027 1090
890 1189
283 554
1098 1232
149 625
136 1227
279 912
493 932
1015 1018
487 622
252 581
431 1218
1103 1155
968 1214
820 1146
840 984
905 1155
250 995
831 1125
1041 1175
959 1187
822 844
241 1176
1031 1115
600 991
1203 1226
266 599
633 661
13 686
1196 1205
220 768
551 999
597 844
1211 1226
1076 1147
968 1019
1047 1070
1095 1154
995 1202
713 885
284 935
52 689
258 905
415 436
612 1106
594 985
927 1117
511 1135
873 995
27 1223
6 41
415 662
783 1119
651 1115
850 973
108 116
277 1202
563 1004
93 450
850 1093
424 1176
1036 1216
552 1228
296 505
920 1158
372 1005
1124 1153
411 776
820 1201
1099 1110
90 797
328 674
1059 1093
619 639
516 1029
968 1068
1062 1121
997 1018
874 1012
1219 1223
804 1027
508 918
323 1171
46 1208
499 1077
282 648
399 694
558 614
1183 1187
797 1231
133 445
892 1137
1162 1194
1131 1152
760 1077
691 953
39 1227
95 1076
672 978
178 450
1010 1043
469 737
287 429
287 509
84 488
795 863
895 1189
226 344
698 787
1131 1222
572 988
161 1066
70 582
704 943
1139 1233
519 664
414 675
997 1104
705 1069
100 1170
854 1070
917 927
357 805
468 911
694 789
818 1037
689 774
916 1172
650 937
711 803
839 1100
9 613
1198 1228
733 1230
866 1100
131 863
560 1076
654 1040
1005 1017
447 711
968 1214
308 513
995 1144
260 740
561 626
43 235
765 976
873 1109
1212 1230
1034 1109
362 773
61 886
881 926
898 1000
121 931
1176 1189
361 954
434 1016
700 1195
1055 1149
144 1127
94 1070
771 844
274 328
948 972
278 884
271 1199
73 102
1 781
152 749
837 874
1181 1211
181 780
598 622
173 782
650 1045
379 759
1125 1158
405 831
968 993
19 1014
538 728
1113 1176
1195 1225
3 443
140 829
1060 1212
324 1153
918 1169
1152 1162
393 863
309 391
898 1228
1139 1148
818 1188
755 1138
746 992
876 1164
898 1117
1000 1224
447 947
713 773
991 1171
746 1010
436 904
633 814
249 675
315 1224
576 1220
413 681
219 1009
430 699
146 148
44 923
577 1149
77 149
467 1016
57 429
25 624
642 748
256 1151
19 691
580 633
315 404
1155 1216
182 488
154 1001
1135 1152
1152 1201
687 1192
263 472
258 894
335 373
837 1230
723 978
364 471
167 745
500 661
180 325
556 840
52 719
256 902
945 1168
667 842
1082 1196
152 456
260 354
1037 1197
888 1018
722 1023
822 1176
470 1087
394 1049
876 1079
487 941
882 920
27 273
1114 1120
44 153
487 858
958 1185
121 476
499 1141
10 111
264 307
650 1084
447 899
784 1004
178 383
903 1131
1117 1157
145 423
1207 1230
1003 1070
730 1146
625 653
1170 1207
135 475
592 1046
978 1088
89 776
176 805
171 238
794 1189
848 1084
939 1187
616 1108
612 1138
947 1018
1199 1218
441 525
116 684
557 594
607 1137
869 1048
131 851
372 877
407 978
594 768
500 824
63 873
408 799
421 968
692 1211
1021 1076
521 1027
1222 1228
995 1107
844 1069
1057 1126
787 1060
529 912
1062 1158
707 968
95 632
664 692
346 1190
1110 1205
394 515
109 1102
1133 1211
920 1057
89 178
629 671
981 1206
267 764
1222 1225
767 792
635 785
844 1142
431 751
940 985
157 351
1159 1213
256 1059
1186 1216
701 753
835 979
300 515
842 900
913 1220
603 1210
325 1012
35 345
781 1192
941 1135
1044 1194
1035 1212
1187 1214
1100 1128
821 1154
316 1134
85 1081
509 518
636 974
1196 1204
1140 1155
32 472
698 1054
32 794
339 400
1111 1201
254 703
239 1178
892 1117
542 608
276 277
330 435
578 1168
943 1014
9 1114
1003 1108
627 1233
774 862
472 1143
448 478
418 997
581 616
540 1208
988 1211
1028 1215
553 713
394 459
371 938
1117 1122
27 558
1046 1155
294 706
1016 1160
600 1183
1188 1232
794 951
391 565
176 585
1068 1097
923 1105
806 933
546 901
424 431
689 1029
377 882
526 957
269 598
681 946
864 1205
765 1083
573 931
1047 1166
942 1167
887 1137
968 1129
1068 1130
837 1201
995 997
1124 1126
171 648
340 635
439 490
379 653
734 759
151 1079
498 649
794 1167
258 283
1139 1142
7 461
687 1007
339 943
1212 1220
854 946
1027 1036
328 735
512 1106
1022 1152
261 496
650 796
195 255
188 741
145 1119
714 773
30 875
1019 1154
356 940
335 1216
306 501
638 716
1099 1230
257 390
1131 1142
976 1178
962 988
854 1025
199 1034
889 952
819 896
18 74
974 1119
920 941
57 546
347 989
736 1130
296 368
492 895
633 778
812 936
436 711
269 673
708 852
692 1019
490 694
329 1220
969 1029
17 309
1038 1117
1042 1208
1099 1117
607 859
559 630
246 464
443 685
567 591
851 1219
472 945
772 888
894 999
282 872
14 30
674 743
111 157
1074 1077
1146 1177
672 1143
1065 1216
165 594
136 395
263 1099
84 1153
875 1174
63 267
215 958
650 1022
603 727
950 1068
713 1100
758 965
451 764
631 676
726 761
1020 1217
202 629
333 374
974 1047
1222 1230
729 1014
732 1067
267 680
280 465
724 1118
286 796
1028 1139
260 405
1185 1226
596 693
980 1219
943 967
239 344
1025 1216
33 288
731 832
277 783
55 474
640 1228
992 1028
1220 1223
666 839
1095 1153
16 565
418 706
769 1052
985 1175
674 1091
508 922
828 1127
1189 1214
104 799
502 1047
618 1147
179 560
812 1127
895 936
874 1195
1199 1218
81 1134
1209 1230
244 755
463 756
187 395
1181 1205
475 895
1039 1134
205 334
1061 1081
447 1205
971 1020
91 551
1032 1080
1181 1205
995 1222
964 1026
356 1112
528 1071
1113 1148
749 889
1209 1223
802 959
1180 1227
1112 1231
587 1091
30 577
897 902
257 626
882 1002
94 632
352 376
579 1179
1102 1176
401 765
1095 1139
93 689
966 1146
1058 1150
136 1090
455 880
630 762
500 974
905 1127
1 895
441 555
669 1233
997 1102
858 1188
317 738
759 895
41 859
184 881
237 939
1122 1124
110 678
945 983
1041 1164
258 850
428 1039
1019 1219
210 1074
212 1102
514 1124
739 1152
232 624
756 928
308 1205
268 620
203 295
1156 1202
816 845
1185 1196
1119 1138
241 1084
655 961
927 1139
1097 1184
264 703
252 996
25 1185
378 869
251 364
655 865
341 459
123 1191
52 1011
647 969
390 582
897 1068
788 840
1093 1185
193 607
218 612
229 755
1017 1192
83 814
756 823
1173 1190
1171 1201
633 753
740 748
331 762
759 984
678 884
304 623
320 738
933 1145
784 853
451 1034
1091 1123
964 1198
388 692
1148 1208
972 1091
1031 1175
1181 1211
665 1166
14 83
689 1223
463 847
412 1168
442 1213
303 538
1103 1226
211 768
171 604
233 300
296 372
82 1156
858 1019
676 1215
1191 1195
684 1029
4 731
742 1048
800 866
634 640
569 586
543 999
1120 1204
105 250
791 1108
456 469
328 451
19 1200
538 568
208 649
906 1213
345 593
791 953
252 896
595 626
1223 1227
285 766
1103 1217
786 833
128 417
111 1004
1023 1180
422 1032
1221 1223
391 1146
948 1170
185 394
529 1166
440 955
729 1163
1094 1232
138 368
590 705
831 1197
357 1232
258 724
83 1154
290 1086
703 918
1155 1228
216 1172
725 966
1146 1214
744 858
1097 1181
1046 1181
883 971
880 1174
251 869
544 1016
1045 1098
555 1004
979 1050
728 731
473 1219
179 755
285 431
1126 1157
1007 1052
154 929
1208 1217
400 461
509 691
315 328
1043 1101
1209 1223
51 887
305 681
1195 1215
712 911
206 605
204 570
697 813
942 1111
689 1095
431 825
815 857
563 923
292 437
248 372
39 777
948 1007
137 727
790 994
1029 1189
1067 1214
996 1127
1051 1165
814 997
147 1164
255 963
636 719
93 398
367 1110
171 198
448 1081
744 1010
671 1050
370 1117
957 1147
652 669
945 1072
1026 1206
433 593
763 973
45 527
1010 1170
863 1132
59 423
704 934
813 1183
749 934
930 996
317 1170
756 997
989 1037
666 1065
834 1134
485 738
693 1188
464 1125
922 934
713 1134
191 648
487 1222
5 268
1128 1224
724 983
1169 1202
600 867
253 997
1090 1214
714 1022
304 879
1174 1232
542 767
1184 1196
560 627
147 859
475 713
194 1164
196 917
2 648
961 962
1092 1219
764 870
314 800
21 486
62 72
920 988
604 1040
819 1007
1123 1182
407 456
215 512
1071 1168
554 805
908 983
1056 1132
235 1143
455 1078
749 1205
340 365
747 876
777 1219
992 1028
218 641
911 960
279 810
1141 1155
1002 1021
585 1230
959 1064
666 714
392 935
852 1067
24 1003
739 812
693 1066
850 1206
195 534
552 1205
444 858
1003 1089
764 1062
245 1093
135 597
137 868
482 532
250 798
378 619
1137 1183
871 1185
97 617
554 673
86 548
360 916
826 1095
1046 1090
84 933
33 408
1202 1216
620 732
488 662
1103 1191
1215 1231
724 1176
715 759
636 780
464 1218
746 1154
744 1119
648 696
892 975
966 1192
767 934
111 181
928 995
952 1121
592 1179
874 995
500 1159
11 731
932 1087
1131 1155
912 985
672 1005
483 742
730 753
639 721
951 1027
973 1227
88 318
860 1046
923 1177
178 752
837 1075
428 973
620 825
710 895
886 903
595 1204
903 1111
386 406
270 960
806 1125
762 1212
416 982
1197 1211
491 1003
229 1190
850 994
1093 1122
1100 1217
719 1136
658 874
1002 1068
479 1134
763 1041
1155 1221
634 914
590 924
706 758
1057 1078
12 438
628 1107
1205 1206
493 1157
1065 1211
430 499
1054 1209
738 1101
97 875
104 706
43 1210
1002 1097
516 751
373 841
824 928
182 346
204 615
400 1010
310 668
858 957
621 1137
1000 1193
300 1170
1064 1078
1188 1227
536 1080
128 518
830 957
144 340
582 586
780 990
1106 1169
768 972
644 869
439 1223
772 916
736 941
700 928
313 1079
720 758
862 912
703 711
319 775
851 1171
687 1151
465 881
942 999
43 341
152 510
1012 1114
998 1124
962 980
980 1176
550 918
230 1073
229 832
896 1228
734 1149
215 1093
1209 1214
167 454
1114 1176
1067 1221
177 492
272 1108
118 739
289 315
560 955
206 990
1049 1124
425 950
275 535
913 1022
780 861
8 137
503 734
870 1037
478 1002
80 1190
609 713
467 687
62 505
777 862
143 1028
1216 1232
1191 1195
209 915
1223 1233
55 659
324 783
444 850
1151 1209
273 1226
559 754
985 1108
872 1119
311 643
941 1139
1061 1107
429 872
687 768
325 1118
498 1009
587 717
845 969
65 583
242 1217
267 1037
378 548
372 696
863 1179
818 1206
1079 1212
275 326
258 1211
741 823
555 936
632 758
890 1075
1138 1146
789 911
1052 1184
452 864
197 459
413 664
472 990
769 838
710 947
1173 1184
7 817
666 966
245 254
805 1003
330 407
1041 1185
1018 1044
605 1143
304 1096
91 502
189 672
34 328
971 1113
673 1185
354 904
754 1153
740 833
899 1017
726 801
203 850
687 1186
744 794
711 959
322 1097
986 1202
15 75
398 597
683 894
547 962
320 840
889 1026
905 1137
773 817
293 609
1169 1177
679 1164
623 1231
535 584
52 610
991 1178
98 485
830 1089
1046 1098
320 490
899 915
502 1199
182 1089
67 1074
404 537
259 903
450 729
899 1061
360 1106
1063 1128
838 851
297 460
825 1017
868 1091
667 804
1140 1233
1163 1186
1127 1215
760 1228
458 1067
979 1186
890 919
166 786
675 1101
1126 1131
218 1011
348 428
303 972
1152 1180
1091 1160
417 955
804 924
41 790
179 1221
877 950
737 1227
850 921
1174 1218
964 1009
581 774
590 944
866 1225
758 939
115 221
888 1063
899 1154
1180 1181
60 99
1053 1230
1071 1193
92 739
209 1206
1104 1120
456 545
34 538
70 499
3 806
1204 1231
562 676
1114 1215
142 990
1164 1233
1162 1170
62 427
278 564
787 1002
818 1154
636 913
106 786
1199 1200
829 880
471 1126
584 680
765 989
272 680
605 637
508 906
837 1085
889 924
1011 1064
794 1129
141 1164
321 462
791 1012
132 684
574 1160
26 1034
272 1173
61 573
226 1182
109 1012
940 1151
684 1213
323 458
172 382
323 1140
1206 1218
967 1056
214 1014
254 497
383 1130
1120 1171
1127 1224
1077 1165
1148 1198
126 885
928 1207
543 1194
1066 1116
1177 1227
751 932
379 1042
700 1178
334 790
813 1012
389 698
1132 1199
1175 1211
1047 1229
476 543
266 913
519 753
500 564
938 1216
541 1181
548 914
758 1098
1123 1176
483 957
420 1056
133 436
776 954
1153 1197
1035 1124
137 152
568 1216
1117 1141
1067 1131
854 1220
862 1076
163 765
60 258
506 1204
1171 1184
346 889
535 627
640 1141
1002 1151
133 1191
704 816
429 1230
148 1131
279 506
920 1166
781 953
302 383
489 1218
1124 1226
454 555
694 765
564 660
437 805
849 1194
1077 1153
143 629
67 310
902 1133
1099 1204
395 1226
883 1214
942 1214
6 1015
393 425
261 895
727 1227
445 574
630 1062
386 1155
654 751
966 1208
305 1075
514 1070
740 1191
1101 1123
572 697
247 440
69 637
161 1165
1098 1222
400 749
224 468
24 733
998 1192
1136 1223
348 623
76 182
21 175
183 214
1206 1224
70 435
23 475
955 973
531 1049
263 488
978 1086
312 1175
591 1142
11 924
476 1010
1123 1207
549 626
887 1024
316 397
378 570
964 1115
349 1009
257 531
921 1127
471 957
211 627
48 761
681 1047
207 1034
931 1043
1042 1160
176 497
1011 1080
674 1058
1074 1157
757 907
982 1089
572 810
861 1114
183 1127
159 786
423 1012
378 406
1031 1148
473 1204
503 599
343 773
108 298
660 923
628 911
434 1208
122 149
750 916
511 594
1031 1060
694 776
137 805
183 1049
181 974
98 1013
732 798
4 691
260 710
591 725
1001 1066
89 96
993 1039
872 1151
138 692
240 569
1132 1173
955 1160
537 1044
975 1199
353 984
312 357
453 688
631 806
384 1220
277 1027
550 908
946 1119
304 736
301 560
523 644
315 1016
768 795
753 1076
1188 1218
396 1111
655 1217
880 1097
386 870
991 1182
312 656
362 629
323 418
1080 1225
244 472
290 740
159 206
664 857
1179 1193
702 804
270 364
195 900
738 749
256 455
643 901
471 1168
503 556
491 857
1043 1190
875 1186
565 593
937 1124
22 1017
324 470
1010 1069
398 704
235 683
858 1178
459 701
390 908
316 1032
1023 1157
380 809
1096 1233
938 1031
733 1025
765 800
413 950
985 1050
1034 1051
408 678
87 459
684 778
110 567
1180 1233
704 790
1100 1134
282 789
38 96
1051 1137
236 1054
758 1115
1073 1228
920 974
550 1035
269 327
249 838
79 838
797 1049
451 502
723 1199
475 594
411 1070
695 1135
972 997
290 833
740 823
636 1177
783 1047
1209 1219
38 391
374 652
390 817
919 1075
74 221
572 636
1142 1183
814 1009
124 945
324 1119
859 1094
1197 1214
932 974
1091 1216
780 1101
535 888
549 1115
270 895
8 255
623 1071
310 1160
700 875
921 1087
758 1135
777 1125
548 840
1098 1162
377 1100
1099 1187
256 1191
735 1078
636 835
1210 1221
852 1060
321 412
122 128
536 851
1093 1189
761 1128
511 1062
186 876
1139 1150
612 1012
634 1223
757 979
147 151
1079 1121
1177 1184
219 1197
397 484
913 1060
604 887
146 865
422 838
284 312
1135 1163
93 687
978 1035
391 1151
184 1082
764 844
338 794
202 991
1045 1181
831 929
633 671
372 1103
317 337
703 763
569 726
931 938
892 1156
647 967
195 435
396 751
1048 1081
410 575
983 1181
835 1116
924 1056
1125 1141
987 1027
1138 1180
99 432
703 774
23 589
583 1214
751 1016
275 1119
693 852
824 1160
431 1158
404 448
326 795
810 911
93 285
966 1195
983 1006
527 529
841 974
1006 1133
185 724
879 1031
183 645
22 514
109 922
435 560
657 1231
666 723
763 1075
815 1157
512 855
1024 1109
590 1127
404 411
351 1058
380 466
384 864
611 1006
1189 1203
143 1190
772 802
344 668
114 396
838 993
396 760
418 851
796 869
619 1165
512 1192
1215 1228
522 859
1192 1230
954 969
1094 1230
871 1179
1114 1127
1136 1146
654 1105
935 1034
53 122
745 880
405 1197
857 1130
169 1085
1067 1180
9 55
948 1148
954 1200
251 884
1077 1174
406 944
856 1081
1121 1133
1160 1216
1149 1212
145 756
967 1057
1167 1215
205 347
301 459
918 1071
416 1032
855 1068
18 269
104 902
189 964
1169 1231
768 1199
920 932
16 224
897 1132
670 1091
415 854
296 344
856 906
627 682
208 963
1025 1125
771 1201
235 1007
334 997
808 983
394 483
420 873
893 913
586 955
703 1091
824 1113
611 1192
1171 1226
812 1097
360 579
217 1069
417 759
120 1010
197 972
425 563
719 1133
1075 1220
813 861
404 544
284 996
1012 1116
904 1199
886 1126
167 744
70 276
836 1027
287 375
803 954
684 756
176 1206
597 1182
441 688
1068 1228
994 1228
263 755
911 1153
192 1186
376 926
638 651
673 1100
814 1130
906 1143
927 1143
198 739
410 618
578 951
898 1090
411 1145
712 856
408 463
398 849
727 1146
46 332
436 763
583 754
782 816
589 1143
596 892
665 695
782 964
551 995
858 1021
1192 1233
1012 1076
557 887
608 983
213 1022
155 1031
1025 1229
532 1080
1148 1229
196 1233
875 1007
948 955
224 662
794 880
437 1106
83 284
439 711
20 134
821 923
780 836
432 850
607 826
1154 1231
1088 1099
915 1172
633 996
181 560
213 1165
730 981
507 637
688 864
226 323
1154 1163
1122 1153
537 1199
113 212
79 609
73 143
273 960
428 802
486 983
802 1122
206 512
357 637
557 1024
1201 1230
1015 1061
584 1077
594 920
758 1108
111 195
972 973
888 1058
522 1190
1107 1143
895 1023
820 1150
114 483
656 844
518 669
1167 1173
131 830
856 1112
761 951
592 846
1090 1136
653 1019
247 470
947 1136
841 904
1044 1223
325 652
7 951
7 841
1086 1202
996 1204
1144 1207
789 809
248 998
68 377
101 110
599 823
531 989
541 841
210 1137
772 869
446 1084
992 1085
370 809
1136 1224
873 1121
347 560
671 1140
152 1225
1027 1154
1089 1183
680 931
1116 1190
969 1098
839 934
785 883
57 1009
1185 1208
1017 1127
581 917
81 1039
413 1031
129 1020
387 457
188 1176
456 663
43 1159
310 849
680 810
621 961
1221 1222
496 690
1060 1160
1002 1033
705 987
203 885
260 832
407 492
1125 1217
1102 1160
750 1184
508 784
841 977
127 379
1168 1181
582 719
640 1029
782 914
471 795
598 719
433 623
575 964
680 835
1185 1202
177 287
1209 1231
315 795
551 986
742 785
774 935
1040 1050
503 555
356 891
1161 1169
184 1024
1087 1207
197 607
1087 1170
582 743
1210 1217
1048 1183
827 979
277 485
921 960
839 1110
921 1137
800 965
369 482
869 988
28 829
920 967
1163 1228
332 1005
93 304
1102 1203
382 502
45 533
302 347
155 804
486 698
475 1089
1083 1133
150 774
797 1106
265 558
832 848
268 449
817 1120
183 375
982 1095
229 395
113 891
1047 1168
734 905
411 1120
687 1166
147 425
239 900
668 989
904 989
1032 1055
139 744
34 710
969 1100
1012 1212
875 894
358 1023
818 1115
428 992
820 1178
339 853
181 306
673 1034
882 1163
857 1158
62 113
567 634
992 1037
183 416
685 877
997 1072
309 999
72 556
752 1131
62 728
74 775
140 505
1176 1179
570 1178
212 303
556 1065
1073 1095
145 930
1034 1094
494 1099
1016 1204
205 920
111 1226
151 262
546 633
670 1197
521 579
500 603
364 608
479 526
722 795
588 656
365 1203
473 695
925 1178
1032 1106
862 1203
1208 1214
615 966
824 1099
34 1021
44 208
501 674
116 409
139 746
1036 1055
709 796
930 1059
964 1224
1208 1209
1104 1166
661 982
788 1092
222 648
279 1016
284 1008
1128 1208
105 1130
598 1080
320 828
845 851
485 584
343 771
1046 1089
611 614
479 767
94 1230
102 436
221 723
695 916
397 599
721 822
409 688
1128 1201
485 489
778 1076
545 918
32 48
1203 1208
424 821
538 1212
754 1024
1109 1212
342 919
194 800
1148 1226
1017 1176
1009 1043
677 803
927 935
812 1043
752 976
37 846
1062 1233
949 1029
245 355
803 1072
715 1006
713 1037
305 908
494 1146
611 859
1137 1198
664 684
1151 1171
219 416
214 1127
948 960
1190 1192
248 796
572 799
703 912
1199 1215
342 744
953 1017
957 1129
399 1133
193 287
445 872
398 1145
597 681
746 823
150 512
1213 1232
222 604
749 909
629 716
528 1015
672 1014
270 791
259 330
1056 1159
496 786
923 1110
436 1008
334 832
513 832
124 1147
294 808
287 1201
987 1045
1160 1212
827 1120
795 938
132 320
692 868
921 998
525 729
378 647
726 917
786 933
895 950
753 922
620 1003
209 801
599 951
1154 1224
343 893
983 1091
748 772
327 780
197 1167
606 726
638 931
1112 1160
463 1041
457 934
534 1171
881 1223
446 490
980 1097
1103 1192
881 1147
819 882
912 1174
500 539
1189 1191
629 651
592 593
1112 1194
737 1119
525 1188
31 185
1050 1060
699 883
193 789
588 692
378 764
935 938
820 1027
462 912
972 1203
1115 1198
183 324
924 1151
891 1019
3 255
748 1222
84 648
2 83
1022 1215
88 1183
575 754
1043 1145
264 706
120 377
896 983
1018 1140
397 1061
656 1096
980 1160
130 1134
98 954
970 975
454 606
601 779
378 1090
687 704
11 520
1016 1104
845 1207
414 659
516 708
581 1218
436 1006
538 997
624 769
244 668
1190 1216
1118 1216
913 1105
168 1166
396 483
98 204
194 592
132 1091
644 1041
890 1146
1156 1165
22 251
1044 1065
477 609
342 937
875 985
144 167
98 1053
251 402
128 755
1012 1108
433 949
1191 1196
195 983
152 284
221 364
419 693
1089 1174
687 801
324 379
25 1102
1121 1223
15 1200
803 1009
1133 1172
257 1101
52 268
20 1189
84 1227
798 1083
601 711
21 522
206 652
678 1165
1133 1190
103 967
271 494
910 1148
1047 1211
1094 1126
43 712
1126 1159
285 876
954 1016
1136 1211
887 943
877 1071
23 438
515 565
444 476
459 1026
48 175
629 935
651 952
199 500
141 487
741 999
304 1014
1083 1126
553 969
134 1078
171 345
680 737
947 987
8 60
1116 1151
346 612
74 864
1179 1190
1037 1071
1110 1149
891 921
883 915
235 1109
470 1070
295 617
12 958
836 1020
343 387
1222 1233
184 1148
480 1021
278 952
691 781
13 1217
319 410
157 989
933 1072
128 487
935 1047
254 1080
797 872
908 987
980 1076
1170 1174
769 1067
1131 1183
67 320
888 1123
335 1173
599 1060
950 1140
1123 1157
1034 1039
957 1012
1010 1118
1100 1221
703 1111
762 887
240 338
430 996
783 985
357 521
439 1066
473 536
637 911
1064 1156
204 717
635 784
46 343
1163 1197
579 1031
1049 1192
474 761
786 1207
1068 1191
56 696
786 1200
359 618
1157 1175
275 619
291 565
892 1189
788 866
516 792
902 949
634 735
666 1102
524 845
254 1109
1114 1228
621 624
1009 1198
1007 1170
615 915
500 905
407 555
361 459
853 1232
47 716
922 1183
266 1092
703 812
963 1204
845 1187
812 904
43 179
214 1029
538 809
871 1146
736 895
194 440
516 804
765 825
218 353
1186 1229
456 891
762 924
2 922
244 1076
84 199
357 1103
43 1126
655 1042
1044 1130
1077 1233
241 817
445 700
16 954
671 692
1116 1221
262 886
310 1157
87 1183
1029 1142
313 384
557 807
1142 1186
665 1023
1197 1222
377 559
914 967
870 1133
947 1229
1042 1098
1156 1176
431 520
233 315
999 1066
461 1181
514 778
605 919
994 1171
381 669
199 1144
726 764
1087 1183
757 1125
15 945
757 779
527 721
1125 1127
162 512
1100 1135
857 868
595 1175
730 1159
373 386
564 1212
546 592
1175 1178
760 816
556 1131
516 919
510 1197
565 849
632 957
272 394
1199 1226
114 509
189 976
1103 1199
686 881
711 1126
563 942
35 487
148 1150
570 1046
1093 1203
786 972
409 784
828 1025
53 491
536 832
35 930
500 1209
1209 1215
490 991
1177 1220
367 849
1113 1159
74 830
1215 1223
902 1081
232 434
71 774
1143 1205
1006 1039
1014 1175
643 749
1021 1137
827 830
57 535
348 831
452 1127
663 768
1109 1207
376 1029
265 692
353 1110
247 284
111 542
878 1198
555 801
1187 1223
832 1074
261 459
1203 1219
507 966
742 1036
1219 1229
541 1076
167 234
603 957
1020 1173
926 985
195 580
339 660
1135 1184
1135 1219
1089 1182
1223 1227
887 936
187 901
1193 1201
422 830
180 812
863 1075
485 511
170 1201
1002 1225
969 1192
890 923
1173 1198
537 639
229 997
1018 1111
1181 1228
624 1083
220 302
763 934
992 1096
341 762
181 812
943 983
357 399
574 795
876 896
162 382
585 1094
1067 1102
46 662
622 1117
561 1097
516 1046
760 834
242 253
139 354
1209 1215
742 963
1019 1051
1221 1225
1136 1200
987 1163
102 767
336 769
240 328
40 952
397 432
756 864
575 973
119 1114
133 461
58 271
1009 1025
166 1105
461 1017
875 881
81 498
351 731
1151 1192