1000 10000
140
245
309
437
148
305
467
110
331
485
176
7
490
45
279
440
479
491
199
282
336
29
179
111
499
15
383
409
278
491
94
239
220
107
377
500
121
437
441
93
181
330
474
138
133
93
180
394
335
393
81
472
463
367
137
318
170
241
196
20
349
99
364
80
395
412
486
44
348
474
19
51
248
172
423
189
499
290
122
436
186
295
90
287
306
395
431
145
375
340
235
154
83
494
218
31
366
362
183
15
136
107
306
322
426
214
451
36
500
317
321
138
446
25
294
459
15
395
92
116
281
482
409
167
133
130
492
438
438
235
69
431
495
57
310
149
24
471
150
245
345
23
498
65
415
311
312
449
456
427
69
273
34
372
72
372
83
226
257
274
417
266
351
75
309
51
221
116
412
301
244
110
103
297
382
126
17
182
41
488
189
149
31
344
45
287
68
91
287
219
430
230
239
488
239
100
395
3
236
316
62
206
456
197
382
262
127
310
13
226
205
290
248
129
112
240
283
180
457
272
425
328
473
386
272
245
257
470
371
389
127
413
149
488
284
329
331
411
99
425
181
102
96
356
87
289
41
257
317
382
360
16
364
56
173
248
119
426
425
368
25
120
35
135
29
308
464
38
188
109
350
117
1
44
193
242
140
138
39
450
319
425
245
378
77
171
85
284
373
312
143
35
44
431
386
51
391
10
449
290
53
397
449
335
11
66
140
228
412
56
312
217
53
89
8
345
381
467
340
465
65
310
80
201
116
193
213
61
309
330
264
251
289
305
426
392
44
245
430
280
73
422
83
307
24
442
287
4
214
277
174
385
187
26
382
112
53
305
313
134
410
442
454
80
277
132
247
28
29
57
115
427
267
52
194
451
434
442
210
389
460
182
414
196
25
81
150
400
50
135
28
389
23
241
18
298
491
363
303
340
387
400
162
144
304
371
368
403
1
115
493
384
186
4
156
322
95
323
178
19
254
218
171
310
386
436
96
169
237
8
107
200
37
14
144
113
395
360
161
120
254
409
452
321
99
78
151
271
345
418
109
483
378
205
217
278
121
276
169
5
123
262
414
9
2
17
159
251
15
333
4
114
296
283
264
45
368
106
23
366
288
49
55
176
236
142
222
450
118
304
309
367
347
458
471
131
229
22
210
395
414
112
290
419
198
68
115
332
404
247
79
333
59
182
412
27
341
468
308
157
389
178
41
246
447
333
334
498
437
270
309
208
345
477
33
32
222
371
468
48
346
115
159
387
5
241
340
381
327
33
93
497
175
124
262
210
50
396
468
399
467
348
101
335
368
188
291
314
375
304
45
495
141
154
299
226
65
326
44
236
388
163
93
303
205
233
200
210
422
10
147
380
224
378
492
429
289
236
415
375
383
87
157
428
116
425
149
428
43
323
12
208
404
247
334
108
243
362
359
494
497
57
322
487
274
102
250
244
195
306
393
338
445
145
192
450
326
226
53
9
138
106
352
348
461
142
328
27
55
358
44
364
468
129
287
463
174
446
455
383
230
288
291
342
287
352
25
42
262
452
190
481
8
407
385
213
76
231
352
237
457
362
431
121
151
360
141
495
51
380
88
183
396
326
67
93
281
213
285
492
464
76
400
288
338
310
326
180
126
55
391
319
226
188
37
221
201
418
365
216
309
260
71
51
290
325
244
134
344
409
390
124
24
310
233
229
185
378
178
337
405
137
182
331
273
190
486
229
368
169
113
93
196
120
137
422
436
144
64
425
379
139
479
446
306
221
215
118
491
68
62
450
2
301
19
290
305
332
399
152
431
228
94
151
186
325
457
277
314
219
114
103
93
79
204
405
16
105
378
68
408
24
105
361
386
353
464
386
110
496
97
445
29
15
245
170
197
185
421
80
480
466
385
207
135
487
247
407
318
111
243
346
300
6
387
411
431
62
384
31
355
23
146
474
380
206
4
65
195
367
198
191
20
125
310
261
264
51
458
413
75
121
179
437
71
356
69
485
393
436
56
12
256
455
195
8
184
427
308
425
337
279
355
170
349
396
373
282
190
444
14
15
492
359
11
190
164
247
371
237
396
313
288
225
197
452
358
41
396
366
145
166
143
462
248
127
344
439
300
165
191
455
156
21
405
314
382
483
223
53
55
369
414
57
72
225
226
287
482
268
369
455
431
227
35
114
245
5
363
47
88
455
27
74
415
50
246
294
220
407
119
384
402
391
401
373
317
426
290
357
342
344
20
159
165
392
63
428
23
300
188
329
140
382
239
428
200
27
444
262
202
72
91
191
363
44
291
24
353
475
