100
120
196
229
33
45
129
191
176
181
125
139
243
270
20
195
296
236
187
94
182
57
194
36
124
35
20
221
254
196
68
99
137
17
270
252
4
28
160
206
61
181
133
209
95
180
149
231
272
194
194
208
112
52
179
274
139
97
223
244
209
36
167
24
265
32
224
66
280
166
109
243
197
150
33
199
140
77
1
206
167
193
51
18
33
215
275
75
37
218
257
66
197
217
264
6
160
295
78
190
253
150
262 420
237 566
95 391
293 530
9 328
43 394
111 366
145 490
283 484
155 569
265 406
258 255
55 518
15 499
161 498
120 462
226 306
318 291
276 363
315 305
257 327
262 331
205 582
222 421
98 553
126 325
268 309
56 569
303 529
93 406
156 276
93 589
147 341
216 254
202 438
113 555
78 544
301 535
204 355
161 470
191 558
76 405
318 274
45 358
15 253
179 527
3 339
93 379
41 305
289 423
169 266
26 308
227 497
186 260
248 330
286 372
129 529
273 520
50 477
202 503
15 537
228 450
190 407
29 379
200 560
88 513
90 410
54 526
283 469
108 540
113 488
278 498
109 382
117 296
134 439
53 450
292 566
247 476
316 446
44 369
205 301
106 565
50 414
98 509
299 588
264 480
136 279
12 381
38 343
58 393
74 340
27 256
60 547
320 563
36 506
241 447
125 296
138 490
269 524
22 597
19 298
111 405
294 265
114 483
297 437
269 462
226 334
248 474
192 508
133 551
25 498
201 261
286 568
34 308
14 405
119 319
152 507
167 452
144 501
171 427
262 443
213 517
60 467
234 277
195 498
100 294
236 405
246 559
208 307
240 572
209 387
107 559
82 515
252 397
98 434
206 367
177 310
255 412
154 489
316 350
186 416
317 329
267 461
178 317
40 530
129 373
12 470
269 446
190 573
234 515