9997
47 1263519 51
11 1329
35 460
11 901
17 2752
24 2815
30 1735
6 636
25 1321
23 1771
9 1251
7 902
43 2544
29 1533
16 2428
15 2738
5 2637
18 287
14 1125
9 1588
9 2262
30 1911
1 343
32 2507
9 142
42 2613
23 2245
36 1687
31 1463
4 2733
7 1110
47 2992
7 1412
36 750
38 1697
41 1179
20 15
27 1499
18 1588
12 1887
1 1992
29 689
30 1548
7 1179
39 518
31 945
3 1590
5 151
30 2042
38 836
5 2012
22 2145
40 190
35 191
22 2452
41 476
9 1291
27 1668
27 1259
43 1392
31 2280
22 1071
10 1544
41 1760
9 1685
37 1416
33 2212
47 1828
28 2587
26 1437
42 2083
37 1015
10 1645
13 67
16 833
13 176
22 378
29 100
28 1243
10 1024
37 2074
7 1035
21 1560
31 675
9 2253
5 1968
29 1965
44 2019
16 1008
19 124
38 1340
9 2761
47 1718
15 1047
4 2053
35 2884
29 2197
35 2384
35 1874
24 1226
4 1251
37 925
41 1615
9 2318
16 535
41 2047
27 2837
32 2867
4 1616
5 1434
35 2705
6 2158
2 925
18 1817
16 1854
28 1958
37 2801
11 2322
6 1253
29 1531
23 223
41 982
29 620
9 2946
20 1628
7 1036
16 2401
23 1684
15 2679
6 1796
23 2218
22 2616
10 2083
29 1410
42 2701
46 823
34 1813
29 1164
31 2647
47 2007
29 280
46 2816
38 2663
37 1382
43 1462
13 1543
5 1119
45 2738
17 815
27 2645
5 1922
20 2400
24 2652
26 2594
36 955
41 1497
26 942
2 1066
26 2577
24 1556
3 2794
29 884
20 885
46 290
19 24
15 1879
12 378
29 679
44 2948
2 560
26 83
29 2289
30 2658
46 1785
16 2772
34 190
36 597
45 1121
29 2522
20 626
5 2345
30 2223
27 2161
18 1548
31 1720
26 1919
13 545
24 2097
31 455
23 1224
34 2668
11 1465
9 1111
4 1236
44 1274
40 2019
14 580
32 1671
18 1290
6 2132
45 2430
21 75
16 2347
14 1289
4 1974
47 46
16 266
26 992
34 172
29 1853
15 592
39 1459
22 2275
5 2446
46 1281
47 699
20 332
42 2166
39 1982
28 496
41 2432
9 952
18 2714
32 2432
43 2454
34 2821
47 451
29 1408
44 1749
46 2858
29 148
13 1013
28 714
35 866
45 2266
8 1411
6 2825
37 2334
41 799
38 1856
22 2883
42 1310
28 1252
24 977
1 1032
7 1230
31 1352
12 1607
3 1735
41 1762
11 785
9 1014
3 1810
30 895
2 1055
41 269
18 1797
29 1129
1 1144
45 1420
6 1817
18 2097
44 2212
10 1806
21 2086
35 1629
24 2340
35 1138
29 939
30 1012
39 1480
24 444
20 2770
17 2073
17 2739
23 1651
2 605
25 1032
42 975
20 2898
9 2928
41 1768
8 1188
3 171
22 993
37 2382
13 1880
12 827
34 2478
18 1443
42 235
7 2305
46 1836
3 2359
38 1165
34 287
42 2307
9 2141
15 95
33 815
26 1478
35 2982
47 2790
25 1350
12 1271
32 154
26 2813
13 2504
40 333
23 2955
37 2718
2 504
28 1963
38 834
15 1714
28 907
26 1819
11 222
14 2048
39 2664
3 2591
19 1608
11 2178
27 238
1 2432
39 2383
43 2056
44 2718
18 768
11 2092
2 2703
40 446
15 647
40 1024
15 1462
36 2066
15 505
34 635
10 557
22 2758
14 2180
33 2327
46 580
20 1707
32 2364
11 715
20 2645
2 239
23 1730
3 2316
7 2447
23 2663
30 1857
3 2166
38 1308
17 1681
3 66
32 788
3 479
33 2607
9 468
45 1171
27 1038
10 557
27 2538
28 2840
21 2546
39 966
16 1910
8 1163
21 1395
30 2054
24 1582
8 464
28 1595
22 520
40 109
25 2225
11 1641
24 665
40 81
37 2218
44 395
14 2427
47 751
40 2010
11 2423
9 764
1 2593
29 348
5 98
10 843
45 2215
37 251
44 94
24 1978
5 2113
3 2205
37 1059
2 2219
11 2024
34 493
21 2174
16 1659
18 1611
27 2599
28 2536
21 2872
11 772
17 2083
35 1593
6 16
23 1420
22 2473
2 2889
1 460
30 2243
8 1214
17 1604
31 1913
5 1737
43 1844
3 2461
22 321
5 2608
12 1964
26 2784
13 208
10 1730
44 163
16 1702
37 947
2 815
17 81
12 1526
22 391
39 1839
23 1727
10 2884
10 2481
43 2907
36 1984
2 890
29 2602
32 2449
41 922
44 1367
37 1367
7 2965
12 647
9 865
2 1233
34 574
36 2495
46 1954
31 135
22 41
19 2385
8 1795
36 767
34 1479
42 1602
11 2722
1 2976
22 2036
19 294
39 2899
39 2989
17 14
5 722
2 2078
1 711
4 1487
20 2236
5 1906
6 169
24 1427
30 199
2 741
40 1305
47 287
21 485
16 2803
20 1491
24 725
38 493
45 2638
11 2229
47 1352
37 2486
46 1946
39 2670
9 498
37 1934
24 540
19 2337
26 980
5 2105
33 1177
18 889
11 2572
11 1640
4 2201
13 836
6 73
29 601
18 1653
21 1406
40 2156
20 615
41 965
1 506
7 2784
2 2128
23 2603
15 298
12 206
42 1383
25 383
14 2374
33 1711
28 328
43 1675
5 460
10 643
24 2790
29 2112
25 2599
42 1082
32 1572
41 1758
45 1550
47 955
45 2109
40 352
17 1483
45 972
37 1038
28 2894
45 2178
36 32
26 844
11 894
5 614
33 2602
45 1557
25 1510
25 2359
44 791
14 2518
22 298
7 2946
16 2651
40 2585
21 375
39 2263
21 529
30 1823
26 507
44 2571
9 2697
9 1946
28 353
25 300
38 1713
23 291
18 1330
22 584
47 2391
46 26
5 2192
39 174
30 1453
21 973
23 1894
35 125
18 1359
11 393
15 402
35 43
7 2427
28 500
3 720
34 548
41 1169
21 1791
16 1265
10 2184
13 2583
4 1599
11 847
24 7
26 2985
5 280
46 1476
43 108
3 1561
15 1037
41 1118
29 2094
12 1413
28 1213
3 936
16 480
40 2470
9 2662
12 1629
34 1236
21 2648
8 478
22 2483
35 613
31 2776
22 2675
27 2017
18 2623
27 2152
3 2289
24 1332
20 1544
25 1987
34 316
25 1571
28 1584
24 1653
27 1616
3 1185
21 2930
27 605
35 2458
43 1080
28 971
26 447
47 200
13 536
15 2626
36 2706
17 1840
21 1732
21 1954
45 332
33 130
2 939
27 1968
10 634
43 2465
21 2792
16 375
29 2749
29 69
6 963
44 1742
1 206
34 1361
13 2937
19 2658
43 2938
7 1225
47 1072
41 566
25 2584
23 109
29 1523
26 627
37 268
11 2936
9 1488
31 1992
6 2381
26 761
21 2741
46 887
15 2454
32 1542
15 2022
42 119
27 2974
17 2674
30 2901
41 1327
24 1169
45 735
45 2255
19 1195
29 2832
14 595
11 1032
8 598
9 2184
7 926
19 1016
4 1620
22 1640
17 1771
44 53
39 1841
26 2877
22 1804
39 2174
43 1715
31 216
45 2258
41 1361
9 368
14 227
20 2359
11 2892
42 2148
37 2541
35 778
6 1138
44 1824
26 710
30 2711
26 236
25 937
9 2857
13 602
33 1802
3 1852
23 2151
13 407
13 1938
44 2541
18 2465
25 1358
14 214
26 1193
41 1589
27 2887
26 2342
44 298
28 845
34 2597
39 521
45 1125
18 1508
45 1439
21 1207
13 2832
38 1737
16 1375
12 2235
13 1090
21 397
12 2140
28 281
2 1086
8 1107
32 426
35 316
20 1620
35 2510
32 81
21 703
6 2424
31 2253
43 2521
10 418
27 2544
36 2672
29 791
21 252
44 2124
10 582
26 2402
44 110
9 2986
32 450
37 194
23 1690
22 1085
30 236
45 2721
22 854
30 1714
15 527
20 171
4 1292
1 496
44 893
20 459
24 330
30 1183
23 1406
7 518
23 1568
24 2469
34 1580
6 1912
3 364
31 395
5 348
33 1674
41 2059
39 2012
7 2947
26 756
9 2617
41 1549
45 117
29 1729
21 2077
27 2438
16 2630
5 1284
10 1015
43 860
22 993
20 1192
28 258
15 1660
44 2832
33 1734
20 1254
30 341
30 1917
25 1035
2 476
12 2257
15 703
21 1477
45 410
36 2322
11 829
15 654
15 1587
3 1231
36 2015
7 833
22 2216
4 772
23 2857
36 2694
47 2201
38 1547
2 2377
26 1210
17 2634
39 2979
16 302
13 1133
4 1784
37 2598
32 702
12 2179
47 2774
47 1776
24 46
41 1415
31 634
6 1155
39 1433
34 2008
2 1291
4 343
21 2622
1 743
13 600
14 1314
17 895
2 1923
8 2093
15 2415
20 2350
33 437
8 1055
2 735
39 819
12 2462
39 1712
47 588
8 2966
40 829
43 1409
15 1698
21 27
45 2277
20 92
36 705
46 1795
29 1228
45 2500
18 18
15 1558
17 917
12 1656
37 2436
18 2951
38 978
19 1227
46 1735
6 2552
25 1004
12 2912
26 910
21 2552
13 309
42 1993
5 2581
34 1361
19 650
28 485
3 159
33 558
35 2682
3 1703
16 1240
2 836
42 2447
32 608
25 2719
23 878
24 2766
33 1562
6 1134
26 1165
23 2373
15 257
11 1379
16 1088
4 2849
38 2059
38 2686
10 423
5 2433
9 1177
34 1270
37 1426
8 1333
1 1902
13 1815
5 139
20 1587
7 2073
5 312
19 173
43 1848
13 1162
2 558
17 559
41 2133
3 369
42 2229
24 1792
12 1183
28 1639
21 148
47 2565
4 897
27 2229
17 1002
2 2909
9 39
5 895
9 430
8 52
16 71
39 1595
34 1740
10 2599
22 1746
22 2548
17 1161
13 1527
2 115
17 2349
35 203
15 158
12 1694
40 2956
24 376
44 413
27 652
23 1725
25 1155
29 444
9 1465
42 362
20 187
29 1921
11 1454
18 1473
28 1315
8 2751
6 925
4 2471
16 1797
47 2628
14 2420
3 669
24 925
46 86
23 1763
28 238
35 2588
44 1209
9 559
31 772
29 1785
16 608
16 2878
36 2363
34 2204
47 1935
1 2066
2 1908
44 1095
21 2339
29 2416
21 140
5 2368
47 119
24 648
24 2358
23 565
25 2725
23 2971
24 2865
39 1136
21 772
21 1043
5 332
39 1034
3 1586
7 2519
29 35
35 1886
41 1804
10 92
32 2524
12 1366
17 2535
38 629
8 730
11 955
25 1102
12 2726
16 2825
28 786
24 1757
37 2463
8 764
21 1538
4 1737
24 2505
41 1241
4 2965
25 1329
44 1221
36 248
19 21
36 659
12 2833
18 1435
28 2652
36 1804
42 1795
37 807
10 2966
31 2481
45 1398
47 1538
30 2780
21 2634
39 2402
32 857
23 787
32 1345
19 12
24 2215
44 2317
40 2529
31 2739
2 2363
6 1726
20 67
40 311
10 1886
27 1860
4 1936
12 370
16 1239
14 1577
14 147
39 2272
14 1632
40 1117
10 1231
37 1866
44 151
43 2687
43 23
21 2440
32 971
28 1357
42 2771
14 2572
40 2917
17 1936
44 1601
35 1348
16 1629
3 959
31 2287
13 1681
47 600
46 2134
31 2817
46 501
44 2279
7 1869
11 357
42 2326
14 2541
2 530
41 183
47 2489
15 1245
6 1475
46 1198
34 963
23 1142
36 1856
15 2088
21 2957
42 1669
41 2536
41 2495
38 220
20 10
25 2805
22 1979
27 2207
20 1807
23 2496
34 794
39 998
20 559
34 2683
5 1951
38 2151
42 635
20 706
3 1224
41 238
20 1447
28 48
16 2440
47 1654
19 2820
45 2372
37 2424
5 1768
46 2478
47 2339
39 676
10 1302
9 1299
2 391
17 2307
6 2829
16 508
15 711
32 2260
15 1797
41 1260
31 3
31 1143
34 1547
12 2984
29 1619
46 377
43 2304
23 2096
46 1032
22 1965
15 1205
9 1766
41 829
27 2815
26 511
5 952
46 2434
6 332
23 428
16 847
29 1985
6 561
24 2647
2 1450
41 1078
10 888
23 1959
33 2690
37 1387
17 665
27 1139
40 321
29 807
33 1465
12 2118
25 2267
41 2354
6 629
43 1701
41 195
3 1134
33 1054
42 2614
30 2572
1 1200
42 2093
20 1100
17 410
14 2481
31 1209
34 1866
13 1249
30 1158
32 69
32 2793
44 2682
10 352
12 2389
8 621
36 1442
36 1828
45 2424
30 1039
3 2931
23 2305
29 1266
41 232
24 1039
15 419
13 2949
42 1199
39 2148
35 542
2 78
7 2592
6 1930
41 1331
15 1930
12 1940
27 1883
16 1255
23 852
36 732
39 2520
18 2197
10 1809
19 576
40 1135
16 798
44 779
26 985
37 1218
13 2812
32 1525
39 1640
44 44
21 1611
14 2594
42 436
20 2258
34 2744
17 1079
12 2856
31 2741
7 2149
14 1608
33 1816
47 2273
37 2301
4 2857
18 2628
23 2096
10 1496
45 2344
8 2074
28 1709
36 71
41 1926
9 784
41 285
22 2364
19 698
43 1967
4 604
33 2580
10 1028
37 2360
46 2671
27 2472
40 1763
37 446
13 1998
44 1460
13 2721
8 2180
47 1673
11 1798
8 1875
18 926
20 2423
8 124
40 2405
41 312
2 1327
16 363
14 997
45 1124
44 1285
10 2754
29 1669
25 2843
10 472
33 714
23 641
26 55
27 1262
32 1909
25 867
41 456
36 743
26 403
25 769
40 2475
31 2139
6 455
29 2059
34 46
21 307
6 2576
39 2471
47 1506
17 2977
23 1454
18 905
19 309
31 2310
15 507
24 1132
27 728
1 1052
36 1900
31 1763
22 2224
8 1831
25 2493
1 1937
11 1210
19 884
33 1592
27 1624
30 2706
33 1440
47 68
33 906
22 2508
31 425
22 1554
38 1553
8 1253
28 1647
41 1435
5 2453
47 2799
41 1611
29 1377
13 887
30 2100
23 2235
30 1665
47 2257
1 1476
42 2870
12 1631
25 1380
34 2297
46 2845
7 2158
19 1953
38 2165
33 1155
15 1788
9 1756
12 314
15 1999
18 1836
32 855
5 986
28 1086
14 83
30 1994
45 2843
44 50
5 2926
42 992
14 2524
19 1091
19 243
30 2005
25 2341
9 1089
44 1772
25 1514
44 1034
36 2759
17 921
2 2915
21 404
22 1767
36 2729
29 1594
37 1979
4 124
7 1331
40 1567
23 291
23 1821
2 277
16 1355
16 2284
12 634
20 601
3 2667
40 2816
36 429
29 1585
40 1638
40 1646
1 1856
15 2329
43 774
42 2677
8 1387
19 2287
40 869
39 25
39 2168
30 2131
12 896
17 617
46 390
41 535
42 114
21 2860
13 1772
30 1185
37 942
30 53
36 781
22 2009
43 1744
2 2197
21 1717
33 1436
29 918
26 2325
47 1443
22 1123
40 937
20 1544
12 1015
2 2716
27 2403
24 959
4 1487
33 2009
22 1615
7 2109
31 281
12 2391
28 1001
31 1103
2 733
1 2889
16 1724
27 2856
21 2624
44 1898
31 1000
10 1164
24 1242
44 2362
40 227
45 1659
16 1454
46 1465
37 996
11 2452
15 49
33 2141
32 1011
17 234
15 2745
42 2473
20 167
45 603
7 1939
47 2287
9 1333
14 2314
37 137
44 1005
10 1228
13 282
10 523
14 2104
15 865
7 53
39 2042
42 2729
3 1577
29 1580
41 1137
16 2085
3 666
41 979
43 1661
33 2904
41 868
17 1396
37 2089
31 297
36 1447
15 1283
38 23
20 447
43 2029
8 556
41 2853
30 2307
44 1635
21 2434
25 1386
37 2227
16 430
44 1783
11 1431
45 2686
27 243
44 1459
4 1476
27 2261
38 1753
15 1338
34 803
22 2052
32 2438
47 588
9 1700
5 17
46 2469
13 2966
35 1635
23 2085
21 1593
19 1412
11 2636
10 1186
23 1914
18 1887
22 1029
32 496
15 454
40 2392
24 1351
36 2874
8 2150
31 992
47 1319
22 2508
26 709
33 656
27 412
30 1521
37 1063
45 264
47 585
19 2523
7 80
22 836
45 1810
22 568
1 628
2 2042
31 2405
8 2820
41 284
26 2188
6 1031
14 768
31 1079
44 2405
34 799
35 223
38 2419
45 531
8 2667
3 2650
13 2859
29 2367
17 1713
42 1083
44 1572
29 579
34 2626
16 2142
46 185
3 2735
7 2870
17 881
21 464
30 1296
29 2176
23 863
19 2164
9 1221
16 498
36 1366
44 2701
29 2182
10 519
4 2172
15 1536
19 671
31 1199
23 1942
40 2153
25 2470
31 1773
34 1862
21 2468
29 2870
31 580
3 1390
6 2717
26 871
13 2696
10 2470
46 2528
23 2207
31 1716
26 1912
20 1860
2 2676
30 2306
18 2847
24 39
4 2545
3 2720
37 1612
9 220
39 2607
30 2543
34 1560
26 1723
33 1096
12 2125
27 1376
32 1679
40 95
11 1914
15 2881
33 2212
44 1461
40 1859
47 1316
29 1952
38 685
11 545
18 2882
13 2618
29 1073
29 1470
45 623
6 2644
8 774
20 2666
10 2307
45 3
3 2074
35 1264
9 2387
43 205
30 1850
41 1529
33 1857
10 2693
26 453
37 1606
47 2435
9 1710
31 2451
3 2966
42 2853
32 238
23 523
10 2868
12 1516
28 118
29 1639
26 2498
9 1114
3 667
30 752
44 489
11 1569
12 2731
31 59
1 2600
8 36
32 2529
27 2918
26 2880
12 130
11 905
31 484
41 1100
36 802
13 961
15 1908
43 190
47 1584
12 2737
16 2631
43 1169
21 2308
42 144
9 9
34 730
44 2369
29 1562
34 2969
20 2544
4 539
26 704
24 406
20 2129
33 1350
40 940
1 399
16 700
42 418
17 129
29 2944
7 1076
17 2807
1 2371
19 530
24 2515
21 1319
9 1872
43 1853
37 1017
32 1911
19 2883
11 603
37 728
44 2493
41 2148
38 1819
11 576
22 219
25 460
11 65
11 1507
13 2228
22 520
15 2189
6 2047
20 1660
37 1499
33 411
3 294
22 52
3 883
34 2591
2 2636
18 1835
32 625
6 310
38 667
6 2682
9 1538
39 2662
20 2362
13 1391
30 2925
34 250
23 2019
22 814
47 2190
23 1668
38 1784
31 2836
47 300
15 2425
39 82
38 840
32 1674
13 1324
27 1646
15 2962
6 2367
8 1726
22 981
17 1001
45 1602
16 2403
18 2562
24 2345
8 239
16 1653
9 1673
40 919
32 2584
3 2433
39 1686
40 2338
17 1371
27 915
31 1164
40 557
24 767
4 2375
26 2560
41 1111
35 2130
29 601
36 913
15 1367
7 252
34 2435
11 1480
35 565
18 2506
8 1865
11 2946
43 2259
46 2662
40 2689
3 477
25 2405
40 441
4 376
25 867
29 1053
29 2962
35 2882
3 2037
36 347
38 2358
15 468
39 168
43 2519
6 582
12 1839
21 2321
11 1057
32 1302
8 1404
1 2447
45 2890
16 2680
37 2887
31 1650
15 17
27 182
36 2737
13 2738
22 765
11 1199
25 509
47 2965
21 2343
28 1833
4 491
3 806
7 2984
36 2533
26 162
18 247
39 2977
7 1150
47 527
42 1159
38 2475
16 1210
26 2135
38 2765
1 2577
24 608
44 2621
2 1913
28 830
6 1848
31 2224
45 1454
32 2288
25 1854
22 82
42 997
24 412
24 1853
38 316
6 1652
45 1301
40 565
24 1645
2 878
43 1194
4 1413
25 981
41 2868
44 439
16 868
39 2102
6 1658
13 1994
24 2556
37 1431
33 993
33 470
7 604
10 827
33 386
19 1390
14 2512
3 527
13 1290
32 707
21 648
4 2050
17 2148
13 424
20 1080
44 2583
10 758
7 1247
3 370
19 1110
10 653
12 1918
23 2030
27 671
40 8
3 315
26 2924
29 316
42 2862
7 1018
26 2051
28 310
38 1778
32 2722
30 1066
47 4
45 2327
24 2401
22 45
19 1204
27 713
30 840
2 867
19 2483
6 2486
16 2899
21 306
6 989
31 1319
39 1985
41 1347
23 760
45 1323
34 2351
36 1021
37 1388
9 564
13 632
41 1989
20 2570
44 2129
22 606
43 2024
31 2210
38 274
6 1073
14 241
26 2920
24 2090
18 2427
13 2581
1 1368
12 2527
6 815
24 1305
30 2908
44 1776
27 284
5 958
19 1207
1 2012
7 2099
37 799
16 2782
30 479
36 444
15 2382
30 1034
6 1289
3 1665
29 1317
25 2702
26 516
18 527
45 2593
22 1424
28 66
19 218
42 1536
1 200
12 2498
4 548
22 1710
26 2319
22 591
32 2904
17 275
37 2186
20 1851
15 1884
10 1667
18 1668
36 1613
33 853
28 1415
33 332
4 956
26 455
24 1367
13 919
25 1228
16 1506
41 2693
5 1658
4 1332
22 1055
47 131
24 2199
28 270
46 1661
23 2649
46 2918
12 769
30 2950
25 2770
17 1083
18 2658
35 1640
38 1837
31 2312
37 475
16 2385
23 374
17 2929
16 2001
18 104
19 906
37 1908
7 835
7 348
47 2390
14 843
45 164
31 789
39 176
16 2102
46 863
1 1266
36 816
5 2892
28 123
37 1728
19 1824
34 1718
29 2527
1 1663
31 2174
41 1906
24 2418
15 1194
46 2378
11 2447
28 2806
4 2370
8 2715
24 85
9 2708
12 2341
44 2488
37 2814
31 2896
24 448
29 2995
32 100
10 1240
40 1405
33 117
14 1016
47 2595
11 1386
42 2966
16 1402
42 1460
21 2248
8 2723
25 2263
17 2905
14 2521
47 1167
37 1034
47 163
35 1173
38 1703
40 280
36 1961
21 704
32 1312
6 1413
36 456
41 73
35 1588
39 245
41 402
43 2348
32 443
47 509
36 1206
46 1564
26 539
21 2247
30 2891
24 1291
38 1773
29 558
39 2226
21 1861
31 2568
7 1188
6 556
45 335
19 158
21 1143
29 1876
12 1087
29 2046
13 1655
45 336
17 2075
20 2329
10 1585
24 2814
42 872
39 978
12 2583
25 1850
8 228
27 1819
22 2999
12 1380
25 2955
38 1910
41 953
41 151
24 1711
38 2264
42 465
32 1742
16 2033
41 1221
28 2077
28 1378
13 1080
37 1005
12 2641
20 439
45 2409
44 305
20 1286
40 2625
10 2294
13 2015
42 2306
11 1776
28 985
24 1922
21 1207
6 1653
11 1664
5 365
17 1465
19 404
8 2783
25 1689
42 2859
44 947
36 721
23 138
23 2817
22 2618
9 2001
46 1829
8 2536
24 2356
1 440
35 1011
38 2848
27 638
28 290
10 2157
37 1484
21 423
31 2802
8 2197
30 1258
42 1480
46 1285
24 47
6 2919
1 59
34 2766
6 287
4 2518
3 2822
7 523
45 2449
8 1349
32 1322
41 509
25 2672
22 1433
31 231
28 2270
1 744
7 585
17 2695
36 1689
25 2795
37 149
39 269
14 2481
2 1339
17 1882
42 2095
38 1902
46 1165
29 323
38 1890
44 183
27 729
7 2588
9 1028
31 513
13 2110
15 860
32 2526
38 203
20 1884
8 771
10 2133
30 1189
1 1016
46 1080
10 1489
30 89
26 2148
25 870
27 2118
35 348
18 1227
17 1999
45 1283
36 2531
31 1646
24 1650
6 835
32 147
25 29
29 2608
22 1312
23 699
32 2327
14 364
19 1609
10 2999
7 1180
7 769
15 2335
44 1443
13 2716
10 2475
39 1714
4 538
22 2120
39 749
25 2662
2 124
2 641
23 2912
45 2849
22 751
5 278
20 2490
23 374
28 968
36 2145
19 963
1 501
16 1369
38 363
25 957
37 1113
31 1277
10 2133
28 2644
12 2428
31 2997
26 2026
17 2008
5 2692
35 1751
38 969
33 1671
29 444
24 1094
19 548
34 2020
25 2615
39 748
47 2672
33 756
47 1617
30 2191
27 1816
14 2805
41 1956
2 1598
42 1959
14 1232
1 2829
47 1810
4 2086
36 2645
44 2789
17 347
3 1388
36 2356
27 2883
15 109
46 1365
29 1512
41 549
17 1749
2 2465
8 2594
28 1636
24 2369
45 318
40 830
14 2239
36 2466
12 722
40 1624
28 2202
20 873
14 1881
14 204
38 1557
27 2383
33 424
6 260
7 1004
44 1308
24 594
46 2862
35 163
42 2997
38 985
22 1581
47 1655
4 2368
42 2240
29 1493
32 2480
30 2128
47 7
15 738
41 2957
35 1113
7 2832
24 1950
5 328
32 2552
11 1404
9 1999
9 2733
18 1175
38 2039
12 1000
27 379
22 680
22 1179
47 908
16 1828
11 2160
38 2101
4 1664
29 541
44 892
25 2024
24 218
15 475
6 1415
34 2503
5 2492
7 399
29 2506
45 347
3 191
29 799
4 245
4 1561
39 106
21 2185
23 1722
34 1769
26 793
11 1389
27 896
3 25
10 2430
38 887
36 2645
6 1896
21 1881
10 2806
22 1173
4 350
23 1279
30 573
36 1545
31 1783
35 153
42 1190
8 572
10 2463
20 869
43 2839
40 2298
13 1183
45 1003
42 1249
3 2198
7 688
24 1691
15 2876
46 1515
47 1358
33 1551
44 924
9 1299
3 1679
34 873
19 751
2 2222
33 2576
14 1988
29 727
29 242
47 1996
39 2043
40 1278
17 2477
27 1742
36 329
18 1872
25 1582
3 468
21 435
27 2276
30 1340
35 1039
28 1886
24 238
19 726
3 1142
22 466
33 1496
16 23
1 736
29 2377
40 1468
44 1478
4 1977
39 1124
43 2250
30 2220
26 898
28 936
39 1770
32 435
32 1450
16 2586
23 1552
35 1233
11 1856
25 637
1 835
13 196
32 453
7 2588
42 1473
21 2626
34 1757
19 2089
46 753
10 2997
2 1431
20 1118
38 1471
15 2922
41 2616
6 2101
4 1560
15 127
32 1007
45 1361
5 753
18 2115
47 1032
14 560
38 2686
9 568
46 2191
16 1395
28 1852
24 1486
25 2589
36 1093
46 1644
20 2661
24 139
45 137
18 2588
4 2277
25 1702
35 590
23 2032
15 1122
21 181
35 1578
12 696
29 611
13 2010
7 921
42 474
16 1301
18 1097
13 2450
35 1612
36 590
26 1460
2 245
9 2658
8 527
11 954
40 1530
40 386
31 1230
20 966
30 1809
31 2144
19 1669
23 2972
42 1409
5 1198
31 108
13 1831
2 124
4 113
14 257
10 413
32 17
31 325
38 1373
37 79
13 418
16 1365
12 813
12 1414
45 1358
11 2062
37 1061
10 180
31 570
1 1537
17 2490
31 485
45 1546
13 1077
36 2451
7 2625
27 944
35 2337
28 1328
33 2441
19 1590
45 2536
34 240
8 22
11 1498
2 792
36 2942
7 2631
43 2729
28 445
11 730
4 2117
20 76
44 89
39 1222
47 353
37 1984
26 2050
3 2369
3 134
16 1744
37 1861
42 1802
22 2184
11 1943
21 2920
31 204
30 1942
43 1349
10 929
47 1074
28 2177
31 2639
20 2615
33 2761
39 2912
30 1895
44 92
25 395
15 1390
34 381
12 149
11 91
14 1887
33 2332
6 42
44 1749
1 1385
24 973
43 1889
33 554
16 29
13 1994
46 640
1 893
33 2187
8 493
5 1266
46 25
37 1032
31 2897
31 1389
19 744
12 2702
42 1972
15 2205
44 1917
45 902
38 1109
24 1584
10 2563
27 419
18 131
24 1072
12 1386
32 2072
14 1356
42 2541
47 852
8 2483
29 802
14 827
27 1084
46 2835
13 1409
30 516
28 647
22 2225
6 750
25 2471
14 374
3 1258
19 942
41 2129
9 488
3 1033
3 537
7 886
14 76
47 1189
27 2866
29 327
23 2939
25 2730
47 2283
38 1982
30 240
41 1676
33 2591
32 1489
17 2730
33 282
25 2268
33 1426
42 18
23 979
40 1218
40 2888
12 1357
13 1534
17 828
1 1970
41 1170
19 1077
26 828
12 1832
44 799
21 1331
29 2489
23 2628
30 1911
22 468
4 644
37 1323
17 2460
8 666
17 2089
36 307
20 588
6 1557
30 2906
4 2120
12 2793
18 1018
30 1612
3 2054
13 600
9 1032
11 1488
12 120
23 179
37 1028
22 2882
10 543
27 494
15 2620
45 1
8 506
23 1710
39 2713
28 1431
43 1464
35 317
33 1294
22 2295
40 589
23 2497
18 259
12 442
25 328
47 2527
24 2638
21 897
11 2104
35 1650
13 2518
3 332
28 983
9 2697
38 1482
12 2176
21 8
25 746
20 175
4 1195
9 2783
31 1969
32 1451
8 1950
32 2637
24 2771
3 2041
42 1279
46 2350
46 634
3 2170
16 1945
15 1457
7 157
37 2698
22 990
12 2117
43 803
13 1991
25 47
12 1281
12 1622
27 1665
30 177
41 2089
21 1730
34 164
46 1077
40 184
24 1790
22 748
30 2126
35 2060
2 2720
16 1870
47 2211
23 629
34 2738
47 949
47 525
29 2145
10 1004
1 288
34 1569
11 217
27 2328
15 2728
30 5
31 1467
42 2792
22 1342
31 2034
7 610
22 2081
8 2826
7 241
8 2185
21 2176
22 2171
11 2337
13 1803
12 2645
37 2075
43 1989
43 2142
23 932
14 1133
40 446
7 1507
14 1801
17 375
33 1490
41 2430
3 1041
37 614
25 2981
22 2787
42 823
10 999
12 2946
22 1314
23 445
19 1087
39 624
28 1144
43 871
37 2169
19 2626
12 2616
21 2467
19 1446
43 219
42 675
18 1130
12 1634
47 678
44 871
10 1730
36 2904
40 1951
15 2589
19 1285
2 1956
35 1955
24 2350
20 495
4 1416
15 1019
44 2927
26 1998
32 904
39 2272
16 2022
1 771
33 2956
16 1834
9 54
46 2145
28 2040
39 2135
27 1028
8 81
28 1730
38 1522
8 359
29 2612
31 2464
16 468
34 384
1 1344
42 475
10 2515
45 1436
9 8
10 716
44 1075
14 617
14 469
17 1220
22 177
3 2464
16 1625
12 2560
27 471
35 2494
28 2937
30 1657
40 147
47 2504
8 1841
41 2531
40 1729
36 826
8 2950
30 2412
36 1429
47 1584
13 1829
32 1764
11 239
37 2555
33 226
22 1970
11 2334
20 435
39 1448
27 1049
4 2661
44 772
2 953
31 37
3 1723
32 267
29 594
33 2556
15 1014
24 11
31 2045
47 1621
5 28
41 1984
2 2938
6 2283
32 701
45 1860
23 489
12 2448
6 39
25 802
12 2020
45 1239
23 581
24 1739
42 1897
7 606
3 2937
34 858
3 2156
13 114
18 123
25 2395
10 2342
41 1613
5 96
38 454
6 2730
44 304
5 195
26 628
8 2393
13 52
29 1636
22 442
45 1988
9 1510
45 1730
10 599
4 2743
44 2067
37 230
22 582
46 1230
12 2698
29 2608
33 2057
21 543
29 1701
3 1873
21 2895
40 133
7 1995
33 1638
47 2626
23 2685
29 1012
25 2907
18 1916
4 2872
8 2165
12 724
6 2523
42 1574
38 2535
40 1695
42 1105
11 1387
24 5
20 2227
33 2439
9 2781
1 355
46 1539
20 1394
41 263
14 290
1 70
41 1174
3 970
7 108
1 1299
27 2695
6 1142
20 2388
10 1689
31 2781
32 1872
14 2775
2 308
18 88
4 2678
20 1202
29 1119
2 2563
30 141
22 2895
39 394
47 2029
44 1145
10 2723
40 2648
11 2358
41 2698
37 881
18 2552
17 1976
20 1248
6 1894
3 197
17 1458
23 1861
36 161
4 1605
5 1514
25 1261
40 1326
27 475
33 1765
2 2637
7 924
7 286
31 1632
5 1793
19 460
41 335
29 1697
11 1784
2 2292
43 267
8 2130
16 816
8 1914
29 719
3 2023
30 2146
18 1793
28 56
4 1837
3 2418
11 594
10 2869
14 2228
32 2147
11 238
25 1175
43 1512
32 1743
23 450
38 1926
44 505
24 1533
35 2566
18 1397
18 2525
40 1135
40 1479
25 2648
17 867
26 2046
14 745
12 1848
20 50
15 2743
37 587
38 1015
43 1649
17 1580
42 751
10 1898
10 360
31 691
4 1892
12 2231
22 2028
11 1527
18 377
19 1178
7 594
12 1150
34 530
5 2024
23 2752
38 2177
11 570
30 1896
3 2043
25 2493
14 757
11 1916
14 2025
29 1577
46 1169
21 2600
39 1080
32 2554
23 107
29 1745
36 2951
6 2616
24 2601
40 1113
38 1815
45 1676
43 2400
21 1004
18 16
32 2555
16 1394
47 2168
44 961
37 798
9 2248
2 1501
14 1325
47 539
7 1088
12 819
12 2288
7 2374
21 1893
19 595
20 2195
43 2086
8 2811
6 2821
7 1077
27 2908
47 2104
17 2789
44 2103
25 2287
16 593
28 1947
4 1191
26 789
13 598
28 579
35 1339
44 2215
39 1017
28 165
31 2641
17 474
29 2296
32 2192
47 1824
13 334
35 2963
36 5
23 2343
29 2039
17 297
9 1426
26 780
39 1045
42 151
18 2714
16 2530
13 1869
39 2355
23 862
27 1357
23 114
37 2130
12 2577
45 1132
17 1914
15 574
28 1320
26 1036
45 919
7 2917
4 2456
47 2313
24 2036
30 858
47 559
43 1041
33 1713
25 2918
4 612
26 2387
45 1130
1 2240
40 1415
7 34
22 987
19 1138
21 2195
43 2346
16 620
9 2341
25 962
34 376
33 389
1 279
2 2377
46 1653
26 2845
44 2745
27 2679
41 76
26 1961
1 897
14 2957
31 2617
7 2207
46 1898
37 1474
34 2258
23 1860
9 2672
44 2007
1 2571
22 2877
33 347
1 1512
23 2059
18 140
2 1139
24 1802
31 1371
5 384
16 2047
45 250
13 2992
1 2140
1 2670
17 409
34 699
2 1781
31 1823
46 415
32 294
40 1378
40 2167
23 2474
38 1919
21 1010
18 2724
2 2560
4 1885
15 818
32 150
38 1883
17 1900
4 1524
8 1221
12 587
15 994
8 1887
38 2706
20 1773
8 818
19 2450
14 1742
13 744
40 1580
31 1100
34 2306
36 120
31 96
18 206
15 909
5 1950
19 723
23 2861
2 1045
8 2894
37 1486
6 31
33 1356
28 2059
5 571
21 14
43 840
25 1437
2 197
22 1672
29 1629
13 2388
9 1313
13 849
11 1867
45 1004
4 2226
15 474
33 1181
15 1375
11 2687
21 2665
43 1714
7 1965
25 2276
19 2060
37 2293
14 2177
45 2605
29 2248
10 1145
7 2127
46 1329
7 717
18 689
28 2017
38 1036
44 1318
6 2613
14 1973
16 2764
32 1811
23 1837
14 837
38 242
20 197
4 2879
4 2262
15 2120
34 68
41 1525
21 60
38 1457
42 2157
40 1347
32 398
47 2051
22 2217
7 481
47 2570
24 1057
5 1450
2 950
23 2521
34 1374
22 1692
22 554
40 657
31 2487
27 2097
23 1285
22 1613
29 1556
15 307
31 756
10 2989
24 478
30 2391
13 915
30 987
28 763
6 2346
9 26
12 558
9 1768
20 252
29 968
30 2156
42 1385
15 2004
13 2858
31 2154
31 2837
40 273
41 611
19 2474
42 386
19 1456
1 345
47 868
32 158
34 691
30 39
31 63
28 507
31 1559
26 1962
24 1898
6 1622
21 2425
21 2263
10 2593
35 938
24 1948
11 2479
18 2198
42 2303
41 2460
8 1164
44 714
8 998
20 1498
33 1460
34 1845
14 559
45 1756
28 2796
13 454
34 2678
40 1678
4 809
42 1035
23 1827
23 408
1 2763
13 291
18 1168
2 1380
44 2601
18 2983
46 360
5 2361
13 2996
1 1633
8 2434
25 318
25 2728
34 2031
30 495
22 1607
38 200
13 2906
43 1964
6 2378
16 160
43 934
29 2293
9 2150
40 264
46 1237
27 1260
39 2378
38 1828
16 15
45 1803
26 773
47 2265
24 154
9 405
19 1909
18 1075
36 1899
12 1574
13 870
7 2994
36 2393
1 1694
46 2275
9 951
28 1754
22 1152
36 802
24 407
8 2185
19 601
3 444
47 1184
22 938
35 918
10 558
39 1413
14 2460
24 2945
9 1214
2 1844
4 38
14 923
32 677
20 2814
44 2259
45 2913
31 1519
26 2754
19 1731
11 392
33 670
41 2259
22 1836
3 1425
9 1720
42 886
39 2230
10 2999
4 1388
18 2980
8 2598
38 49
21 1928
21 1571
38 2180
26 2185
20 2103
13 208
28 2004
35 2450
3 1546
13 189
36 1166
46 762
1 89
27 2686
4 1319
3 1674
13 1867
30 2557
10 1848
18 104
39 677
15 105
21 1408
44 298
4 148
14 608
47 1278
11 1803
37 1719
15 1041
20 1694
21 1255
24 856
44 52
35 2944
3 2104
36 2693
13 1371
3 84
18 2110
20 2505
6 80
18 184
17 1036
41 1449
32 683
43 1522
13 316
5 2952
26 763
44 977
10 2580
10 44
27 2327
7 2168
39 869
26 2593
17 2869
36 1518
40 1535
30 1373
19 1741
44 1007
21 553
8 2856
32 1783
18 1433
46 2322
17 1204
5 1189
36 2322
25 1761
14 1284
12 1481
25 2884
10 2416
44 1356
26 1773
22 2783
4 1072
10 1288
5 135
11 203
39 1215
43 2021
13 2583
20 898
29 2883
29 134
46 642
38 1763
44 6
16 580
13 2754
23 1249
39 1136
10 2774
16 956
4 1324
47 2011
35 481
37 2735
28 655
3 2187
10 569
29 687
14 2516
29 1928
41 1078
1 2587
11 701
35 1595
38 2179
31 2930
38 1709
24 1261
35 2722
42 609
27 2182
35 511
44 136
30 2861
32 2788
21 2331
39 2414
6 2347
36 1025
14 1007
41 2958
8 920
39 1039
43 2661
24 1783
11 2363
7 1941
6 2304
1 2306
43 903
31 408
24 1853
1 990
2 2177
24 2768
25 81
25 1630
43 1661
41 1606
42 2117
9 285
2 1998
23 2863
37 95
33 1637
46 225
13 1165
18 224
34 593
22 2183
25 2831
15 297
3 1202
15 2029
28 2165
10 467
19 2339
18 2270
10 2046
4 706
13 2993
14 1850
24 194
47 2851
18 2767
3 2241
1 1394
35 185
1 2177
27 1028
32 2228
36 2691
45 407
2 926
37 742
7 878
4 2888
18 1338
14 889
15 1898
13 474
44 2254
44 191
26 1146
34 1277
40 1549
32 2759
7 55
28 380
33 1820
20 1803
13 1065
9 145
19 692
11 2792
41 718
12 1
30 2138
3 232
15 2966
5 2725
41 777
46 2226
15 2395
26 9
40 1334
21 1971
20 884
4 446
8 2802
5 2494
25 1788
39 2483
34 1980
36 1794
36 2535
7 124
25 264
23 2638
15 2664
41 900
4 114
1 175
1 443
45 2985
9 1212
3 1923
29 1001
31 366
6 541
11 2405
19 1742
20 1118
17 906
20 2047
4 2153
30 1062
38 239
6 1633
34 749
44 1673
22 727
18 2191
17 524
24 1466
42 849
36 971
1 860
4 27
27 708
34 2534
22 2987
35 1609
3 106
8 2923
10 397
32 577
43 1061
1 385
29 246
6 2183
36 196
23 2684
38 2897
8 646
11 2676
5 2331
2 1591
23 467
29 1599
18 352
46 2932
43 2246
38 2095
39 1469
25 2742
2 2732
12 370
12 1747
10 1554
4 509
5 738
28 2606
37 2135
28 742
45 2057
24 1604
46 796
17 561
47 2789
42 2830
47 2580
14 2367
4 1589
44 246
25 2357
44 1684
20 474
17 2692
28 1422
33 836
1 2863
8 2419
14 1045
32 1941
44 2402
16 2246
5 341
30 1135
3 805
38 938
12 654
11 2359
21 1537
29 2107
5 1785
45 620
25 2226
34 25
15 2674
1 2556
7 734
46 1809
15 2229
20 1498
39 739
11 2583
5 2536
13 217
33 411
45 2129
10 2485
11 1864
17 134
31 971
3 1684
15 1603
15 182
5 2034
11 1635
12 2153
39 1980
27 580
35 2557
13 677
43 405
3 1915
34 1673
30 2748
41 1992
31 162
26 893
4 2682
3 2337
28 2918
7 1046
30 2555
3 182
42 13
18 1265
45 2332
17 832
21 2785
37 2181
24 472
34 1413
23 2138
11 2209
9 1492
5 2138
10 461
35 2495
18 924
39 353
37 2600
30 2114
14 743
24 1242
40 2011
37 2814
33 2670
8 941
39 1886
45 727
15 2683
42 2747
1 2599
43 2488
21 2337
14 2456
14 2423
10 163
18 2491
22 2780
40 1250
5 1975
28 1961
13 961
46 1992
42 854
28 914
3 950
36 1993
46 175
12 348
27 2413
44 256
30 2581
6 2516
29 942
8 486
1 2943
3 1209
22 1250
45 2868
16 1786
23 819
43 326
32 2732
29 2562
3 516
38 1500
5 2789
25 56
40 474
26 2692
40 2573
12 1280
44 1896
18 2101
31 1871
35 2659
46 2406
40 2647
44 1605
9 316
39 1218
44 1554
45 2953
1 2774
18 933
11 2593
29 1814
4 461
43 269
18 190
23 2601
23 1029
47 2363
14 2055
9 1493
10 720
26 1895
28 819
47 1599
12 1966
8 1934
42 2690
14 336
43 1880
19 1203
33 370
33 2383
5 2332
28 1845
4 2090
12 967
12 1225
30 966
9 2951
24 873
33 1112
35 2683
38 282
31 1637
33 1123
29 16
4 1044
29 939
10 351
29 2911
47 916
32 2953
7 461
2 929
16 992
19 1591
9 1678
31 135
9 1052
22 1362
10 2806
30 1888
42 679
15 2241
33 1498
22 2423
36 2303
22 841
47 817
23 872
33 2609
22 649
4 2188
31 1756
24 738
39 1411
12 1585
31 145
32 2710
44 2518
7 976
5 18
45 2118
45 837
28 543
5 1388
29 537
26 827
31 2577
47 2233
39 407
33 1055
14 1108
22 989
4 779
42 2401
27 2144
45 793
16 2603
2 69
20 2226
4 1539
35 729
28 2475
19 1739
18 106
35 1251
31 1006
6 2844
29 2523
35 486
2 1627
47 49
31 81
30 2947
5 2872
43 2309
9 1461
43 1604
29 1108
4 290
12 2946
21 2571
10 458
27 1882
6 2245
25 2051
14 2235
23 2617
43 2801
45 2130
32 538
39 180
41 855
1 1626
31 1236
46 260
6 98
10 1992
13 2742
21 864
39 1225
27 43
34 1715
17 2844
16 1424
12 1820
2 2114
12 547
6 448
2 1133
8 2189
21 1574
13 1291
23 68
46 472
41 1352
43 591
27 1795
38 2507
2 2148
17 2208
46 2657
20 379
3 1182
15 1390
12 535
11 9
22 670
10 1970
17 2629
33 2539
34 610
18 2567
22 785
27 52
9 1947
34 233
9 2003
20 31
18 1851
44 944
37 973
17 76
18 83
14 1782
24 611
15 204
33 2520
35 678
8 964
43 865
14 2375
34 2962
39 1123
8 2745
32 2088
26 1354
1 32
38 1701
39 2176
8 2133
24 368
24 2272
46 2823
47 1534
1 1845
46 392
38 2280
9 438
24 72
37 529
25 2086
46 433
11 1979
34 458
11 2402
29 1564
10 1923
45 1635
10 2869
25 1563
31 281
12 2628
9 1312
29 2301
34 2525
25 2708
40 1271
15 768
30 1620
26 1432
23 544
3 664
5 1262
2 1540
36 2118
14 2441
5 2682
9 1396
47 824
13 1050
32 2418
33 578
45 2667
22 2734
38 662
18 1603
45 2412
18 1775
44 1947
24 2257
29 232
43 1367
22 1198
1 2711
24 2291
26 1706
10 1725
16 1666
26 410
43 1896
11 2543
40 1199
42 221
42 2905
31 2601
6 2824
6 2327
16 462
42 991
39 2594
13 1898
29 1507
7 990
45 1382
12 675
3 2255
31 1762
26 129
3 1515
16 2865
45 2346
22 1888
29 299
35 1474
15 966
34 2758
33 2150
33 1783
8 307
6 2615
14 2709
6 1832
19 418
35 1597
41 1308
12 901
27 2609
35 2962
21 1370
13 771
45 1595
1 895
25 2258
42 2326
41 1151
27 2752
17 398
44 160
44 2327
18 1442
33 2964
21 1467
15 209
41 1406
26 526
2 2928
11 57
16 786
37 2256
27 1673
15 436
15 1035
44 1005
47 2424
47 2786
9 1664
36 1885
7 553
8 1253
23 15
25 1042
15 2928
7 2917
14 1670
40 108
40 448
35 343
33 2426
17 925
27 2907
22 191
12 1776
1 2798
28 2833
14 1124
4 943
45 488
2 2203
41 2903
18 1847
11 2328
12 1431
32 2681
33 1265
41 100
21 1014
37 2222
46 803
31 185
44 795
19 137
45 2496
39 2503
22 1356
8 1994
29 996
37 56
42 656
6 2351
38 2243
16 2031
21 541
23 1916
31 2701
18 1943
2 2918
10 2724
46 952
25 1302
23 1710
9 1978
4 2899
21 2894
30 1860
45 2641
1 1992
25 636
11 1977
34 1251
3 539
18 186
6 1643
40 1912
45 45
18 825
28 1886
7 1598
5 2867
46 1436
36 1073
12 2272
26 694
30 2142
39 1538
44 601
34 1688
5 936
39 113
35 459
1 2105
30 954
24 1688
19 1287
1 214
17 2554
34 1721
16 1200
17 1944
44 2556
8 1523
38 1852
17 1678
15 144
37 1056
46 2192
33 581
12 775
1 1431
20 763
41 793
1 2249
31 270
2 8
13 1487
41 2188
25 1126
5 984
37 1964
39 585
19 1474
12 1000
34 1365
36 2796
37 2849
12 2344
43 2369
12 1668
12 1870
34 2314
4 572
14 447
39 2584
24 809
34 545
11 769
17 1236
39 1178
3 2766
10 404
2 687
35 1096
27 586
32 2948
27 2719
32 773
29 275
9 583
44 1834
46 2478
32 2996
3 2179
21 1067
23 1939
16 2448
41 270
34 2871
36 1501
44 1164
19 2548
14 1375
7 1502
31 833
10 1556
2 1898
1 1938
31 647
14 576
44 2157
17 2424
35 2405
26 1885
19 951
19 352
20 1112
11 709
4 1287
45 2066
41 1156
43 2913
33 1389
14 1720
34 862
47 2265
40 1347
32 2377
25 2232
7 1177
18 867
29 1932
1 631
29 1883
18 501
7 1128
8 2433
5 1171
31 2455
16 1520
17 1837
23 2751
36 485
39 77
40 158
27 434
44 907
8 1559
32 276
39 667
33 1276
8 1519
36 2818
1 853
15 1120
47 2715
34 1704
43 2703
4 241
8 266
42 2596
37 126
16 2458
18 1869
2 1157
12 1004
28 4
44 1664
25 2221
10 1420
2 2702
29 2381
10 1017
20 2237
34 420
13 1939
2 333
36 2871
22 2253
36 1720
45 1851
1 1142
31 1271
16 1949
30 725
17 974
43 411
2 1976
30 2556
2 656
42 709
43 999
11 2608
25 2255
17 2525
39 2588
18 399
21 2554
38 2713
39 256
44 534
11 1362
11 1152
30 583
45 1829
32 1628
40 18
16 1447
21 2541
26 225
41 1884
24 2378
1 2413
17 2737
20 1096
2 24
41 1134
40 1939
2 2793
11 287
20 955
31 1225
37 2472
46 2222
35 2697
13 203
41 2895
24 2576
29 376
1 258
18 2542
14 2991
27 2751
19 478
17 2088
20 140
7 1551
32 1499
4 1033
39 1759
41 1301
2 2422
8 275
5 2812
23 1499
44 2184
17 2132
21 1370
43 914
30 2235
34 2723
30 1593
3 721
5 458
28 2097
24 1717
12 1187
28 502
17 181
11 1935
34 2970
47 2041
9 2337
26 994
35 2606
21 2173
4 1758
27 847
13 2471
39 2670
19 976
30 344
14 2341
8 2343
5 2097
39 813
13 1886
12 1110
28 1285
39 42
26 2430
7 686
14 2793
24 2334
38 1841
39 1015
39 960
43 362
41 2680
41 2930
24 2966
30 548
25 1487
3 1052
15 1728
23 2024
24 626
23 296
10 422
15 1191
41 1230
24 1999
5 163
33 37
29 368
26 865
32 2177
18 161
3 2126
43 2078
40 30
25 1008
23 2424
6 346
37 312
36 1008
43 348
1 1803
13 1217
22 292
30 1440
22 2763
27 2300
3 219
33 2715
21 300
26 2522
31 661
34 2363
33 1329
20 1308
25 1203
39 1274
25 1316
32 1951
44 1691
42 295
5 1853
4 1484
33 1323
35 1659
31 1058
16 1551
27 2928
27 414
37 1414
9 2700
24 2852
41 1854
8 2181
40 667
10 1478
1 474
5 2061
33 1512
23 2419
27 1112
30 2880
8 1414
30 2723
44 2813
33 2419
37 1619
26 873
44 2884
41 2459
31 1466
17 2186
37 6
12 2712
39 976
27 2388
36 2108
36 1160
37 2062
8 2644
34 764
45 2386
11 940
26 851
8 68
14 1494
21 2507
2 18
9 1463
45 1338
46 2392
27 921
20 2284
27 2031
8 938
4 175
5 2721
28 2320
26 2043
7 825
34 1123
34 1892
4 918
25 2268
28 2814
12 603
6 697
21 991
22 2539
1 2231
32 2012
27 1745
10 1937
5 69
38 1763
1 2816
3 861
40 290
4 295
41 194
39 1978
15 2466
35 261
28 1728
44 1647
39 2366
23 2132
21 444
30 1295
47 124
29 1244
19 1403
13 1838
6 2783
35 1467
35 2784
32 718
20 532
35 1974
1 2219
35 1956
2 2022
17 1354
13 2037
22 127
23 1638
42 394
9 2862
45 1015
16 371
31 508
5 2368
19 2940
12 637
30 1273
1 2484
5 1980
40 1472
23 1758
17 2069
13 1106
43 1428
8 1311
22 2466
40 819
22 2847
36 2054
34 1238
27 1676
38 2205
5 47
3 980
17 52
46 1168
23 1963
12 2914
21 2135
11 1323
25 433
27 2328
8 216
31 178
11 2430
37 2117
19 1573
38 1483
17 533
34 1512
46 940
41 311
38 1258
25 1770
1 1712
34 1658
19 1004
3 2940
42 1059
28 2139
27 2291
38 787
26 982
27 1345
7 1920
21 1264
40 2762
29 1919
20 150
30 260
44 1359
40 1143
11 2807
21 1821
19 2732
5 2269
12 1939
45 1632
16 1249
32 198
40 1249
44 2880
32 2404
13 1525
31 1971
42 1159
18 1887
1 637
23 1120
33 614
31 240
2 2078
22 1580
39 1747
17 568
36 1499
44 992
37 67
37 13
20 1752
13 194
40 1166
33 2319
9 2038
39 1072
8 58
27 2008
4 1702
12 2664
15 681
14 674
15 1532
26 2303
43 2458
8 1432
10 1015
37 1062
43 2179
40 2449
32 217
29 239
13 552
36 450
14 2271
34 2969
18 460
23 643
21 1058
10 559
32 1867
20 1249
6 2631
23 2514
34 365
3 27
31 2852
45 1881
2 1259
37 1270
1 271
20 1308
39 287
46 2738
23 711
38 960
30 273
35 1510
10 1899
24 488
5 1489
30 1331
16 790
24 917
19 219
44 677
3 1710
28 1063
18 1940
40 2249
46 2826
12 407
2 264
13 2068
42 2228
8 1312
31 2283
25 1733
16 2759
19 1141
18 688
30 511
39 2599
33 410
37 2490
17 159
47 996
36 1803
19 2166
22 267
19 2822
18 255
24 1134
15 1255
20 2252
40 2734
41 2849
7 473
8 1874
6 2789
19 2803
9 2870
26 1418
44 575
34 1950
21 1764
37 1153
47 2657
14 2394
33 824
43 1278
21 990
30 2585
8 2867
19 1584
28 882
2 112
9 2713
42 2387
9 2683
26 1316
34 1017
7 1803
46 2123
38 1238
40 1455
37 1572
13 2799
9 1796
2 740
32 1112
33 680
5 2295
34 1152
2 485
5 2382
43 2516
18 2148
6 2343
37 1183
39 2505
41 1141
22 2859
27 2968
2 114
47 2817
41 1034
44 2271
20 982
46 2661
18 1822
23 805
45 2523
20 1716
31 2857
37 1671
34 2697
5 974
6 2864
32 2705
7 452
6 476
22 1863
30 2300
23 2874
1 1578
24 1968
36 2441
18 2002
4 1718
27 2207
31 1327
43 1219
37 962
6 907
33 2748
33 1528
18 2574
45 1685
46 1139
11 2743
25 2782
17 1790
18 1841
15 1999
10 2609
33 2263
22 588
18 1872
4 94
10 1659
20 1904
36 1004
3 2915
3 3
19 980
24 856
37 910
11 959
44 2021
31 2042
29 1430
41 2929
26 359
47 2080
24 2398
4 958
29 2449
38 1358
46 352
40 1199
39 1564
25 1384
47 1488
12 1369
22 1052
12 1568
17 218
21 384
9 2750
22 475
7 1378
33 1239
9 1796
38 1253
12 2423
21 553
25 335
38 1075
45 2487
38 1038
4 2963
42 1051
11 2519
5 2902
32 1396
32 1631
4 2588
29 97
42 1527
18 1069
16 2766
44 392
19 2443
28 2980
41 1251
27 70
17 2052
20 1364
35 2449
3 1154
44 652
44 1403
11 2040
14 606
26 2278
33 691
3 2588
37 514
18 1885
12 965
17 2005
45 2158
30 1037
2 2758
21 2419
10 874
1 74
39 1352
47 1153
28 1177
9 1108
24 704
47 656
33 475
12 1835
22 2840
10 2060
26 429
20 2390
21 1647
23 774
8 2755
30 1058
20 2686
27 1177
14 2705
34 2863
22 2380
43 354
19 2010
15 217
27 2798
5 467
11 1442
10 1621
17 1561
26 1513
2 2217
42 2441
43 2925
22 2377
21 1541
12 1347
20 2186
37 1558
40 2064
20 2925
34 925
21 78
17 961
39 1993
42 2473
36 1121
40 205
39 15
41 42
16 14
27 1003
7 1161
34 1746
19 2253
47 2250
11 5
1 2260
33 314
16 504
32 789
19 1600
6 1855
40 1413
24 760
29 2258
28 1026
21 2177
3 2649
37 2520
1 1193
37 1903
24 2105
27 1788
5 2438
45 2009
9 1782
41 569
38 2232
9 1244
19 894
43 12
31 2175
38 1737
42 1847
6 2441
47 2279
39 1029
25 2365
32 2177
17 485
11 2804
19 814
8 1085
26 1167
42 2224
15 2208
33 365
12 2046
43 118
42 346
30 1414
24 1158
43 2797
34 2866
34 1484
39 483
20 2061
4 2448
35 1475
44 998
3 744
17 219
8 1824
21 2783
17 1706
1 2520
38 673
26 1453
40 2484
11 2948
46 2061
11 263
18 2740
2 1027
9 2219
47 515
33 1222
30 16
25 2139
42 2644
43 23
6 1116
6 1001
3 1787
18 2407
12 1351
1 591
10 2076
5 772
15 2292
13 2030
16 1183
38 468
24 1253
30 501
24 2745
15 923
34 1984
33 1176
8 7
36 341
39 2354
3 904
41 1460
37 1114
37 575
33 2615
10 2017
42 1481
40 1669
11 1739
47 1652
39 2325
16 155
22 1338
8 2841
46 1033
12 2331
39 1918
13 1338
27 1749
6 556
43 2206
14 178
28 162
42 2895
21 248
42 2268
8 1031
1 380
2 2383
5 1965
37 1108
37 1123
34 1214
32 1667
19 1890
10 2211
8 1494
32 1754
47 319
19 2300
18 1835
27 527
47 932
42 641
15 2666
6 915
17 905
39 1274
20 1992
33 2325
27 1638
7 2905
29 483
28 2776
5 471
36 648
36 260
14 1042
24 736
34 139
45 425
40 1076
44 898
6 1911
6 2567
29 890
37 1036
17 2676
34 1213
11 336
15 2938
5 1852
5 1580
10 1612
16 2893
22 45
22 1258
9 2128
5 544
17 2126
34 1531
19 844
24 1558
2 2405
12 1846
18 375
7 517
1 1678
41 2488
17 2139
23 876
34 1375
25 430
41 1850
6 108
7 988
33 1609
7 1047
45 1513
47 695
23 2431
1 316
10 2254
41 769
45 776
25 178
15 1058
39 2057
36 1397
20 2760
40 1937
3 651
36 509
34 868
8 2704
15 2828
46 97
25 1915
35 2788
37 196
6 843
44 920
24 1603
27 254
5 254
34 2562
5 2764
1 863
36 538
4 397
21 1039
6 593
16 933
21 245
36 2240
30 90
12 18
15 2025
18 219
38 2734
44 359
13 1187
5 1825
32 1905
33 2307
10 607
39 647
27 1548
23 1003
4 119
36 1613
25 52
46 2068
15 521
21 287
7 330
17 986
32 1112
9 2006
18 1247
3 2100
47 274
18 910
22 1080
21 2086
44 2627
28 1910
31 1961
11 1969
28 2384
8 1730
47 593
25 2330
16 739
4 1996
30 2610
28 2849
41 2861
43 354
5 1024
31 331
41 1738
37 1223
15 303
7 2438
19 913
23 1775
46 29
15 1096
26 1077
47 849
25 1331
17 1705
24 1663
28 1645
35 2047
36 2865
28 695
45 945
34 282
32 2704
2 689
23 581
32 534
26 1592
19 1615
41 1274
5 270
9 2698
41 1135
23 1825
5 1823
3 343
34 2908
24 1955
2 2575
45 2253
32 1997
3 2927
16 294
27 258
38 2764
22 2763
22 287
37 2910
7 2530
9 739
27 1448
42 2072
22 867
6 2639
12 85
31 1433
31 1513
32 23
28 674
20 2513
45 1535
19 2369
10 1239
18 2715
6 1802
25 1129
11 1210
16 1836
40 641
27 562
37 2828
29 1038
42 2616
35 67
38 118
27 706
26 1860
8 1798
27 2367
30 647
21 2339
30 1565
46 2364
41 492
5 762
16 1683
28 528
47 235
20 1270
35 1666
8 1553
25 884
38 257
17 1568
33 1972
42 2733
16 620
30 2493
44 2081
35 528
2 706
10 1747
34 1205
9 586
42 1317
40 474
36 422
14 2960
35 2228
45 465
13 1961
29 73
37 1990
47 1427
3 671
39 2221
39 2678
19 2499
4 943
20 1685
34 1681
24 140
34 1338
28 1383
38 38
22 2251
26 397
8 1705
28 2532
45 2880
33 2662
21 1431
22 1180
32 1236
5 1888
15 2650
9 2281
38 77
13 2735
44 805
26 2888
18 2562
1 2679
24 1673
47 938
25 2315
17 2449
31 2190
36 1993
38 2790
4 2815
19 2865
42 2509
2 1718
32 1972
6 1014
25 2757
1 38
16 1251
13 1306
6 2221
8 2978
36 588
14 2299
28 1645
5 967
10 986
5 1182
37 1344
14 1104
8 840
43 2105
38 886
8 427
32 2527
33 893
15 2040
9 1102
23 1084
38 373
46 796
39 2438
10 2164
25 206
15 2617
16 967
15 623
3 1982
16 2928
6 1870
24 2939
27 2543
38 2656
6 963
31 1278
37 29
16 1849
26 658
22 737
47 1451
37 73
7 275
14 2663
35 2017
16 779
24 12
10 758
2 1103
36 2618
21 1090
2 1809
11 519
6 1763
23 2110
6 164
34 1722
32 1236
47 2226
38 689
5 1191
24 2445
18 536
24 151
2 922
18 40
44 2317
22 2961
33 1195
42 1846
33 982
17 2069
27 2756
4 590
16 1306
5 1653
42 1083
27 2064
13 1084
28 2149
39 656
45 909
2 2683
2 2598
11 2233
10 858
23 1242
18 807
17 147
8 104
31 400
32 2784
43 1756
26 2565
42 2079
7 2555
5 2993
40 2657
26 1902
17 1635
8 1240
4 1184
13 2600
13 1676
15 179
28 608
1 2078
40 20
32 114
16 1951
29 1804
25 2769
22 2645
15 2095
44 1342
24 1082
41 1682
19 1176
4 2855
45 1310
43 1660
45 1576
5 1841
1 2718
43 2182
2 123
25 863
1 876
15 2404
9 2467
13 2448
11 2617
45 1740
13 1684
22 1355
37 1698
7 377
15 1956
33 383
3 26
31 2477
15 2906
11 629
4 485
28 1858
27 169
18 2357
12 2436
42 113
9 2995
29 697
3 2944
41 1589
8 9
19 271
8 1059
18 982
5 2960
42 2785
4 1823
9 2408
18 556
29 341
40 2624
19 810
6 73
22 667
2 1946
31 2223
28 586
9 140
36 2832
24 1900
32 631
43 2620
43 1176
1 2258
35 2314
12 792
42 819
21 2251
39 1496
43 131
37 920
28 1362
2 232
31 2375
13 1758
37 1938
32 815
15 2323
32 1940
25 2928
26 1427
22 346
8 1172
43 2803
14 2673
13 215
18 2229
8 2652
20 2516
35 708
47 1003
36 276
35 307
15 1136
10 474
2 805
42 2282
16 2420
11 2198
2 81
6 872
46 378
21 2054
40 857
28 262
2 5
30 2919
14 1545
10 687
34 2100
24 2855
16 2249
18 125
26 1383
47 2977
17 2443
11 1635
14 945
3 1154
5 713
17 2870
31 245
33 2236
36 971
27 1702
31 525
4 46
1 689
15 1217
12 2846
31 1434
15 1944
2 92
35 2885
20 444
33 47
39 903
27 869
39 2889
24 1541
15 2563
30 945
45 1194
6 164
16 970
13 2069
44 1857
15 1166
2 1260
25 1322
16 1919
23 1210
17 782
34 465
26 1232
22 737
28 240
26 2259
16 1662
16 2300
31 2398
18 1042
39 342
28 1200
20 353
28 76
16 2586
34 2095
16 1069
29 2788
33 2653
23 2002
10 930
24 1238
21 2258
25 2829
32 1698
28 192
2 1129
26 1718
40 1601
23 2093
20 816
10 1245
14 322
22 234
22 1311
3 947
37 2851
38 1666
18 790
31 957
31 2928
8 2400
15 1735
15 2324
29 795
19 2545
34 1998
5 27
16 451
39 708
42 1936
23 2879
15 351
27 697
17 1558
17 1606
29 817
10 2842
15 785
23 2965
5 1751
6 686
30 1292
32 2269
6 1561
4 2478
46 771
32 1196
6 1709
1 2685
6 2117
41 1778
21 622
35 2278
22 1517
25 2827
10 2582
10 2068
14 1742
23 1158
12 2846
11 1787
36 2279
45 946
1 2855
35 782
11 775
15 2533
28 762
10 1839
13 598
46 2231
11 503
29 2054
4 78
17 1484
11 2341
36 863
5 2518
35 2182
37 359
16 1373
44 978
13 920
43 1320
29 2956
17 2868
21 1674
8 1856
32 903
47 1280
23 2121
19 1311
34 697
10 2056
32 2184
33 1836
24 107
1 1423
22 135
47 1668
26 1401
3 676
2 93
45 1228
36 1534
30 861
39 2323
35 2447
44 2853
47 1304
9 2014
47 1201
31 1855
19 2308
43 2923
41 724
1 336
20 147
6 2563
11 2281
30 1918
20 387
38 1375
39 597
46 1340
1 422
19 1606
2 102
45 557
36 1900
23 2726
2 1765
7 2248
43 1496
43 2883
36 2247
18 342
5 1952
44 183
36 852
33 2169
18 849
11 137
33 1553
44 2967
44 2402
36 1255
47 107
33 1394
40 306
45 2428
39 268
20 80
20 108
10 139
43 1647
26 2756
31 2
13 2337
36 2612
39 347
12 607
37 1921
35 449
41 384
45 716
34 1647
1 1776
36 542
15 2205
14 1036
16 35
46 777
3 2810
9 2603
12 1097
4 883
19 2376
21 2205
34 257
27 1301
47 1134
30 1751
12 2595
40 532
40 991
7 2430
7 2814
4 856
21 2092
25 2538
3 482
36 675
6 204
16 342
21 2476
21 2552
12 851
7 2143
29 2694
26 300
20 1115
21 351
18 381
6 1836
3 1265
18 1441
22 527
45 2481
12 529
38 1010
5 1367
3 2671
46 1337
27 2914
14 704
10 2937
17 1867
35 115
36 217
8 2332
40 2535
46 1032
37 1124
34 2981
44 2700
39 2062
4 2276
34 2872
36 1405
46 1575
17 798
32 2265
6 2003
17 1183
4 65
19 2303
41 41
34 1725
18 1263
25 2470
5 2103
41 2019
18 930
29 2531
47 2526
42 2291
29 983
31 339
43 2520
10 1228
43 577
14 1061
46 857
45 209
1 1698
13 751
19 2349
44 1407
18 1425
45 557
25 1433
14 474
18 2473
21 444
13 182
6 2296
2 1687
27 2106
47 28
28 2485
16 2556
8 2279
11 874
29 1479
39 2002
20 1766
42 1050
34 865
28 2406
2 2350
42 2374
23 1278
14 2200
5 104
30 131
5 5
16 794
18 248
30 1895
11 488
16 1383
31 2981
16 2337
12 632
24 417
20 1147
38 843
4 1471
40 526
2 2714
38 1001
40 1050
6 708
29 971
19 2293
41 999
39 964
24 923
15 1552
9 2896
29 2489
34 809
15 1615
22 1512
45 2949
41 2022
29 1557
14 2053
14 2193
16 1057
28 2747
32 696
27 151
25 842
21 2246
38 1422
21 2379
20 1884
41 2686
32 894
22 1512
8 819
25 2537
39 1901
28 2496
27 1181
27 496
31 1051
19 281
18 2610
26 1838
33 1640
1 1002
3 2824
25 2809
45 310
10 519
19 883
46 1119
1 1513
29 2776
13 458
33 1143
23 2791
6 2173
19 2335
7 1628
1 876
12 565
40 897
9 669
42 2020
32 2755
38 360
45 2765
45 979
8 2348
33 1117
38 1552
7 668
45 1902
33 1109
18 33
31 2492
30 1862
23 2440
1 287
17 947
32 1469
12 1911
22 2645
20 1219
8 422
8 2258
20 1181
12 1271
2 2411
24 2825
40 1319
10 526
34 1458
12 1315
24 722
27 299
8 2782
38 1969
43 2713
9 365
28 2248
23 389
35 911
20 2423
28 1621
30 2858
39 417
1 789
16 1477
26 1722
34 2937
37 2684
36 777
22 447
14 2010
3 995
37 1764
39 2164
29 1673
27 2486
22 889
8 1796
15 1629
39 1567
11 1939
11 618
15 1838
21 740
47 109
41 734
45 130
36 2143
37 984
27 123
19 1293
11 764
40 227
17 2797
27 1206
10 1255
47 1361
22 2032
5 453
43 2641
47 874
37 367
35 2723
39 1259
29 2352
34 201
21 1110
41 1370
41 2993
4 2721
47 834
4 679
15 594
1 2668
2 2377
36 1028
4 2922
2 880
17 289
9 2468
22 1957
34 2465
31 1906
5 2877
22 1115
4 279
22 11
46 552
15 217
29 2881
40 342
21 1678
27 2482
34 476
37 2441
17 1931
15 2861
45 1211
30 1163
32 1266
5 2169
24 299
11 423
37 1281
32 86
31 1983
33 1621
26 2974
20 2538
28 854
19 1388
40 662
24 160
15 843
31 2400
18 333
35 366
44 125
24 1241
45 310
4 493
27 1069
6 2218
17 1851
22 2348
13 2228
2 496
10 471
16 1728
22 1834
20 607
47 1933
28 1629
37 965
1 183
34 1979
11 2205
28 2420
10 982
47 200
15 1677
41 1789
15 2016
32 106
7 1436
31 1337
45 2179
33 1794
4 507
2 2350
33 1077
4 709
38 2907
29 2215
25 739
14 1994
35 1604
25 762
12 800
17 73
23 520
45 1812
41 430
28 582
24 2681
40 2373
35 197
4 1586
34 1260
22 2031
47 786
9 2629
10 1297
16 2433
1 2250
5 2042
1 538
10 1123
34 1054
43 759
24 2329
23 1198
21 503
31 180
24 1059
21 414
38 2547
46 1261
11 198
42 2130
25 178
37 1325
40 1952
28 2617
47 2018
12 784
36 1665
17 2461
34 2804
9 353
44 2123
25 477
44 1256
16 2089
16 774
21 2751
8 2537
19 947
12 1018
22 2215
25 2412
36 1453
37 794
8 447
42 665
29 2449
41 1389
24 1036
26 2321
20 199
14 2805
35 1267
25 2815
29 496
40 2280
39 2314
21 1175
41 2868
21 2134
44 2394
21 1603
31 192
36 2656
6 1587
26 1563
25 1318
37 2426
22 1044
40 1501
18 998
19 1134
38 2333
1 693
27 2258
38 1781
31 1154
20 1366
15 2719
3 1542
18 162
33 410
47 280
40 2893
20 1042
41 1704
43 1305
10 2087
31 2334
45 1445
12 2905
32 2743
14 1165
42 915
9 2345
12 1708
17 237
7 1198
13 219
9 1328
38 1270
28 2165
40 878
7 19
17 1308
13 1357
8 1938
3 1606
18 1862
14 2185
39 152
3 1440
30 2413
20 2553
10 598
23 1108
43 1069
4 1942
32 1842
3 1453
5 1855
16 650
36 2801
38 858
20 871
19 1030
46 214
3 1372
44 586
40 1606
20 2798
27 2677
41 1676
47 1637
46 855
32 2934
25 648
22 733
42 1172
44 551
27 2867
27 2497
19 2124
18 2607
44 1063
13 1344
13 897
27 1248
35 37
45 2504
31 570
9 954
32 2003
12 404
4 2412
14 919
12 692
20 2969
19 1402
11 2504
3 2654
40 1133
37 504
34 2511
30 502
21 1238
27 1697
26 569
18 2191
36 1412
1 2085
30 2380
39 2617
35 1232
15 544
12 2749
15 307
43 2564
46 2028
29 2347
18 1020
44 1059
27 848
5 272
32 1651
16 82
34 2388
15 1081
15 2900
26 145
34 2733
14 1366
3 136
39 2651
33 2499
17 2813
5 2056
14 1778
24 1954
27 577
10 594
4 2120
4 2769
14 1110
22 99
42 938
25 2242
35 1761
12 2317
21 335
23 2041
15 1703
2 1250
33 601
43 508
44 2298
9 2329
27 2011
36 2342
33 2794
33 226
46 1108
40 1784
9 854
1 1565
26 1031
33 1505
8 1745
1 2567
2 2918
13 1531
43 434
19 1033
24 185
26 975
10 212
29 1641
2 343
30 526
10 1316
20 1034
23 2300
9 121
20 1016
34 1464
34 598
30 618
32 2278
18 1284
25 1283
25 2585
2 868
22 1192
33 901
8 2945
20 2672
20 737
30 2987
47 2516
28 1489
28 1403
3 1147
20 2170
25 546
5 1265
20 1712
43 1405
39 1924
46 1478
24 2507
6 2927
33 9
31 214
14 2197
27 722
28 898
6 2181
10 1019
18 1557
40 2229
30 1261
36 802
36 1697
3 1940
13 1801
6 2554
37 2063
10 1062
35 535
29 575
36 2554
21 581
30 834
42 2624
25 665
10 2904
43 1488
34 804
36 1792
3 267
22 2182
8 2143
4 2928
44 1349
16 2485
15 2086
43 660
14 1805
27 205
21 2461
27 2626
34 1577
26 2021
42 1114
22 1050
12 715
44 1758
42 2215
43 2138
31 2736
37 2778
22 2171
27 483
11 1566
12 2577
4 1850
4 899
39 1473
7 612
34 2631
36 2794
38 1014
34 1206
6 1519
13 1929
4 1554
38 262
34 2780
41 1749
8 944
47 242
14 231
37 2112
41 2024
23 2026
44 678
23 1729
12 2460
44 2526
14 2143
18 2251
8 406
36 2377
1 1567
42 2329
24 1289
27 2485
2 2721
38 1651
12 698
43 2821
15 438
34 2273
17 1310
7 1693
19 1789
41 2378
1 2113
32 2110
6 2528
13 1041
18 615
9 2235
39 43
34 2720
18 390
24 330
2 1999
20 1013
2 45
27 1882
44 1171
44 2748
18 1723
42 454
37 848
32 2049
36 2318
1 1131
41 2863
46 986
4 1825
26 2363
19 2614
33 1848
42 938
41 926
4 1983
30 2530
8 1684
26 946
27 1537
38 2561
4 2766
15 2931
11 1612
35 2399
24 1320
5 1473
43 2762
2 1166
35 866
14 338
31 281
8 858
38 2014
8 1073
20 2475
23 1731
21 1863
6 1513
20 2578
24 2607
31 1184
30 2677
19 1487
9 102
46 2565
6 1441
40 1638
38 2396
44 2086
38 993
20 2278
10 2146
7 2940
11 1384
44 1167
36 1363
13 568
6 1740
43 2595
37 649
14 1456
46 1808
41 959
13 1603
7 2391
24 737
47 2511
12 2767
42 2999
23 274
18 2360
34 1630
7 1196
17 1081
24 1478
14 2037
2 2448
39 185
45 2345
23 1972
27 2224
32 551
1 2383
41 2764
7 970
42 726
29 2290
14 212
37 659
41 1750
7 1721
25 2202
32 2272
8 2899
31 399
10 2685
37 1985
28 1926
19 2530
23 765
7 423
36 1587
43 2922
8 2860
10 2398
42 137
37 2750
6 2978
24 2419
37 1602
42 192
30 808
39 1247
44 1680
11 594
21 2983
38 826
31 212
31 1668
16 50
13 1467
21 182
6 2743
15 2442
41 1871
31 1258
43 2746
37 1256
40 1691
23 2443
41 1148
19 2099
46 241
10 1012
42 2254
44 1708
38 23
40 718
21 1641
36 2858
28 429
39 2017
32 1684
34 114
46 2944
27 2347
41 2972
42 1504
44 2878
13 2637
44 1224
5 358
47 800
13 2659
18 2246
15 765
37 1393
5 2238
39 1882
32 2933
30 852
26 2960
47 2820
34 639
14 1857
16 2076
12 490
18 2995
3 2834
27 1256
21 2520
22 794
40 1546
35 650
40 1402
29 2519
39 1176
14 105
5 2048
42 235
19 1508
10 2194
12 719
25 742
33 1954
3 2336
46 1229
46 175
35 489
45 452
19 2974
3 1737
25 2223
44 66
5 2989
34 1845
11 1085
25 343
5 1528
1 2778
47 2059
12 2825
17 804
8 220
15 114
31 1212
3 1724
14 1823
7 620
32 2226
2 386
26 1485
45 250
9 1618
16 873
26 1723
46 1018
20 852
2 1195
43 1426
1 888
26 1460
5 876
23 511
20 2944
3 2625
40 2230
26 569
14 2776
39 2102
27 814
21 2137
4 347
29 1770
13 349
1 1152
47 1191
19 1692
15 2131
46 715
32 2187
10 1028
4 546
38 1595
9 1808
32 2432
28 295
7 755
32 2029
14 2735
20 1237
24 1206
42 2009
45 1858
15 2678
5 1303
40 2369
14 986
4 2437
4 1190
21 2419
38 2216
20 2480
9 808
12 2673
4 1780
26 1098
6 1863
14 2834
33 2894
9 1878
39 165
40 2300
21 1865
42 80
43 418
45 266
34 474
19 1754
38 2855
14 237
6 2686
22 230
14 194
14 857
42 2905
45 2292
21 1317
38 2725
33 1720
34 490
15 2722
16 1291
22 2203
43 2301
5 2634
11 2151
20 2880
33 543
14 712
10 199
16 1526
14 1393
39 2932
31 1518
14 2759
22 40
26 2728
21 251
23 513
20 1638
7 62
40 1492
36 2783
24 972
26 1578
29 995
17 2063
36 2648
25 1236
7 1693
41 2760
13 2043
44 1347
36 1054
5 2345
33 423
14 2421
37 194
33 293
38 68
32 1282
31 692
15 560
12 2595
2 2700
39 1687
9 790
16 314
4 162
10 760
18 2108
45 2523
32 2970
14 313
22 710
47 909
47 707
31 1941
8 2836
15 1402
38 2911
19 563
44 688
8 1460
30 523
2 143
21 1844
5 1063
27 51
13 199
38 2036
14 101
14 227
5 2819
38 2727
21 925
26 1094
38 454
18 1318
31 1259
23 338
4 2625
47 2597
17 13
21 934
45 2641
6 787
30 708
4 1652
14 262
20 983
39 1166
28 1115
17 2749
37 1241
1 2015
22 2717
43 1651
44 109
20 2833
38 164
44 589
3 140
44 492
15 618
16 20
44 2140
34 2101
1 2114
45 927
20 1744
41 2372
31 2514
32 560
6 754
41 1013
27 1050
4 1362
30 2762
17 1726
12 2841
21 655
34 1133
3 1432
14 2306
35 1536
25 710
18 1636
24 2757
8 1313
42 1871
21 2396
30 1327
5 453
19 368
14 819
12 1697
29 2442
15 1075
25 2441
23 177
43 623
42 2178
45 1519
14 2835
4 2998
47 1627
29 1617
11 610
7 2105
3 1476
31 1180
1 498
26 138
33 829
37 1397
27 2236
17 1580
42 2669
47 1230
10 2782
42 2160
2 1178
7 2863
10 698
20 948
2 864
27 2889
10 2747
8 1321
30 2893
9 2408
27 1945
7 1003
25 2582
13 669
17 1322
39 63
8 1288
2 232
39 1252
41 424
11 97
46 1289
8 1914
27 2384
29 794
46 2532
21 1440
16 2985
3 2817
43 148
11 488
19 2852
18 2583
26 2562
17 368
6 234
24 1946
26 1945
33 2020
46 2000
5 128
41 400
35 1839
47 63
45 2733
32 2375
17 69
16 1112
39 749
16 292
2 876
3 1495
13 2034
38 754
33 1578
41 308
41 1587
41 1241
30 2229
3 2144
45 2348
37 2562
46 1383
28 175
43 836
4 447
16 2002
45 2057
5 95
24 1342
20 1026
47 2623
44 1663
30 1465
14 2276
20 543
41 790
25 2227
7 2027
34 2772
13 312
22 1379
1 2094
39 1189
16 1288
5 1327
26 1152
38 357
43 874
24 1166
3 1526
6 2297
3 1833
22 2445
18 1904
26 2080
24 98
9 113
23 2906
31 295
4 2492
43 2087
17 1790
1 1041
35 2936
23 351
6 951
34 2401
27 2670
8 1659
24 1606
14 675
8 1425
23 1174
45 1573
41 314
30 1540
30 449
41 133
26 1095
5 2936
13 592
11 2488
12 806
35 2368
14 2939
9 1439
13 2130
9 2095
34 2422
14 2386
25 2431
15 1634
21 303
25 1797
14 2208
38 314
11 2883
38 706
23 1005
36 2037
28 72
8 959
35 1566
40 1919
15 2069
38 144
27 2750
28 541
7 580
19 650
5 256
3 1368
44 2272
26 1058
36 1382
10 9
24 1046
6 1842
36 805
29 2382
38 1013
15 2232
6 2376
34 966
23 668
36 1198
18 544
47 1847
21 772
22 2431
36 483
42 2990
22 2955
29 1880
44 325
26 595
46 2120
9 608
2 896
10 1496
2 2757
38 550
34 424
31 2443
13 1123
18 940
38 2874
1 1868
6 1697
36 2675
17 2100
14 2209
23 2844
2 1210
15 2417
7 1817
2 2551
1 651
3 1340
23 1454
1 2083
17 1952
41 395
28 1316
32 1098
25 1198
26 1943
29 1954
2 2852
9 1561
31 855
28 1297
23 1963
18 1028
28 1850
46 2759
5 2073
32 1747
5 2892
30 2239
19 2263
12 2817
36 2195
22 104
20 1570
33 1653
21 2178
6 145
24 2863
12 2369
22 1138
34 2231
16 2055
44 2809
35 1487
45 1970
32 1197
43 2911
11 1328
4 2611
16 1016
43 1844
25 214
32 2384
25 1571
22 1134
15 1152
37 200
32 1438
23 2576
28 2329
42 997
42 2866
22 2036
19 386
29 1349
2 2301
20 1663
40 2062
10 2192
31 1205
13 2640
16 1763
8 2271
14 1722
35 404
34 322
10 1878
20 1247
41 1057
28 2223
28 2212
29 2641
22 1442
20 1093
45 2772
4 2669
46 262
35 1390
19 2942
21 1805
12 748
33 1119
24 2212
8 2120
37 2587
1 1214
12 2541
1 2044
42 2622
6 2919
13 2390
29 2105
45 1821
10 407
38 2937
8 2564
29 196
37 2690
4 722
10 704
17 1067
28 1023
14 71
27 1150
41 1484
10 1763
5 1381
29 2401
34 2587
20 169
15 567
32 1226
22 1885
28 2876
33 812
3 2531
36 777
36 2420
35 1364
45 533
1 238
15 1801
42 2803
6 1630
2 1809
41 1367
35 1054
31 1621
26 1692
40 881
31 2867
5 672
41 1464
2 2761
36 706
17 2672
33 2821
43 2364
30 2265
13 564
16 760
31 981
44 1569
26 2218
14 2876
37 2543
5 2511
19 869
17 2653
6 1079
26 88
33 787
28 2422
47 648
9 263
44 2240
2 1746
22 2898
35 1029
36 2273
46 1475
21 1450
40 1977
43 2854
8 2563
12 2352
20 2208
28 849
39 1244
34 1411
38 1771
29 1387
37 1444
21 2385
8 701
21 558
22 660
31 1182
22 180
38 2853
37 830
24 1485
8 701
47 2813
28 2625
4 2865
15 1150
23 580
11 341
44 2848
21 708
3 1700
45 2182
6 1552
19 2305
27 774
12 2355
4 1375
6 520
43 969
33 956
32 1461
20 2348
2 192
24 1678
13 1289
14 725
4 2609
7 1350
27 1171
11 2146
11 32
10 2552
8 2070
33 2459
21 406
22 2034
30 2370
36 171
12 2287
26 1677
30 1411
2 2692
4 2131
34 2468
29 2691
1 1593
25 1125
3 1987
46 314
28 718
24 1510
28 1031
2 688
46 2367
5 2003
19 1894
19 1010
42 2478
25 738
10 8
7 176
10 950
24 537
17 2475
31 928
30 404
4 2987
22 775
33 2676
24 435
45 1497
32 339
9 1957
1 1334
3 1283
36 1307
32 2190
15 1696
1 1860
44 1681
21 209
10 1876
13 39
45 2672
13 2533
9 1571
24 577
40 472
23 700
16 1829
22 2975
46 673
20 1152
12 2346
42 1523
10 255
17 402
5 938
41 2931
36 291
13 118
35 1900
7 877
5 402
25 1170
33 1017
35 2847
33 2849
9 280
23 425
17 1184
33 2777
33 2772
14 2274
32 132
37 154
25 1467
19 1918
13 1368
24 918
14 686
35 825
39 1711
21 1148
29 1131
6 2294
39 180
43 2632
24 701
26 414
2 639
14 1779
29 423
42 2960
19 2615
30 680
46 502
33 34
17 2858
43 329
16 2863
43 1684
23 306
40 1086
15 2230
29 1324
24 1535
42 1294
42 2220
15 1206
42 402
4 2083
44 2498
32 999
21 618
31 1323
34 1348
24 2044
23 261
14 2494
11 363
36 1473
14 1335
38 2476
6 1020
35 2449
10 1860
40 1874
8 1998
40 2361
25 1655
37 1838
2 1751
3 1917
41 189
26 2130
2 830
37 122
21 2562
10 2736
30 1034
3 2107
9 170
31 959
24 2065
38 1914
37 1733
46 406
40 415
4 1594
35 840
9 2039
18 1837
46 188
7 2736
45 2915
40 1825
22 212
5 1970
44 861
25 603
41 1158
4 240
47 541
42 416
34 2057
33 2245
36 1539
11 2189
25 2004
1 2220
42 1921
31 2989
26 2355
47 433
12 192
27 1129
13 2758
10 736
4 2119
19 1454
29 2442
25 756
35 2545
31 2035
44 775
29 2377
7 2389
16 547
10 144
13 313
24 2565
1 25
34 1441
43 286
4 2617
45 2321
10 1503
40 2422
28 311
47 593
27 1820
13 2409
33 1170
41 1115
30 539
8 2202
22 882
30 1428
13 2216
8 1921
31 1156
38 2996
38 109
1 2979
14 183
13 119
25 950
30 2492
28 632
18 2640
18 1916
34 294
11 484
41 61
6 96
18 1743
30 1806
43 2540
15 1972
20 122
41 2388
5 571
31 2082
21 829
43 1496
15 1701
13 2200
8 2086
36 2552
9 324
33 1189
6 2548
7 571
26 2778
21 720
13 262
19 1118
18 288
30 1280
7 713
29 1342
11 2447
34 2692
13 912
25 2908
37 1861
26 1203
7 2195
6 496
46 1490
30 761
30 2707
14 1144
22 767
19 2322
30 1102
26 2325
7 451
25 1743
31 828
47 60
36 2676
32 2032
41 914
27 2987
45 1478
43 2188
38 2251
37 751
38 2401
5 10
15 1507
13 1925
7 1574
38 1090
31 2093
1 1612
39 639
19 300
2 2953
42 1091
31 2825
31 412
26 666
41 2569
10 2000
45 1256
33 1428
36 293
4 1728
19 1406
38 2096
22 1771
39 183
14 450
12 2575
26 2432
20 2282
14 811
1 123
14 1844
39 15
4 516
12 1516
14 2491
4 2605
15 1343
14 2833
29 182
25 2881
9 967
40 1850
38 2707
44 1708
6 713
30 2568
35 704
13 1633
26 2318
33 347
10 1003
9 554
31 1480
18 281
23 1694
24 2866
17 2672
31 2631
43 1797
14 2276
41 1120
12 671
36 1849
46 2519
17 44
16 2074
36 1361
28 985
37 1641
29 581
34 2395
29 1556
6 2058
6 2084
42 2470
7 802
22 2404
4 118
47 2651
34 2785
14 2759
43 758
46 1274
19 944
31 889
47 2952
4 172
27 1498
23 2719
18 42
46 1161
47 2352
25 1385
40 2998
29 1558
29 2739
21 347
17 767
9 418
15 2651
45 636
43 264
4 411
23 1812
45 247
15 1327
38 277
45 1858
19 591
24 2404
38 1963
11 1586
37 758
43 2439
36 1945
44 1880
47 1020
20 1192
18 2458
13 2796
29 269
9 2055
20 1477
28 2799
44 1377
33 1154
29 466
41 2963
16 1119
14 2597
16 1917
28 2863
28 2900
45 1473
33 1668
8 1839
5 1370
42 2481
25 2948
31 1904
8 1140
3 1668
4 1704
8 768
38 1298
31 446
40 2227
4 781
27 2270
38 1964
43 1526
30 1213
7 1221
2 2514
23 2453
21 1110
25 856
38 1244
27 517
16 375
27 2035
32 2036
12 423
40 58
40 86
37 949
33 71
29 143
4 838
46 1486
9 2250
27 2070
2 947
47 864
42 1159
27 2913
42 751
19 978
6 1003
8 441
28 131
38 1943
3 2728
26 1382
40 1960
2 1360
22 945
34 1591
8 2001
3 761
35 2607
21 1924
30 825
23 1466
3 2516
47 2046
15 1230
42 1057
43 2411
36 1085
38 152
39 2924
39 2386
21 458
35 19
32 2145
7 360
16 2952
20 2090
12 10
14 180
43 2000
35 1092
23 2791
20 2464
45 540
27 325
27 2397
40 2493
36 2914
32 217
25 1800
3 405
29 1282
2 1886
8 814
43 2177
20 2668
8 601
23 389
9 123
26 1528
17 1772
14 579
4 969
34 1094
33 49
36 765
17 378
2 2574
40 2050
39 362
43 1933
4 1191
24 539
4 2988
33 816
18 2659
41 510
42 2795
46 1338
12 1694
11 2741
8 1570
32 2132
40 25
13 2342
19 2894
12 2564
30 1490
12 1679
37 985
39 82
18 735
15 576
4 1757
15 1966
12 1623
22 2178
15 1578
36 1100
26 1350
27 533
39 1491
1 1395
26 2429
35 2046
33 977
5 158
35 1937
34 2382
24 2781
6 2055
1 1085
9 31
13 649
6 1572
26 2827
37 825
33 422
19 1274
41 86
10 943
33 2725
29 465
21 1850
28 2956
30 413
18 2419
37 1832
29 309
31 401
23 2036
3 1635
46 2500
42 1700
3 2346
39 884
47 1342
37 697
12 748
46 2978
17 150
11 2757
9 955
23 289
27 2780
44 2162
6 1894
5 2128
8 2732
25 324
21 685
33 1076
25 1880
19 2936
8 795
30 1915
42 1298
15 1896
30 129
47 2735
40 1324
12 482
6 2408
30 325
15 1734
5 851
12 992
16 2525
44 42
47 268
43 1212
9 31
35 138
27 640
40 2176
34 2103
39 272
12 1251
34 1333
22 384
6 2537
45 378
16 2847
8 2735
3 761
4 2582
30 1468
31 209
34 1828
27 1027
35 274
6 2818
3 182
7 519
29 258
39 1229
21 2260
41 1126
28 2820
21 491
38 2129
5 1664
15 2219
43 1895
26 94
30 334
11 1510
21 2674
41 1737
42 2362
43 1552
28 51
16 536
43 2278
45 1102
16 2467
31 1231
8 2339
45 1014
47 2073
8 2324
42 2522
36 588
42 254
23 2429
2 2587
28 529
13 856
40 2006
9 393
23 2460
26 2210
42 1731
24 150
40 2738
11 1786
26 1393
5 1333
30 1070
29 773
14 1475
44 1755
30 2642
26 2275
28 2263
3 2514
39 1624
31 245
22 1009
16 1856
34 962
41 2393
11 2555
7 2372
9 1707
44 1132
10 2149
37 993
31 673
14 2492
1 446
24 2075
10 648
44 1695
17 2264
29 238
23 952
4 2479
5 671
43 1701
37 317
35 1022
47 950
20 1693
42 1704
16 1690
9 1541
4 528
12 2629
9 2046
7 2827
14 2975
2 11
38 1468
24 2608
22 1040
33 1842
43 1598
10 433
16 2807
41 401
11 545
44 384
19 1077
9 2232
21 2677
18 168
28 1850
32 1427
39 2004
6 837
18 1509
43 467
23 1678
45 763
43 1518
22 463
16 1836
38 215
41 2804
24 1030
17 1160
16 1478
40 2608
20 2972
34 1859
36 1720
33 1649
7 1393
28 2983
38 1988
23 2160
30 1963
31 545
1 851
5 2572
13 1688
29 513
4 761
7 1103
37 2957
32 1985
22 1684
27 2081
8 647
34 1369
43 2659
33 637
18 2396
4 2964
30 146
26 2123
4 1653
11 1238
23 384
22 996
15 96
9 2061
15 229
30 825
16 2654
17 1444
11 2126
45 1383
46 1613
39 676
34 581
47 2428
33 2318
29 372
3 195
33 1565
37 2191
24 1964
3 584
35 864
11 1766
13 2958
37 2173
3 655
21 353
23 2375
7 1706
47 369
14 834
2 859
23 2804
35 2028
21 673
31 647
18 448
36 175
46 1616
2 592
6 952
4 2661
32 2789
2 380
26 143
21 832
31 460
33 41
43 290
3 1870
36 284
25 911
32 2423
8 1757
14 445
31 2318
43 1577
46 1912
16 2021
23 312
10 1721
41 2555
2 229
15 1984
24 821
37 1169
28 2814
3 2074
1 334
40 279
20 807
32 322
44 887
16 1642
9 200
5 1556
12 96
22 376
29 1090
47 2851
34 1867
6 1626
38 1297
15 2015
39 1421
23 2063
26 2639
36 104
46 1376
26 1956
12 2276
10 843
8 2365
45 2747
16 493
31 2059
13 2647
4 1155
12 13
32 688
8 1890
47 2118
41 2360
43 2808
9 2794
10 746
27 302
27 937
24 2608
12 984
42 1446
7 2654
3 1900
42 1384
47 2225
10 2260
25 682
42 2433
36 449
12 1849
14 2229
19 1414
11 33
39 1627
28 1176
28 2900
10 521
9 5
46 422
19 1563
44 2164
3 20
25 354
19 63
32 869
41 696
12 1446
39 605
7 1382
21 2656
30 646
2 1610
14 1859
12 1912
24 730
2 119
18 144
34 290
24 2728
19 1022
14 242
41 230
18 2608
31 857
31 2362
34 2410
6 2087
38 682
18 2310
20 1758
44 232
30 2810
38 1222
37 2771
1 792
24 2969
5 1433
22 1889
24 607
13 1989
27 2207
25 766
41 511
22 2491
44 2358
33 1520
32 1591
14 88
47 1928
4 2935
22 1740
1 1789
12 606
37 875
2 1031
30 943
29 2803
21 1462
38 2049
17 876
29 2274
25 1826
24 446
13 2345
29 2522
18 2228
6 465
29 2372
25 1540
24 994
15 1064
41 484
19 1811
11 1474
28 2045
13 2701
21 1428
24 2890
8 974
9 1776
34 693
1 297
47 46
18 1984
13 94
42 1249
3 2298
46 1146
21 1804
9 2722
3 1206
38 1634
36 1117
22 627
2 872
12 2972
33 293
47 2840
39 376
13 696
37 363
35 1971
40 368
34 1865
12 718
42 807
45 407
21 1742
1 727
46 54
44 557
13 1345
23 2924
7 2542
12 89
47 2224
29 1586
30 399
21 2084
19 2573
23 1499
34 494
28 1027
22 1344
18 236
25 2480
14 708
35 1343
24 1804
32 2445
5 2516
29 577
42 2608
37 894
28 2470
3 1419
28 111
29 1285
30 2832
1 666
41 574
13 2148
24 367
20 1199
30 294
3 55
32 1063
7 486
25 1586
33 2513
43 1749
26 1266
1 770
43 1988
12 998
32 599
21 97
13 144
31 1001
46 1800
32 2578
9 1084
32 2941
47 68
34 561
35 1995
29 562
21 2779
3 2507
13 1561
40 876
29 2193
44 2092
7 1834
26 1269
8 1331
14 2875
27 2721
17 688
42 842
8 2925
10 1272
23 1611
34 2006
46 2550
10 808
7 2425
40 2
46 41
28 1846
46 2134
14 176
17 1117
40 417
37 1427
13 427
20 1760
20 230
38 1715
47 2987
5 2206
24 1546
31 987
19 1000
7 1200
38 1557
9 1133
41 2250
24 1898
9 2258
26 1087
18 2037
23 2151
44 331
44 1290
31 1576
11 2093
22 301
36 1039
38 639
25 2503
32 2223
38 1924
43 2138
20 575
29 378
34 355
38 53
23 2490
33 2503
23 2435
25 559
12 114
27 2456
44 1248
12 2174
30 1988
39 1902
21 2400
42 1357
2 2994
22 1597
42 1776
18 2866
36 1632
13 592
15 887
16 1631
13 1248
22 2617
38 1652
47 1916
6 1147
10 3
5 1694
35 2368
39 2702
27 722
37 821
7 292
40 2780
30 1202
1 294
30 1027
2 266
44 2633
36 1329
21 2165
23 2347
31 1384
42 2633
14 545
46 621
15 1518
46 852
25 1013
10 1326
19 531
31 1685
20 2365
6 917
33 1415
32 396
36 2900
31 324
45 1370
19 547
1 1262
37 435
21 76
18 537
21 224
2 2985
21 2754
37 2304
47 2098
2 2263
13 1606
1 1841
3 428
32 10
12 1025
43 1453
10 1794
47 1104
9 901
35 1220
5 42
2 711
4 553
37 1106
21 1223
24 2975
16 1671
29 2853
11 1691
46 421
35 882
2 1981
33 454
35 2649
46 189
34 2423
46 2606
19 2563
9 2038
39 350
15 2493
26 2028
2 1847
18 2343
33 1188
27 1764
20 851
13 754
4 1955
47 542
22 1547
34 2949
24 1941
4 971
13 1892
6 457
39 909
25 2460
30 2338
13 1695
27 1622
17 2090
28 1506
15 1120
21 809
45 212
5 10
8 2364
8 2622
2 1995
35 2393
38 576
42 2756
15 2295
36 179
18 649
43 840
46 2967
43 2915
35 789
27 193
23 2592
43 511
13 2822
42 2742
34 2422
37 1472
38 1683
2 1592
4 2043
22 181
22 1440
7 316
43 991
16 341
7 2197
36 2392
2 1032
10 2978
28 1991
43 290
10 1348
16 197
37 919
8 2472
26 1048
39 2650
18 2397
41 1144
25 1654
10 2355
3 2835
45 2448
7 1774
19 1248
36 1912
40 2185
41 258
39 1884
33 29
13 2971
18 1854
17 798
28 1777
28 787
40 2359
38 1763
21 110
18 975
18 2704
14 2234
41 2086
12 2126
19 2775
16 2529
41 1429
44 1996
45 2839
18 1468
22 599
40 2095
16 911
18 1007
45 1969
37 1548
13 1449
37 563
21 650
9 2175
40 2839
6 2210
31 2908
15 2219
10 349
27 2886
1 2570
10 486
41 2819
11 1567
12 2773
29 2101
33 1964
47 2511
47 481
40 2272
26 2796
23 1351
6 2066
21 2817
9 677
27 828
31 2870
29 532
6 2921
10 770
29 389
26 2439
21 1646
18 868
14 10
40 1225
40 2734
28 2121
37 2870
35 944
25 17
38 1779
42 2733
1 754
20 2587
40 1384
41 1587
10 2982
28 1040
16 1878
17 2716
7 1684
7 1251
32 1692
45 2195
15 657
1 172
37 1501
2 2559
29 1132
20 219
17 11
22 2596
21 546
35 208
3 1420
11 1188
46 151
32 1225
38 1612
40 1479
42 739
14 2155
16 63
28 1630
7 1646
15 214
31 2095
36 143
3 2014
13 2268
29 1518
2 2884
6 2544
21 1183
36 1329
27 769
20 2519
4 2059
25 2909
15 1769
26 1797
5 576
3 578
39 1391
16 1644
14 760
21 2977
30 2066
26 787
17 1903
14 462
7 768
16 2252
39 1700
4 1870
11 1373
44 316
6 1580
3 2191
29 1405
21 1932
43 2378
29 2958
8 2389
43 1323
36 806
36 2323
3 589
9 1153
2 1655
38 1100
43 1702
27 1969
7 1119
34 1979
41 135
26 2017
12 1047
28 2318
31 2911
47 677
39 1331
40 991
15 64
9 2263
47 1144
44 1857
26 71
14 1805
44 2687
47 2051
25 719
23 1778
34 2168
18 2549
37 1444
2 338
36 901
33 1
12 714
30 2447
4 2692
19 1855
2 940
29 1735
22 310
45 142
35 774
6 2110
32 1587
8 1301
23 2627
40 1723
36 2042
25 2850
28 1328
27 1723
14 1175
19 2134
19 2856
5 216
46 29
17 1541
46 2615
27 1590
38 1142
32 502
30 1908
25 754
42 2174
21 1101
30 2867
23 104
47 2152
38 206
20 2389
13 660
42 1657
47 2142
15 598
16 56
38 462
31 204
37 2126
22 2388
34 701
26 981
18 1451
45 398
13 1790
11 2766
24 2805
41 2102
2 2325
37 2858
41 1729
11 1387
38 1145
3 2425
44 428
42 2728
28 2089
6 2523
40 412
39 852
38 338
46 1266
38 2999
12 269
43 1640
36 1621
10 860
27 1317
31 825
25 1961
19 2211
28 2728
46 501
3 2799
4 1843
10 378
1 664
40 1677
10 620
9 405
15 1424
12 411
20 1811
10 2473
43 1773
34 1241
37 54
41 2870
31 2271
45 1921
32 1355
23 313
37 717
44 2403
42 2763
7 1056
36 2281
6 855
25 805
3 1478
30 2022
31 1973
44 147
4 1235
32 2208
34 819
39 1021
14 903
21 2452
26 2757
32 2366
44 1102
43 8
44 943
18 2184
25 1027
19 683
46 843
9 1282
7 2731
13 118
18 2877
40 35
46 1362
30 1962
31 1319
34 885
37 2968
19 1572
31 2102
26 873
44 2670
30 2486
42 884
41 154
3 2686
39 949
32 2666
35 299
25 743
35 2775
13 2456
20 537
9 931
25 666
47 1786
34 87
39 689
39 411
25 958
44 1382
6 1631
33 92
25 127
16 599
20 2929
39 1765
10 1548
4 417
47 1936
24 2524
2 492
18 2167
35 1263
17 1140
4 2556
33 2199
15 1651
26 662
16 2414
13 1508
1 2107
1 690
23 2877
8 2166
2 1995
35 1743
18 1881
47 1212
22 1733
38 2154
45 1851
15 1335
42 2362
26 2000
17 86
37 430
5 1997
36 502
28 1434
42 2507
15 251
2 768
21 2004
9 2229
39 301
28 2972
6 2713
20 68
47 2069
19 2554
35 2510
10 1043
44 1633
33 2476
30 1492
43 1192
2 1193
30 1243
39 545
35 2765
45 511
26 704
18 1621
6 1010
25 1349
13 1013
10 424
11 1587
10 1719
4 1954
38 2543
5 1302
18 90
5 735
7 53
39 700
4 2827
1 224
29 664
32 1337
19 2120
21 1827
1 599
28 2563
23 685
3 1633
41 1638
45 2649
1 1243
8 2547
45 540
39 1729
15 1914
24 1980
31 2241
32 824
38 97
16 2100
46 2579
30 2319
46 2341
16 1774
37 2091
20 2886
17 2299
5 2207
42 566
34 1085
35 2996
44 2651
1 933
4 2859
30 1583
41 2222
5 819
2 611
46 1584
27 1707
28 1248
12 166
34 1183
10 2565
22 1928
46 2543
30 2385
12 201
45 2835
46 1912
22 2561
35 2914
43 1328
20 2242
19 1367
9 160
42 1175
36 1564
31 1707
11 1806
10 1380
45 1091
20 2310
8 1620
42 898
3 991
32 1077
36 1948
31 2022
14 1914
17 1546
3 2046
41 58
38 1721
9 2164
20 37
5 649
31 2002
30 948
25 2307
38 352
19 1801
31 1183
40 341
45 624
47 627
20 1921
10 2258
47 1143
38 2164
25 326
44 2836
19 244
3 68
36 2833
11 1023
29 1357
24 2228
41 205
44 1878
40 2162
47 2264
1 1053
47 2065
6 297
39 2036
21 1062
5 2224
17 1232
35 2917
2 484
37 430
12 1419
8 2445
18 267
13 867
13 574
29 2191
9 1351
24 1360
37 908
23 1667
20 1358
27 409
16 874
16 1108
6 1061
46 811
28 528
3 2130
10 2449
2 1117
10 129
29 2474
8 208
20 1633
18 1542
5 2024
19 2606
5 1842
13 621
10 447
33 648
2 1719
38 1828
40 1852
20 2964
27 2682
29 647
6 2423
19 1364
39 1297
23 743
4 2760
23 360
44 2704
21 422
28 480
12 2995
37 279
26 1231
38 1970
32 1594
22 1687
47 697
42 2391
37 1814
37 1062
43 1190
27 165
14 1678
36 425
5 1866
13 1267
41 1892
14 686
25 2959
31 1646
14 2285
8 753
28 467
6 2902
33 468
32 1630
10 1214
31 115
8 2286
26 2501
35 1699
12 891
22 2067
41 2509
15 2140
45 1285
10 2221
27 921
23 2488
12 2674
40 2432
7 2242
32 1744
12 2295
25 158
9 2300
33 2134
2 1247
22 2628
28 2465
22 1719
13 438
28 223
15 2821
30 1898
7 2403
30 1345
7 2119
44 6
12 2129
24 437
18 1242
4 2698
2 225
12 361
45 1239
6 2019
29 1007
35 2708
47 625
19 1217
21 1396
4 2138
2 2084
39 28
37 2647
8 2324
21 2896
4 1649
3 2188
5 5
18 1521
26 1715
25 1767
3 2564
45 343
25 1311
12 1844
35 2572
14 639
16 2505
44 465
12 149
44 1531
38 2246
2 738
35 177
18 312
21 2680
17 1732
17 406
13 732
38 2401
17 2109
5 2235
5 1893
30 1293
30 427
4 911
18 317
17 2971
13 1435
12 1292
43 1886
27 2117
23 190
45 2784
9 690
42 2235
5 1450
26 2075
14 1761
22 352
45 1235
45 1387
4 1846
6 1041
7 737
16 452
30 2096
21 2168
3 2602
30 177
27 1794
15 900
33 694
43 90
34 1953
18 2430
43 1516
39 253
47 231
20 61
25 2780
27 664
24 2383
47 2046
44 1109
47 2479
14 2791
28 1070
35 239
31 686
18 1869
26 142
22 1413
12 1928
31 2137
2 2029
3 667
8 2853
46 1226
13 557
12 1549
15 1053
40 2911
27 2556
43 2926
10 2762
32 394
28 1664
6 1162
6 760
34 22
26 1858
22 730
39 2419
4 1097
18 668
21 1862
41 238
14 901
9 231
40 2376
45 501
17 2347
24 1861
34 1126
17 2170
32 135
7 222
43 1772
38 2900
24 197
10 1153
33 1579
45 2874
35 2403
43 2287
41 362
4 1312
7 2867
38 264
28 65
7 189
14 1074
6 840
33 1650
7 1639
25 2468
20 2444
4 593
28 1612
33 123
32 2694
21 1472
37 521
15 1026
33 1810
22 1489
15 2765
17 2253
19 1188
6 553
30 2526
10 1813
46 1956
7 2858
24 375
38 2341
30 1102
28 705
17 2294
9 18
33 534
31 989
35 20
31 1269
12 310
9 1697
35 1623
14 2769
11 1164
24 2401
2 1634
33 1173
13 1492
22 2953
2 186
5 711
18 2511
7 809
5 2320
8 818
7 1211
26 659
12 1604
24 1491
34 613
6 1798
39 1464
10 2937
44 2219
21 2853
32 2701
41 2810
41 2854
24 2972
39 157
20 2023
27 1883
34 1745
37 2297
20 2955
18 571
46 2859
16 1948
28 467
26 1688
43 2937
1 2258
3 1945
39 117
19 2753
40 2254
1 1311
7 2195
37 1971
25 1671
46 210
33 891
28 2694
26 2606
20 2272
26 1386
27 1022
39 2891
9 2429
10 1954
11 972
39 602
32 870
5 820
10 2802
44 1245
43 2898
22 729
16 2634
9 323
16 1068
44 2573
5 1779
23 1643
15 187
10 1800
43 2465
40 2084
13 2429
10 685
45 2044
8 2170
33 2240
18 709
4 1589
47 596
45 1099
20 894
44 2024
41 1815
37 2478
26 2108
