1000 792
5738
8500
4223
6223
9198
2952
9984
5524
175
5618
4059
7624
4353
8192
6594
7020
9310
5088
4053
2119
6551
8571
4268
5429
5181
4450
1359
4857
5182
3138
1394
4277
4867
3331
8674
4177
528
6237
7456
4680
5683
4366
9103
2136
6766
6149
6021
3273
783
348
3832
9031
249
4516
2278
2522
594
4829
8496
8940
2655
5833
5835
9499
7421
5102
4485
5998
7719
8560
9605
5484
9737
1380
2840
8976
7830
8607
2354
2111
6479
8504
5939
518
3816
6854
4395
1324
5856
2792
2914
4969
2072
5208
3202
623
2288
1616
1515
3922
9185
6611
9585
6281
474
222
1139
4621
1092
2892
2649
2337
9082
5238
7885
4835
1726
575
9610
3458
4803
2788
417
7490
9185
6675
8225
8497
8122
7136
2808
8592
7030
2013
981
545
8816
9434
5706
9275
1948
4564
5409
6910
3853
4248
6905
8457
7943
9622
6132
8700
6716
9489
1995
9947
4943
666
4337
5481
4411
1986
1775
2204
4445
457
2007
7523
7315
6130
802
9588
7346
2848
5500
270
4107
1991
262
562
9848
9630
4219
6326
4230
6208
1295
6666
7181
622
4657
4161
616
8097
3039
991
1533
8083
8624
5276
8715
597
999
3454
42
9429
1564
3478
8061
4600
4705
3189
6735
9410
6882
3746
3032
5587
1322
8914
650
4635
2635
3376
1743
7111
3270
5125
1622
7142
7831
5088
7472
4625
8378
9465
1819
1243
2591
3000
6458
1513
4198
2243
7051
8838
1404
597
3919
7189
1294
9623
1824
1562
8849
3160
9110
2975
6508
1967
5045
1962
275
3466
5263
2500
2150
6270
8948
9126
6775
3402
8102
2703
6319
7784
1587
8679
8699
9808
3173
4352
2195
4744
7710
314
3278
78
868
2906
6416
8980
6197
6607
3617
9587
3193
6698
4040
9214
312
104
5773
2726
9430
902
9280
944
1081
762
1419
2598
9150
1331
9357
217
9463
4667
4307
5120
2345
6601
5913
9567
8676
1174
5625
5075
2385
6678
6828
7352
927
6820
2176
1939
9367
883
685
5
5438
3032
4472
2405
466
6204
6175
3512
7269
7637
6410
9071
6730
8381
2061
9141
5830
3896
4022
6699
4146
6488
5806
4866
1875
200
3378
5043
491
4663
8875
6070
2939
7278
6881
8626
8641
8055
6474
2893
7968
7550
4479
2446
736
3527
8258
6697
6951
7132
7019
4709
4458
6956
8949
5649
2331
8339
8535
5706
7241
4593
9620
4259
204
130
1630
3777
939
507
9859
6670
8854
4898
9779
740
4778
1950
5882
1174
8090
8162
2172
2872
9585
7343
9733
6570
1542
3786
8540
2628
3388
3723
2309
3138
4633
1264
7379
6224
9223
3494
430
4094
6207
1807
6541
7969
2312
4657
9632
4943
4889
1150
8705
8003
9312
68
1450
6538
2218
3629
5151
1019
1794
3522
6641
1611
1204
1097
1441
1007
6404
4172
9586
2372
9946
7114
6312
6320
4066
4739
7563
3199
6402
1612
9501
7053
5850
7120
3549
8436
8166
4153
5466
8653
3593
2712
3770
3144
2522
4321
7259
4623
7936
5049
4150
317
8351
9842
6293
8661
984
9236
5339
5133
5519
718
9951
1314
6652
4714
8415
807
5166
995
762
2831
2001
563
1217
3395
799
601
4418
8753
7140
9176
7077
5094
2830
2262
1254
1996
5544
695
609
5044
8160
3016
8094
3875
1268
3153
8737
6067
4342
7099
8475
4279
7864
3497
1621
72
864
1670
334
861
3229
4851
9029
231
2539
3267
5837
7198
7152
9118
5466
715
5833
1439
9840
9126
4153
4693
9208
182
8832
6413
2685
5468
4540
4626
7038
3509
2563
295
9593
7921
6630
2029
7822
8671
6700
2642
2996
1415
9593
5280
8448
2169
5602
5028
8082
8786
3039
6955
5403
9985
3340
9432
6876
4054
4149
9736
3930
2987
2975
6282
1585
7261
4010
5696
1624
219
2908
6003
2385
8012
7355
3142
3622
3570
3397
6024
2379
5342
1028
2977
5903
8048
5175
5750
5093
7836
3215
2318
6318
2010
9642
2176
5532
7271
2316
2744
2031
2261
24
4096
5145
2423
7493
1923
6681
8699
1358
5742
4945
3298
7907
3404
1188
2643
7702
6369
9576
2912
1399
5018
6010
4251
8013
5075
734
6349
8597
1563
8957
4266
3126
127
4796
3379
402
4789
7952
6383
5241
5877
5793
1131
9716
6974
3845
7683
4408
5989
2749
8385
6027
9
678
6942
7041
149
7414
8558
5586
8897
3569
6283
7869
9110
6642
4490
6705
3280
141
1593
4044
218
2774
2569
9129
8810
896
6013
5067
1611
8995
2014
1164
6428
4870
1457
6204
9944
151
3505
1216
8758
2578
3190
6929
5723
2509
8451
6925
8831
7629
8645
6632
6916
677
9975
5284
1443
2475
4436
7224
9356
1355
2691
6461
6597
6552
343
9035
3980
4149
9519
3750
1590
9048
800
4900
9226
359
5218
7940
1227
8502
3194
3479
7922
9839
2796
7516
1496
7482
416
2935
5070
6588
3425
5235
7759
7907
9119
8176
7225
2517
7500
2166
6170
1477
3421
4574
9163
7608
2302
7166
225
342
8938
4820
8649
8643
7905
514
3113
6838
8830
695
9719
1347
4070
2055
7124
7679
6261
1817
2458
652
4851
7146
714
128
5504
4660
2510
6450
3151
9528
7802
6296
3707
1207
9808
8953
4468
3852
2740
7988
8267
6975
7356
5859
1571
6286
1434
8728
9784
3822
1415
4624
8018
457
4962
3668
1964
2849
1564
3676
9664
5941
1909
8843
8702
2745
165
292
8981
9195
9042
4309
8971
9393
6929
8674
9934
5279
5285
2533
2496
1834
406
169
8386
6483
7677
6947
3836
9147
2868
954
5008
9900
3336
2654
5697
6498
6671
836
6967
4872
3275
5241
5772
6427
4012
1684
6502
5863
9174
3249
4870
7180
9540
7414
476
4302
6760
5473
7822
1083
8238
5538
9675
2382
8841
9051
2361
8468
918
2186
2751
7045
4818
206
1596
8718
265
9106
113
8923
8586
8613
7968
7837
4466
8763
9848
8697
5320
9301
3877
7056
7613
742
6601
1191
5818
8559
9538
9106
1220
5741
5818
