998 485
4595712 84 9 72 1
2598914 48 21 25 3
5058563 29 51 97 6
1435652 21 72 31 4
5591047 29 11 81 6
4978696 33 88 85 10
5347339 73 53 97 10
1007628 55 24 80 8
2510862 48 33 19 10
8312848 17 25 73 2
6588433 8 81 52 3
6944786 47 28 79 5
170007 1 88 46 6
5758999 42 79 80 9
4196376 92 79 41 4
5662749 71 15 69 8
5695519 49 3 69 7
3037215 63 9 32 2
5294112 1 56 56 4
6490144 64 28 61 8
7462948 13 65 37 8
264230 98 27 37 2
4915238 82 20 35 8
4986921 2 81 56 2
5926954 33 35 83 4
8046636 30 17 97 5
534574 39 77 54 9
6297650 59 36 50 8
9531444 50 40 88 7
1392693 25 76 48 3
2013238 25 97 34 6
6365239 4 80 89 7
6127674 1 70 74 4
4151355 14 90 5 9
604220 30 60 59 6
462909 14 42 33 8
65598 32 46 53 7
2074684 15 20 70 5
2910273 3 69 34 8
6707267 77 13 54 3
4765767 97 5 61 4
8065096 11 35 69 10
9971783 25 35 64 4
1390670 100 10 80 3
407631 79 92 3 10
9515089 100 98 78 6
4714579 64 36 76 1
8679509 68 55 62 6
7161946 71 26 96 9
7145562 26 26 77 1
5617755 59 48 95 3
5324894 93 7 43 7
1681503 8 46 80 6
9752672 26 98 22 5
5003358 77 79 14 10
456798 34 59 4 2
927846 18 21 89 7
2764902 93 99 19 8
4950121 83 8 91 8
3188847 48 36 47 5
3862640 47 78 7 9
338032 24 73 29 1
55410 87 93 63 2
5474415 68 78 68 10
4507762 56 48 24 8
5161071 40 19 62 5
1808502 43 33 3 2
9375863 96 5 34 2
573561 71 30 19 7
2932858 29 99 72 9
1362043 67 48 10 7
3963004 9 47 89 10
6361212 75 75 75 2
3565695 61 24 63 8
3156096 90 17 70 5
3231873 100 80 72 7
3311746 82 54 67 9
2410627 42 66 80 9
7901314 12 90 66 4
8370309 63 46 62 9
8650882 48 79 30 5
3915910 37 26 72 7
1736840 64 93 48 3
5982337 89 57 91 3
7798913 6 69 67 6
9613452 69 55 56 3
5118092 71 33 33 10
1198222 84 78 49 4
512143 83 54 77 8
1317007 44 86 47 7
1157266 64 71 13 2
5353619 15 2 99 7
1472661 13 94 100 1
3965078 55 7 92 8
6420631 47 65 62 2
3588248 5 81 29 8
1034389 34 58 21 10
8167583 75 41 44 2
2980000 76 66 38 1
5245088 95 80 78 8
1468578 8 42 1 10
8339620 79 86 29 1
8401061 24 11 97 6
975012 56 2 94 1
1663146 41 65 22 10
4413613 54 21 34 1
268467 9 87 13 1
5597364 92 87 3 6
9908407 80 31 59 8
2252983 20 19 61 2
6320318 93 31 52 8
5251263 52 41 53 1
1587392 93 37 9 5
6729921 56 33 52 8
8257732 48 77 88 5
7592133 31 38 31 5
2185415 60 17 84 10
8435914 28 18 38 7
6355147 19 62 50 3
9269453 23 48 3 2
6764749 10 85 100 5
4333778 6 61 10 9
7819478 78 13 7 2
9441495 96 2 22 8
2273499 76 12 46 4
7233759 62 45 72 1
473312 20 87 44 1
6734053 13 64 73 7
2801895 6 99 51 8
6779113 49 67 6 3
9570539 47 78 90 9
1333483 26 82 1 2
7426285 96 32 69 5
9613547 34 26 13 7
2709746 68 12 11 9
1943794 52 30 50 1
2762998 25 48 50 2
8497401 72 45 80 9
6060284 94 85 88 2
8628476 81 34 39 4
131330 83 29 77 8
6799620 50 60 97 9
6605062 40 74 16 6
5144838 20 73 25 2
8452362 62 98 14 5
2832651 76 59 51 2
7751949 13 49 1 6
9937168 68 61 53 3
8309009 48 63 77 4
2543891 11 18 80 3
6392083 32 14 21 1
9357588 28 54 93 1
5914900 19 60 7 2
3410201 8 45 100 8
7600410 72 5 78 1
5157150 73 16 37 8
7276834 92 61 97 5
6453541 73 72 38 4
4063527 84 10 62 4
9228584 19 37 2 8
5464364 64 99 24 8
5640492 66 82 52 10
1794351 98 57 51 2
3164464 42 12 92 1
6265137 18 85 36 10
2040115 10 40 91 3
4317494 51 70 13 2
4340022 47 93 8 8
2027832 42 20 91 7
6281531 25 56 5 6
8501568 59 92 47 2
6478150 53 24 82 8
8507719 79 69 55 9
8978761 85 27 39 2
2851149 90 35 44 6
9312589 51 83 48 5
3551565 52 90 75 8
1210716 64 97 59 5
8925532 89 72 70 6
8857955 21 91 21 8
8907108 1 76 100 5
2939237 45 3 27 6
2677094 94 13 95 3
2093420 42 38 80 2
8063341 4 36 82 6
7926129 92 48 74 6
8266100 76 96 59 2
1868150 52 95 26 5
4645247 75 57 9 3
809345 87 81 58 6
4438401 65 79 68 9
3932548 89 16 80 4
4450692 40 98 71 2
7885190 6 42 16 7
5063047 42 99 76 6
6738314 65 10 55 3
389515 89 61 53 2
5634444 73 50 34 6
5814670 22 40 38 4
2728335 94 96 66 1
5202323 60 20 15 5
2679192 15 30 55 6
1143195 69 19 85 4
2775451 15 93 11 7
3795358 15 1 91 2
1075615 32 78 42 9
4217248 70 89 15 5
2843040 69 39 92 2
7786913 29 74 57 9
9806242 91 39 70 7
8114593 29 35 61 9
9505189 58 24 68 10
3060136 55 12 88 9
8317352 45 51 66 4
4633000 96 86 71 5
7788973 66 48 42 1
6027693 77 32 1 7
6502831 41 88 26 9
1266096 36 55 79 4
8511921 43 31 82 8
4485554 47 18 1 4
9996728 35 18 95 6
1257919 49 40 13 1
1200582 8 14 87 1
6570441 21 74 53 5
512460 68 79 46 3
9750992 39 81 73 8
6703571 12 68 79 1
4950486 72 94 69 1
1169882 12 46 84 1
2597342 99 13 8 8
6517215 33 8 13 9
4884958 53 99 9 10
2855393 64 18 12 5
1569250 20 3 30 4
4686305 82 16 49 10
8954342 54 100 14 4
2560487 42 65 58 3
2054633 31 22 28 4
4993514 82 40 36 4
672236 45 45 74 3
8935919 22 49 27 5
1735153 42 96 68 4
7305714 93 23 73 7
2572786 71 38 6 1
608756 40 57 45 7
2437623 25 79 92 6
9691641 37 62 98 4
5005818 5 3 60 6
9595387 22 87 28 7
3101186 6 18 64 10
3009031 86 62 48 10
6965768 57 76 75 5
9488903 29 58 25 10
1112588 77 81 3 2
5882381 49 94 80 2
1235470 69 100 18 2
9947662 22 62 38 3
9222670 19 53 65 5
1094161 97 59 5 4
1712657 6 31 43 10
5902868 58 99 49 6
3052054 44 17 41 3
1780249 99 58 36 3
6308379 61 85 22 10
899617 36 32 12 1
9536036 80 33 7 6
1247780 38 28 13 6
7576102 64 100 61 8
6554149 15 77 70 7
5657128 4 16 98 10
2863658 14 39 39 7
2208298 11 78 10 2
4028972 78 60 15 9
895532 82 59 47 7
485936 69 4 79 5
2226737 5 82 96 2
5460535 72 53 38 9
332343 26 72 29 10
3727930 75 100 2 6
8821307 81 14 71 5
6650428 25 41 31 9
9163322 18 39 82 2
5169729 15 78 17 10
3361347 17 28 44 4
9497158 44 65 2 1
9140807 17 26 52 9
4633158 82 89 5 9
6427209 26 63 66 7
6470214 11 44 58 8
9732684 26 97 15 10
1577549 88 18 57 5
3824204 2 17 7 10
8530508 38 55 42 1
635472 7 19 92 3
5446226 56 8 76 8
2228825 51 40 59 8
3039835 52 28 78 6
600667 12 84 6 8
6077021 63 91 16 7
3523165 76 16 98 10
19041 49 69 2 8
5231206 72 89 80 6
4883047 9 76 50 5
2775657 34 98 28 7
7838313 16 85 82 1
5448302 67 59 82 8
7492210 43 25 97 1
8706676 62 69 28 6
6232693 84 44 21 3
6748792 91 35 85 10
7572089 30 11 8 2
9673339 94 80 67 4
7989883 75 97 26 5
174718 56 83 49 2
6470270 50 88 94 9
90750 95 55 56 5
465540 27 96 25 5
6775430 18 24 31 4
1647240 95 90 93 1
6410890 52 30 4 6
5042827 73 70 57 7
8819341 62 89 64 5
2593422 35 28 19 3
9028238 26 35 89 10
3904144 11 46 8 7
4944528 34 64 50 9
1501842 44 74 38 2
1243795 79 85 44 5
8600213 86 71 57 10
7209625 7 65 32 6
9413274 57 29 10 3
3132062 73 32 41 3
9691806 71 79 40 8
3685024 1 51 43 5
9882273 89 50 46 5
3109538 47 71 39 7
1665700 89 13 27 8
6226600 25 81 71 7
6498985 56 53 53 5
3539625 88 14 7 8
1702573 35 99 9 9
3310257 74 48 33 3
3566260 84 82 51 1
7942841 51 31 60 4
4278970 51 23 62 4
7899840 41 6 82 7
9820864 66 42 50 8
4895428 38 93 17 3
1559237 63 52 81 9
4383433 78 98 40 2
3553994 94 98 83 2
8430286 94 25 58 9
654031 87 73 60 8
8637140 82 93 18 5
5370581 90 23 90 7
7793364 61 65 36 1
8073943 88 81 79 9
8489688 86 18 5 5
7430870 85 52 26 8
2509527 74 28 58 8
6548188 67 57 35 4
8843996 55 42 23 9
6292192 62 59 62 2
8942306 97 63 70 2
1934052 5 82 52 10
5831396 93 9 81 7
4149991 90 13 22 10
7146218 78 44 8 6
6922987 77 31 14 3
6791916 87 35 39 5
7551725 74 76 93 6
2962157 17 71 77 10
7793395 7 100 16 2
7965429 26 22 55 6
9378550 20 25 33 2
1202939 77 16 31 9
9048827 6 76 13 9
7049981 39 49 14 6
3844865 51 12 62 2
6699778 81 4 17 2
3752713 92 65 58 4
4072202 26 45 98 7
4789003 31 83 95 3
1088268 10 65 92 3
682764 13 66 59 5
1506061 8 74 27 6
97038 7 34 39 6
3896076 47 100 26 9
5632785 57 73 55 6
5866254 29 13 46 4
7635733 21 12 94 6
4772629 48 56 53 10
9171737 82 60 36 1
7443226 54 17 96 10
3908379 20 17 17 10
5774108 77 69 23 8
4344604 62 47 55 7
6509338 89 12 42 3
3517215 20 22 51 9
5202722 31 98 11 2
414498 38 36 63 3
9122596 60 19 73 7
8407842 75 58 68 4
8031014 69 20 87 9
2163495 8 44 92 2
1501987 56 94 4 5
4170533 35 22 81 1
777002 74 80 45 5
2472746 12 96 98 7
449324 65 48 75 2
1033001 67 9 36 8
4481839 98 49 15 7
8667955 46 17 34 9
5169971 94 23 41 4
8952629 17 76 80 4
9632567 45 88 52 2
2409271 9 19 49 10
6658873 6 81 27 9
1078072 74 100 1 6
2282297 64 41 84 2
1901372 83 73 19 5
5604157 98 70 11 6
6214462 14 92 48 5
2663223 43 30 47 4
340793 35 35 43 5
3130170 13 43 10 7
6325060 32 57 44 8
6144837 35 47 51 7
8770375 61 85 14 2
8604487 70 70 90 3
8840010 62 32 56 7
6200143 39 85 93 7
7228239 25 56 36 10
5403476 73 4 12 2
7631701 23 80 10 10
9999193 28 34 88 10
5356378 27 25 33 7
7349083 55 39 16 4
5745499 78 19 27 6
9505631 8 31 15 7
9386849 49 92 76 6
3642212 71 25 89 7
9126758 32 11 21 8
1651559 69 25 14 2
4475752 10 63 5 6
4545385 63 14 10 7
5069671 80 15 66 10
8633191 35 77 19 7
8121197 61 24 37 5
7195502 93 14 42 1
7105393 36 2 17 2
8520562 43 47 30 7
9753459 93 99 56 6
1782644 37 4 7 9
4223861 36 49 7 1
8139635 85 7 98 5
5669756 97 45 62 2
4600702 89 83 12 2
3273598 73 89 71 8
9194375 40 54 91 3
1125256 78 96 85 5
7603082 82 88 68 5
5510026 82 99 83 9
7041930 83 71 28 10
5632912 70 17 98 3
9499540 39 80 71 1
2499477 85 33 42 2
7363479 22 72 37 3
2343837 74 73 3 5
2194333 63 54 86 1
7074720 44 40 38 1
7234468 100 58 59 8
4113317 15 7 27 1
4625319 62 86 53 1
1686441 23 77 73 1
3748782 2 2 97 8
3367855 92 100 80 5
3531696 31 16 71 5
5118898 66 68 37 9
4993970 28 17 76 2
6650804 59 3 73 8
3396532 59 84 41 2
1326005 30 83 55 1
9685943 58 90 38 2
4170680 75 20 93 5
1280953 26 63 38 7
4344763 63 32 14 6
320445 16 75 95 5
4897728 10 79 8 10
5133254 70 98 62 5
9499596 17 22 79 10
8920014 63 96 24 1
5434319 89 45 8 8
8502227 64 100 70 5
7566292 52 16 94 5
3840981 79 95 61 10
7526251 63 87 72 6
9374685 97 35 69 5
7625694 11 34 31 2
531421 28 39 36 10
5944289 83 94 82 8
1758189 57 95 88 5
8952818 25 70 72 4
4199412 7 84 89 7
9004022 10 76 31 10
3910646 56 21 63 10
3384310 65 24 42 10
2061305 46 31 64 2
9249788 88 37 72 1
3204092 41 84 46 3
140288 89 42 16 5
4197377 100 43 2 8
8727554 76 63 29 8
4254722 10 56 15 6
1059849 36 70 48 2
7535625 54 20 19 4
8872969 80 18 100 1
517133 24 38 16 8
5344271 78 98 75 3
9784337 66 41 56 3
1373205 60 95 61 5
9389079 81 59 83 6
5479447 75 35 27 9
152605 18 4 73 3
2393121 77 96 54 7
9727013 88 29 96 4
8625190 77 65 64 5
8807464 14 68 64 10
8428590 17 24 2 2
879667 58 13 32 7
4125747 9 16 51 7
3413043 5 6 20 10
2327610 89 85 81 8
904253 79 51 37 4
7877697 82 13 98 7
8651841 64 19 54 4
9980993 52 77 80 9
8004681 44 26 5 9
8727628 50 35 13 10
1866836 7 41 56 3
6331476 57 25 44 2
2317405 98 78 64 2
4080736 54 51 13 6
6362209 17 63 31 6
113765 41 51 84 4
5915750 48 8 26 1
7062630 23 54 86 1
3925096 60 42 34 4
8219753 12 94 77 6
5133420 27 85 14 10
4682861 91 91 58 4
293998 54 100 40 4
6313074 96 27 87 6
3511411 61 9 30 7
3929204 6 24 16 10
4809843 69 51 79 4
3159160 23 14 44 4
1850489 71 24 12 3
7746683 98 56 89 6
5608575 24 56 37 8
6716544 32 27 68 9
2464901 3 47 75 8
9440390 81 38 43 2
1006727 13 26 47 8
2456711 94 86 48 9
7376009 79 62 51 2
9757834 47 70 51 5
6411408 8 13 20 4
4822161 13 72 90 7
8504469 12 39 100 8
597142 99 9 28 10
7736469 28 37 46 6
5067928 8 49 47 8
6907033 77 71 20 3
4291738 23 76 88 8
6921372 28 92 13 6
3925149 43 4 73 5
6069407 32 85 78 10
7423137 39 43 72 5
3298466 41 84 39 4
3611813 97 19 70 7
7957670 19 97 93 3
3237 71 40 97 10
4938917 94 18 35 8
1678505 18 27 65 9
2686119 50 26 80 9
3488933 92 35 29 2
5756076 51 80 18 6
3030197 1 5 11 6
9168053 58 16 95 1
9825464 8 44 57 3
5051578 10 85 95 1
7118014 96 51 72 8
7638208 47 20 44 7
1776836 53 15 86 9
4775109 6 57 48 6
9784517 98 2 87 5
826564 72 16 59 3
56525 83 97 72 5
1447118 69 75 37 6
3337427 50 74 4 9
6409428 73 46 87 10
6855894 24 30 38 7
302295 15 24 97 7
3523800 11 73 11 2
1217755 100 52 65 10
9788636 93 84 21 6
4216030 48 48 25 1
4781278 89 6 86 10
9080032 22 63 4 6
5133542 70 24 62 8
4201710 32 93 47 10
4453615 91 78 84 6
9751792 91 58 42 1
2049265 40 97 39 4
4158708 2 90 59 9
3513593 40 26 61 1
4664570 37 88 89 6
879870 67 94 16 6
8563968 46 39 39 6
4031746 93 58 84 6
5401858 37 18 64 6
3296517 38 32 80 4
6780165 4 95 6 10
3464459 22 69 50 2
226573 4 92 58 2
6444303 28 3 25 6
8910097 2 44 15 10
4762898 19 81 23 5
263443 16 44 1 6
6425876 10 44 65 7
7308564 56 75 44 2
7908632 23 63 75 2
7841053 8 89 96 10
3794207 17 68 49 9
2016544 9 66 51 2
66853 68 10 48 10
7968043 51 58 61 5
7818540 96 47 44 9
7736623 81 26 55 1
8781104 1 4 55 2
1840433 73 79 1 2
5461296 56 91 92 8
1713457 97 28 18 2
6362421 39 29 9 7
6991159 99 21 49 4
7552313 45 24 87 10
2293049 11 57 99 2
2430266 73 12 81 8
7732542 62 17 13 9
9194816 89 66 49 7
5174594 92 78 6 5
376130 1 99 41 7
9270600 69 18 28 1
6307150 73 54 51 2
7052623 83 76 74 8
2817358 32 43 76 8
4240728 92 39 14 8
4423003 94 21 68 5
4115803 64 59 16 4
470368 21 38 64 2
30048 88 2 36 4
2477410 93 97 16 3
1273187 4 36 43 5
3452266 71 65 39 2
8050027 85 38 16 1
1291628 56 26 63 5
2497902 42 32 77 10
2469232 67 41 85 3
228721 85 15 74 2
9301362 60 29 11 10
1557875 38 44 14 5
7177585 74 95 74 5
3532149 29 78 93 1
5197172 17 10 19 5
4044151 54 88 32 3
241016 52 27 97 5
6131062 62 87 74 6
8990077 90 94 92 2
8527230 90 55 9 5
3222911 77 90 6 7
9260415 59 17 70 9
5729662 82 56 100 9
1406336 85 5 27 8
2352515 98 53 71 6
2987393 77 41 54 10
5522821 1 63 100 5
6346118 15 10 56 5
5918085 60 41 57 10
2153864 22 52 93 3
1656199 40 66 59 10
4093317 42 53 21 4
415115 21 21 71 5
5129605 63 27 14 3
7644550 13 81 4 8
1832334 62 32 37 8
6991247 31 27 98 1
4943239 90 22 31 5
169361 2 12 59 9
7036300 24 12 76 6
6636953 36 61 79 5
4918681 79 14 88 3
3671450 48 5 66 2
2504092 50 87 46 2
3579294 7 29 66 4
6792607 80 25 25 2
488864 5 71 69 6
7345570 95 25 7 2
3245476 50 98 85 2
69029 39 3 4 1
7876005 2 82 45 8
9641381 76 15 57 2
8574372 87 64 29 6
9035174 88 33 27 7
7171498 55 100 54 1
5612973 74 58 71 2
5825967 87 12 36 6
2649521 77 80 46 9
4603313 3 59 41 7
6088116 11 67 38 8
1869240 27 93 32 6
9528765 73 69 88 7
398782 51 32 71 4
5137855 69 69 80 4
5504448 19 47 45 1
9727425 72 54 85 6
9817539 88 11 40 7
6049221 53 42 73 10
4005318 64 22 94 3
7912904 51 21 16 8
9158089 34 87 68 8
8773067 84 59 93 6
9690572 21 27 3 2
1390029 48 97 19 8
4380112 68 77 94 1
6759888 19 3 55 9
1148370 33 61 88 3
7699926 6 43 64 4
6770137 50 52 89 4
2493915 86 85 70 2
798171 5 90 97 8
2772349 42 65 92 6
1576414 96 80 24 2
8000993 5 50 20 8
5703139 61 52 14 6
1406436 82 94 51 6
3997161 43 3 9 7
2450922 27 68 78 10
5289449 69 40 85 6
2299369 13 8 88 7
3108334 16 8 95 3
4945392 43 40 66 3
3098098 18 71 45 7
7724533 79 56 76 9
9780725 14 46 53 1
8666623 37 18 28 5
4072959 27 6 33 6
228865 50 76 67 8
2543110 29 100 40 4
8379916 6 94 18 10
3393038 63 53 100 5
9371151 88 85 83 4
4048399 64 12 4 9
5494291 56 77 2 4
4302357 13 61 32 4
2883100 16 30 80 2
9834013 10 82 62 3
5436957 83 16 35 4
9248288 93 51 31 2
2432548 22 74 8 5
3241509 46 34 31 10
7593512 90 95 93 1
3739182 63 17 50 1
2227761 68 96 1 1
8801843 99 7 73 2
6940217 66 25 23 7
5082681 83 10 71 7
8490555 51 26 66 5
6835772 3 42 58 8
982589 44 8 50 6
341566 22 94 69 4
331327 9 27 87 9
2694719 37 71 1 6
4480570 53 90 60 10
6407748 17 22 28 2
4357700 90 40 25 7
644678 53 26 44 2
9025094 85 98 82 7
1044043 44 69 65 10
3767884 17 8 12 6
7325260 49 41 19 5
3501652 77 46 80 7
7710295 62 41 95 7
5520983 98 40 17 8
2516569 59 36 26 1
8695385 26 98 61 6
177755 6 91 95 5
7724636 67 67 29 3
4597340 77 94 70 6
7038558 56 89 79 2
4963934 1 53 54 4
6725211 85 91 28 10
839266 36 67 11 1
5938788 4 44 8 2
6397542 34 28 27 10
1937002 58 36 75 5
9688683 1 42 13 9
1496686 78 20 48 8
6512239 17 71 32 8
4517488 57 76 41 1
1343094 62 8 45 7
7523961 9 44 42 7
398973 8 68 23 5
4533887 64 47 62 6
1896065 47 48 79 6
4507266 62 9 2 7
6456962 89 56 43 3
1586817 5 22 9 3
2332293 89 11 86 10
1349254 28 55 80 1
9094791 81 23 19 4
4484744 38 40 30 4
2924161 39 36 67 8
1420938 9 32 39 4
8709771 49 37 79 8
7968394 88 25 18 9
4644493 42 17 87 4
1750671 52 19 62 10
2307729 90 35 55 4
9485973 59 75 59 2
2266775 61 40 72 6
8459928 33 95 18 4
9256600 32 54 29 8
8922778 2 21 45 9
9821847 4 76 74 8
6016670 75 57 39 1
1926817 1 65 6 10
8617634 18 41 25 6
4114085 64 61 73 2
7001768 63 98 88 1
9502379 21 91 57 3
9823921 55 36 26 4
9895602 22 31 95 1
3829428 11 73 4 8
1486516 61 34 11 6
323255 86 34 59 1
870073 2 4 90 7
1175226 53 84 49 2
4099771 24 65 65 9
6444730 82 94 97 1
6772411 63 88 58 10
1777344 75 44 22 3
317121 89 17 63 5
6411974 31 41 63 4
8203975 34 52 37 6
2981580 28 53 44 10
976588 20 38 20 3
5091027 93 6 46 4
7986900 79 29 67 6
1203928 67 8 5 9
1509084 91 4 57 6
9264862 20 9 56 2
931550 95 42 2 8
1877730 54 38 82 4
1998562 92 95 17 5
7122660 56 76 20 3
632548 76 54 34 2
4527846 18 36 72 5
8437480 54 77 28 8
5150444 61 18 70 5
5463793 56 8 98 6
5861108 56 6 54 3
6536950 15 42 67 3
8818423 39 53 4 9
4652792 99 41 31 3
8136441 94 37 85 7
8509180 64 36 33 6
6080254 41 25 31 2
7591685 76 30 17 9
2500360 87 63 62 6
8427273 27 70 25 5
8259349 94 72 74 1
4740887 3 38 62 5
7309079 24 92 74 8
1859354 64 16 52 7
2246431 85 5 65 8
1572645 11 44 44 1
6008613 92 7 48 4
6967082 32 54 50 1
8185648 52 40 52 7
9469747 38 72 22 1
8959796 21 31 51 5
2031414 18 67 93 7
7905079 7 70 70 3
2117431 11 14 58 6
5941048 85 52 70 8
4949818 34 30 86 1
261947 33 42 37 7
1025846 94 57 39 1
1378110 32 96 97 5
5326654 64 37 19 4
9570113 40 84 89 3
3698501 93 76 83 6
4855621 80 23 17 6
3942216 17 73 73 6
6473546 97 24 29 8
3141451 56 29 77 5
540496 2 41 92 10
227153 60 65 66 9
6580050 88 39 3 5
481106 92 91 27 10
9811792 63 6 42 1
9590613 8 78 95 5
5992278 96 45 65 5
9754458 45 53 77 3
2387814 80 79 71 8
3964775 43 45 94 7
6008680 75 76 45 2
6420328 95 71 64 8
3704681 21 34 97 1
8798059 94 92 67 6
9842537 38 75 45 5
567149 42 54 11 10
6117224 48 82 85 8
2744175 11 61 36 5
9303919 59 6 27 4
3555177 83 83 97 9
4396914 52 71 26 6
280427 63 17 30 9
6547316 27 7 14 6
4603765 73 97 30 9
5900150 22 5 44 7
3278708 8 77 7 9
6899574 21 36 67 2
4732793 19 68 29 10
616312 26 32 80 9
8867709 97 7 10 3
4728705 85 69 99 2
6649731 10 38 84 9
4763523 44 29 60 2
3538821 76 66 34 3
7407494 98 33 68 7
9727879 60 72 8 3
284553 55 24 73 2
5076874 71 84 94 6
8693644 32 34 95 9
2172813 50 66 37 8
515982 37 22 98 3
3075983 70 73 36 9
9033616 99 99 17 6
1798029 83 64 39 8
8228755 60 51 49 8
1765267 71 73 43 9
5457813 66 90 15 3
9953176 14 60 35 3
2230171 92 86 80 8
3962781 100 60 57 5
948129 8 79 80 3
5105569 79 20 97 1
5816231 40 75 38 5
4409255 35 57 6 4
7428008 93 93 77 8
6397869 11 46 5 3
5744558 10 13 71 6
7833518 93 11 9 5
618416 43 85 35 8
1273776 14 70 44 6
2564017 52 70 10 1
5797818 94 79 87 7
796603 91 46 65 10
3585980 3 27 89 4
6305733 31 2 80 8
786374 39 40 55 2
4235208 94 46 57 7
8050635 55 61 70 8
6903756 13 16 43 3
657358 51 38 24 7
2156495 2 32 5 8
810959 94 76 52 7
393167 79 13 4 5
3508178 6 80 17 3
4220888 37 32 89 1
356313 42 31 56 9
3700700 67 35 20 4
4716508 100 89 18 6
8976364 10 38 28 10
1791981 76 40 85 8
3819500 79 6 83 1
835567 56 80 12 8
7088110 83 13 25 6
2412526 48 90 8 4
403442 58 96 69 9
548852 53 18 52 6
6404084 26 41 53 1
6031353 57 95 62 4
2172923 85 7 57 6
4296703 20 39 100 10
