712
638 13 0
794 8 2
522 7 1
174 10 1
62 9 1
820 7 2
89 9 0
163 2 0
151 2 1
497 7 0
29 11 0
433 7 2
510 2 0
210 5 2
877 5 0
347 2 1
675 15 2
543 14 0
131 5 0
315 8 0
194 1 1
245 4 1
658 1 2
674 8 1
295 11 2
446 10 1
148 8 0
583 3 0
388 3 2
202 5 1
581 6 1
35 7 1
891 8 1
112 13 0
65 10 1
814 2 1
320 12 2
441 7 1
646 14 1
760 3 1
617 11 1
117 5 1
279 1 2
233 12 1
851 15 1
150 4 1
752 14 0
119 14 2
796 9 1
515 10 1
605 14 1
687 10 2
837 9 0
290 15 1
659 13 2
863 10 1
135 14 2
549 12 0
681 3 1
8 4 0
593 1 1
404 15 1
503 10 0
630 2 2
215 11 1
724 8 1
176 13 2
478 7 1
180 9 0
274 9 0
548 8 2
812 2 0
369 13 1
753 6 0
102 6 1
769 11 2
399 4 0
50 10 2
440 13 1
224 4 1
797 15 1
805 2 2
889 3 1
239 15 0
72 10 0
191 11 0
146 15 0
223 14 2
710 10 0
608 3 0
770 14 1
6 13 1
294 12 0
771 13 1
260 10 0
509 4 2
599 8 0
747 11 0
519 14 0
268 1 0
305 4 1
849 6 2
144 6 1
251 1 1
439 7 1
47 7 1
472 6 0
304 7 1
505 1 0
451 11 0
234 7 2
395 11 1
91 10 2
470 14 1
303 13 1
454 5 0
340 3 2
231 15 2
177 1 0
462 5 0
884 15 1
644 5 1
195 12 2
424 3 0
508 7 2
780 8 1
485 7 0
201 1 2
499 6 1
525 4 0
192 15 0
246 11 0
640 3 1
647 10 0
97 15 2
140 4 0
859 3 1
429 14 1
486 11 1
46 12 2
484 3 0
314 5 1
559 10 0
735 10 2
413 14 0
122 3 1
813 5 1
634 5 0
892 2 2
153 6 1
533 8 0
27 7 2
179 7 2
325 5 2
763 10 1
247 1 0
343 14 0
513 10 2
697 13 2
225 9 0
237 14 2
82 7 0
338 11 2
182 10 2
435 8 1
52 8 0
442 14 2
761 6 0
227 13 0
331 2 2
393 7 2
750 7 1
110 6 0
383 7 0
811 4 2
682 15 0
894 4 0
108 12 1
132 3 0
390 8 1
380 8 2
580 11 2
818 6 2
469 3 0
139 2 0
532 3 1
142 15 1
445 15 0
788 11 2
595 11 0
312 10 2
282 8 0
0 7 1
415 4 1
147 9 0
232 7 2
107 8 1
236 11 1
731 4 1
278 10 2
248 3 2
834 14 0
806 14 2
263 6 1
68 4 2
159 6 1
318 9 1
197 5 0
402 10 0
185 10 1
637 8 2
409 2 0
124 13 1
422 5 1
33 6 1
3 12 0
184 11 0
103 13 2
714 4 1
626 11 0
240 12 0
66 11 2
12 10 2
823 5 0
93 13 1
491 13 0
568 15 2
709 15 1
90 1 0
782 1 1
824 15 1
118 11 0
666 12 1
496 6 2
447 9 2
261 5 0
588 1 0
366 8 2
357 2 2
670 5 0
738 11 0
2 2 2
542 9 1
829 14 1
774 2 2
552 15 1
167 8 0
680 3 2
684 8 1
693 1 2
521 4 0
773 6 0
807 3 1
729 4 1
418 14 1
406 11 1
267 9 0
621 6 1
344 10 1
663 11 0
879 10 0
41 9 1
787 11 2
87 4 2
507 8 0
106 11 1
618 10 2
609 3 2
198 7 1
38 9 1
214 6 1
95 5 2
381 4 1
238 8 0
808 6 2
577 15 0
271 13 2
597 11 2
864 15 1
720 11 2
573 12 1
878 2 0
688 9 1
833 11 1
661 15 1
420 4 0
736 5 2
536 7 0
116 3 2
306 2 2
694 12 2
523 12 2
875 12 0
11 8 0
391 8 0
9 1 0
289 14 0
378 9 0
308 10 1
471 8 1
627 13 0
547 13 0
463 15 2
783 3 1
265 13 2
339 12 2
800 7 0
211 2 2
310 8 0
615 12 1
394 6 0
57 6 0
795 14 1
455 7 2
488 3 1
379 1 2
535 13 1
187 15 2
669 2 2
376 9 1
719 11 1
527 7 2
405 13 0
154 4 1
474 5 1
826 3 0
692 5 0
546 8 0
538 8 2
411 1 1
836 7 2
777 8 1
326 3 2
125 10 0
28 7 0
283 2 2
71 1 1
448 8 0
40 11 2
242 13 2
49 6 0
792 9 2
642 4 2
895 1 1
24 11 2
584 13 0
449 15 1
781 15 0
725 3 2
36 4 2
64 11 1
51 9 1
115 10 0
539 5 2
861 12 2
284 15 0
235 10 0
105 1 2
37 6 0
483 15 0
281 2 1
466 2 1
810 8 0
716 3 0
648 1 1
58 15 2
786 8 2
21 3 2
427 13 1
382 4 2
70 6 1
500 7 0
561 7 2
667 15 1
165 14 2
835 13 1
730 2 1
748 3 1
749 11 2
398 6 2
5 13 2
337 14 1
778 2 0
34 15 1
317 5 2
645 1 1
79 4 0
359 1 1
397 7 2
728 15 0
844 10 0
13 8 2
259 3 0
822 10 2
280 12 0
475 7 1
855 10 0
30 7 0
335 13 1
458 6 0
767 12 2
698 11 1
832 4 1
113 10 1
517 3 1
452 13 1
881 9 2
555 10 0
329 7 2
727 10 1
126 8 2
616 12 0
858 7 1
534 11 0
482 10 1
866 4 0
302 4 0
432 11 2
332 3 1
665 9 2
591 8 1
222 1 2
632 10 2
324 15 1
867 15 2
862 12 2
480 9 1
56 12 1
758 4 0
367 14 2
291 3 2
22 7 2
628 12 1
562 4 0
54 3 2
847 8 1
311 14 1
136 10 1
717 8 0
69 4 1
293 9 1
537 4 2
241 14 1
512 8 0
713 15 1
733 14 0
700 2 1
298 4 2
86 11 2
732 2 2
790 1 0
587 11 0
362 8 0
550 12 1
384 10 0
704 9 2
809 15 1
461 10 1
821 6 0
793 4 0
160 15 2
524 7 2
846 15 1
708 13 2
20 9 0
652 9 2
594 2 0
17 7 1
845 14 2
300 2 0
563 7 2
351 5 0
374 1 0
885 1 2
161 11 1
229 3 2
166 5 0
73 13 1
819 2 2
158 8 0
373 4 2
636 2 0
817 6 1
755 4 0
460 12 0
219 15 2
865 9 0
590 4 2
660 11 0
601 3 0
726 11 2
323 9 2
273 6 0
434 11 2
612 3 1
190 2 2
492 6 0
55 6 1
423 12 2
370 4 2
421 3 1
92 4 2
504 2 0
489 5 2
19 9 0
83 12 2
711 14 2
768 6 0
506 6 1
765 14 0
899 2 2
592 4 0
200 11 1
656 6 1
629 5 1
802 11 1
371 13 0
602 2 0
275 14 1
296 2 1
218 2 0
456 6 1
407 9 1
459 11 0
45 14 0
186 12 2
557 11 2
857 10 2
739 15 2
128 5 0
893 14 2
633 15 2
554 15 1
619 8 2
759 3 1
130 15 0
705 11 2
544 7 2
255 11 2
152 15 1
603 9 1
493 12 0
798 8 1
123 2 2
203 9 0
498 8 0
776 10 2
228 6 1
611 11 0
828 8 2
673 10 0
723 15 2
477 12 2
360 15 1
349 15 0
898 9 1
874 9 0
386 12 2
607 4 1
327 9 2
330 2 1
799 15 0
467 1 0
744 7 1
60 9 1
272 14 0
567 4 2
414 10 1
712 5 2
887 9 2
886 9 1
244 7 2
313 12 1
495 6 2
572 14 2
207 13 2
574 11 1
1 7 2
436 3 0
494 3 2
353 11 2
703 7 0
18 4 2
173 8 2
860 14 2
526 2 1
109 2 1
430 4 2
465 10 2
869 9 2
756 15 0
569 4 2
651 15 1
145 1 0
556 15 2
264 9 1
604 3 2
80 1 0
94 12 2
589 12 2
529 5 1
277 4 0
297 6 2
530 15 1
31 8 1
256 8 0
740 6 2
540 5 1
479 8 0
15 6 1
111 6 2
53 13 1
785 10 0
178 13 2
545 15 2
622 10 0
870 4 1
137 7 2
213 1 0
443 13 1
715 11 0
679 15 2
428 4 0
309 13 0
444 14 1
209 5 1
196 3 0
438 14 0
678 1 2
188 9 1
873 6 0
676 8 2
560 2 1
358 14 2
364 4 0
32 1 0
226 14 0
779 1 2
453 15 2
48 8 0
372 6 2
803 7 1
564 8 1
551 12 1
868 5 2
392 10 0
206 2 0
623 12 1
169 13 2
671 1 0
815 7 2
307 11 2
412 5 2
702 15 2
745 13 0
316 9 0
212 11 1
363 2 2
419 4 1
299 4 0
625 7 2
553 4 0
686 5 1
345 3 0
16 4 2
333 6 0
354 7 2
579 1 0
586 14 2
668 13 1
10 1 1
578 12 1
181 2 1
775 6 0
516 8 2
654 12 1
772 9 1
204 6 1
880 7 1
582 13 2
25 6 1
138 1 2
156 5 0
473 8 2
468 10 2
149 10 1
348 13 1
741 7 0
84 11 2
683 6 2
328 14 1
888 8 2
576 1 0
848 11 1
43 9 1
262 5 0
400 6 2
876 12 1
254 6 0
691 15 2
252 13 2
635 15 0
100 7 2
570 6 2
301 10 1
657 1 1
172 5 2
897 2 1
856 6 2
585 3 2
850 1 1
614 15 0
