10000
5095
5339
3789
8663
1251
7799
1770
2649
4344
7519
6456
8291
833
7768
7621
5863
6234
2698
7818
8975
4691
5512
7305
4964
5507
6907
9330
3023
4835
9914
9360
4520
5059
2684
900
6282
769
9511
4344
8788
742
68
7005
9719
2024
832
9250
2164
4400
4592
5947
2476
2731
1988
7179
3161
3796
8524
7513
895
2064
3251
8620
1790
1728
3979
9416
3757
1663
8741
7376
3991
1408
5838
6259
5463
3701
1996
3982
882
9238
8173
1530
8412
2858
1326
8358
597
6667
3811
2647
2383
1484
5486
5967
1333
5468
8048
3631
6912
3544
9337
164
6641
6917
7056
8519
7361
9073
6367
6284
3385
6166
3633
6432
3389
5093
8676
426
1466
8135
3871
6167
2619
5697
9021
6943
2269
9541
7538
1412
7325
8452
2826
732
6663
7700
2882
3658
1907
6006
173
6276
6482
1891
1366
5434
6156
4465
7403
2203
8916
255
8671
9547
1427
9132
62
4379
5061
5165
1840
8568
942
5994
4063
5875
7489
4076
1572
4366
9669
7402
3649
5447
2422
3970
6352
6417
6037
6424
7935
4948
4664
3808
2326
779
714
8560
4379
3216
3486
9632
4574
2537
2507
3480
4200
5063
4753
8012
8385
8876
5919
7359
451
4218
7377
5949
3896
3661
5028
6196
2269
1945
4442
7031
1951
1013
9105
9114
7920
2519
3763
8185
2610
4766
2345
3679
156
452
7024
9371
1059
7516
9838
2195
9594
5758
3007
6847
2362
1401
5473
2151
6536
5245
3458
4401
2174
3572
8700
5856
5440
1409
7251
2048
8604
7712
9806
4164
5159
979
6992
4984
5540
7664
7466
552
5531
9049
7855
7113
5979
4588
3513
7281
4034
4490
7631
2978
6954
5745
8193
5957
307
4386
7792
7771
4147
5201
8257
1059
5509
6041
5311
509
503
3997
3643
1252
7346
7641
372
2162
7176
5554
367
98
4637
8361
1599
8230
5875
4261
9172
623
5568
2665
5104
4654
4492
7677
2868
2781
3650
6110
2845
2403
6546
6115
752
2310
1469
6971
7736
5344
5563
4824
5417
3650
3325
4221
7456
7464
6087
6512
7492
8366
8430
2877
2830
9156
5112
2847
7003
4718
6465
5375
4691
1610
1601
2191
7238
2340
8525
7421
2508
5275
4187
4607
6965
917
3270
3474
8808
1668
5869
7307
8290
6758
985
7493
9679
898
730
8560
2300
7362
3565
9274
7281
3503
4033
2646
390
8525
7073
2535
342
886
8864
9706
575
5125
9275
8057
7430
1458
2948
7036
5852
1656
5504
4966
5289
84
7708
732
767
2077
2621
2791
9509
1723
4377
7557
4172
5040
1196
6728
1073
9431
1735
8315
7857
180
9941
925
5464
4992
3511
5852
9425
4523
474
5291
5566
655
7749
8988
5670
7992
5860
394
1444
432
4782
1394
6406
1346
7235
7972
2324
51
3831
6480
6512
3617
6311
4719
3685
6374
9647
896
9443
5126
9674
2425
6787
5734
810
6748
53
9298
9839
7524
2796
3890
4731
2685
6049
397
6573
6416
9450
666
4116
9384
5623
1247
543
8872
8360
9759
8258
6999
8507
419
8648
8613
7767
2420
2686
1058
8421
1744
2529
4566
6866
4972
7774
4196
9848
9919
8538
9318
748
2203
2447
3553
5073
1074
4441
5290
814
5184
3557
3372
3845
58
4589
4788
4183
7855
611
4506
7905
8595
516
7213
5598
2628
1064
8273
1581
5365
7009
4269
3243
3696
3132
9521
4174
7063
8802
1426
7988
1007
4000
7756
194
566
4608
3455
5547
8961
4969
3471
9558
2548
2089
1868
8126
5648
7118
9659
4270
9915
6420
1203
4643
3508
5728
7771
3260
5255
3356
1561
1476
8999
2422
6371
7788
6893
1974
8701
8783
9201
7757
4820
1413
5910
1338
2285
5129
4960
8064
3207
9211
1148
2247
4238
841
3178
4164
2471
2779
6452
8812
4933
9739
4159
3658
9809
3609
6242
7891
7172
4512
2570
3660
2405
3422
8240
1959
2534
7746
1578
1108
7578
4224
3000
3898
2689
6029
1812
4532
1827
82
2403
8044
372
7603
7978
6161
7069
3550
9596
9655
282
4804
2760
2963
7014
4884
5133
9169
1118
1222
6359
3856
7103
5466
145
8589
5715
8402
7378
5482
7451
5023
6759
7616
8031
2195
5197
2426
6920
3804
1628
6450
2699
3729
7089
926
3709
6659
825
3019
1456
4390
3129
3144
4247
2161
7414
696
9352
3416
7942
3949
8827
7741
9810
862
6065
2754
5997
5659
921
1179
5284
6276
6842
6065
9239
4175
5091
2585
9107
2072
427
4437
8809
6695
7261
1992
3849
813
6979
517
670
8376
6131
5827
6181
2840
2649
6767
8007
4065
2559
3351
6566
2870
596
9329
3223
7854
6427
8942
8908
8992
5660
1170
3832
3036
7848
6741
7578
6999
8304
7640
9555
1688
2594
481
8837
2731
870
4244
9130
8553
9292
2056
7792
2179
7378
1745
3530
8624
1782
2842
563
4905
6714
5423
9032
5803
5462
4264
1439
8816
9707
7317
851
4397
2691
2544
996
1376
3747
3815
6840
3613
5166
4693
1734
508
2150
4496
1378
3519
2074
8173
8826
8175
1141
8229
7497
7866
2180
230
6369
283
5079
1202
9197
756
9289
8672
9853
1647
8966
75
7331
2496
8227
9624
9496
3544
1539
5344
9819
1853
5716
1851
5506
6108
37
5398
1138
6565
9087
7712
4726
9567
2966
8966
354
3076
4959
7254
6719
5289
1395
3076
47
103
5169
4456
3330
188
7823
7684
1307
5277
6789
3891
9604
3799
2205
7442
4676
3450
2598
526
5653
7435
9096
1572
9097
8008
1247
2643
6903
3320
2563
7981
2378
6324
6339
5341
3705
8391
5847
9405
8100
3911
1286
9432
9682
7091
5889
7222
1560
8339
1247
7774
1575
4353
1583
1212
1408
3736
7531
3456
7979
385
5476
4159
9768
5913
951
1948
967
9186
9103
3680
8417
9228
3121
8452
5986
6993
1361
3445
2413
240
4061
6487
1372
8831
6557
5605
111
1847
2992
7988
3432
6145
3209
5991
5560
6516
2655
6892
7154
2668
2133
4648
8403
5249
4833
8272
5194
6353
2071
3118
9636
7198
6703
6064
7371
7831
4516
5834
1983
8852
1226
7705
8247
1944
3615
2940
4096
6403
3312
9629
554
8924
9041
7179
7330
3834
1889
8959
2762
4404
6509
5911
3269
2134
5245
2890
9022
5748
7084
1924
1930
2412
5400
1191
3368
3704
5785
9224
4313
4708
1566
4022
7800
4760
559
5980
4780
8577
3490
5607
8361
9961
8144
559
2658
6059
2687
3271
1028
5160
9850
1016
3188
1116
5345
9727
418
8417
3279
2868
9682
2099
5049
1077
870
4492
7658
4561
5865
2742
6524
9607
4512
1064
8418
4492
8349
4055
2289
4550
8015
5323
7027
5415
7014
1115
7327
1305
3033
8442
8052
7128
2609
9640
4407
6709
8520
5828
3523
1330
3384
6058
9316
8754
7107
8953
2171
8487
5287
286
6521
9763
6446
8709
1593
8351
1788
1405
4173
5274
3162
2145
2637
5327
4005
394
5181
5488
4369
5947
4901
9257
1689
3219
838
5175
941
6481
1166
2484
9155
3181
7303
3213
7928
1088
5021
9652
7136
847
3295
2708
5122
4187
5161
316
8856
813
7835
9890
6684
7899
9782
5140
2637
6783
6516
1381
7634
1810
8087
3870
5832
2644
637
504
4275
591
3290
2108
7570
6289
1818
8848
6356
4100
288
9659
899
4316
8904
5339
663
5760
4333
3598
3774
5830
93
2130
167
195
425
7234
2523
9794
579
3188
7523
9493
6440
8062
6457
5837
6723
6208
8996
8457
4277
7322
6385
4412
6132
701
2842
597
8458
3995
6051
3196
6169
8316
4283
1793
1492
2855
1506
6517
4995
716
468
2326
3515
2800
1318
8834
4409
9976
3459
4051
7826
9544
2263
863
3346
7062
9872
9743
7926
6756
3426
4093
5286
3390
411
1547
7959
5814
393
7675
9040
6118
642
443
2663
2216
9206
1006
1687
8846
5795
355
9905
4280
8779
7226
1543
4318
9294
6103
3268
1093
869
7164
3224
4873
97
9449
7702
7210
8047
2410
8843
1271
450
2021
6207
179
6557
1853
9776
8270
8920
6144
3607
6625
8894
1532
6021
6167
4652
815
4327
8893
8131
6596
5518
1335
1151
8173
1908
3641
5578
824
6142
9814
4575
7909
5887
3219
543
4584
4112
8289
8020
8528
3090
416
1409
7736
6748
8803
3951
4953
7458
24
8011
4577
3332
9545
9324
6638
4731
1739
1888
290
5878
8454
7871
7495
3986
3002
4816
3802
9638
8728
3771
4872
6444
6507
7184
633
2319
529
8182
3372
803
4450
3534
473
7012
5576
9840
8462
5107
5709
5632
422
7397
3247
3195
9591
9016
5110
3235
9408
5550
6032
5397
3020
8517
8778
3176
3027
3164
4764
5779
8732
9487
2982
1879
4903
7362
4951
1357
8225
4818
2966
4105
5738
9206
5580
5053
721
1299
772
6913
5728
1514
6608
2409
6507
8162
7199
5302
9927
512
6643
198
7805
7076
5382
3293
6146
2442
5861
3294
1182
9792
6633
4478
7730
6572
2195
4648
6835
2714
5330
3960
4846
6450
3595
6889
9424
5572
3026
8724
9907
8531
889
9808
7140
8577
9376
6081
1797
7660
5310
8005
6216
4717
474
2478
2989
3984
7568
9615
6660
3139
2017
6826
6254
2046
7656
1016
3163
9763
3999
7022
1498
1735
8486
6704
1147
6369
74
9166
9686
1196
9265
9704
5531
3308
1026
4990
4428
2434
899
8379
2700
1432
5735
3756
6710
6833
6392
2274
6165
6570
1158
3314
1478
5230
103
4979
6471
2330
5556
5606
7019
3314
6404
6362
1003
2454
1558
7084
5725
8673
8226
180
6724
8434
1753
8616
9034
296
753
7100
7646
2547
3073
8267
260
8709
587
4417
2401
720
8354
8048
1921
9818
3604
5943
1842
1974
7083
8375
6867
2714
771
9388
9380
4379
3752
4126
6397
283
659
6855
7349
1536
1254
5965
3651
931
188
1818
2381
3391
8526
7946
2829
9618
3775
352
1085
901
7577
4035
6478
8649
9889
3750
5926
6543
3233
3796
2865
1488
8851
5672
5605
2365
3603
3873
1861
7093
2077
8464
6245
1246
474
6275
2830
1131
2522
6896
9322
7802
6655
2206
1334
4051
9603
2928
6027
5026
5855
1588
6475
8405
1898
4006
1615
2210
6512
1417
1017
2844
9442
1494
8647
1591
4145
429
3429
9853
5634
4687
1552
2138
4907
4677
9366
90
2821
7172
6085
6522
3227
7079
8822
5676
3882
4905
1004
619
9581
7362
4820
259
9998
6766
2585
4560
6969
4321
8976
3831
6522
5161
334
2763
9416
967
9689
225
5890
4034
2306
210
9773
1524
8245
2529
3291
8192
6593
2304
2207
2744
7797
7557
18
682
8640
9576
2726
5276
8586
919
5685
8638
586
1957
6697
2247
1203
403
3848
989
1200
214
8587
4700
8594
753
7933
3487
8902
2045
188
5577
385
6315
8935
9996
9531
7221
154
6818
6232
228
151
8532
5835
6974
4312
5379
112
4157
6299
5106
7080
89
1931
9667
7711
5639
5393
3122
4119
6225
5012
1365
8626
2457
8672
4562
1340
1134
5141
8799
6009
7387
5928
4091
1705
3813
4419
7547
8347
774
2003
7952
3369
7874
2498
4076
1196
3589
7440
4672
9175
5265
3518
3892
8583
6926
3574
3901
9498
1884
9909
4721
3747
2170
7811
3857
2800
5817
6836
9199
4255
9849
3207
3433
869
4272
9865
7853
6511
8706
1289
5884
8594
8655
7353
4542
3212
9132
9270
2436
5436
5763
8393
8707
4907
3347
1384
7440
2715
1985
2750
594
3406
7859
8366
4198
4729
8272
58
3564
6286
1931
9319
2390
6126
7057
7154
536
7239
7083
1859
3465
2420
2786
3392
2811
3853
7085
5033
7660
2227
8338
7929
7948
3324
5981
2134
3417
5059
569
9713
7886
6948
3975
4098
2374
673
3289
6120
5853
5705
113
1653
6164
5343
2821
7068
3748
5802
9172
5300
9140
8856
1759
1055
5705
465
5455
9870
8637
483
5247
7291
4924
3203
9120
1468
1267
4659
1784
6655
9285
2931
5407
9610
9144
3204
4409
2285
4963
3105
4712
4907
6497
2588
2109
3337
7815
7982
2316
5866
9300
2963
9409
7184
8127
222
2582
6280
7439
4879
9782
2204
6212
9702
9785
6752
964
5517
3305
8359
7033
3386
1055
709
5552
2281
9034
2255
3173
6394
8510
7685
9189
6989
6892
2822
542
8738
7714
9041
5217
928
1978
2324
2647
3940
8607
8197
9669
1901
5060
9808
9983
9270
8776
1441
2160
1633
1167
8007
2063
7742
4055
9007
6080
8436
8714
4563
9472
4493
9953
2901
6844
9972
4134
4637
9340
3909
4822
2209
6847
3845
402
6131
6073
3234
5086
7871
7823
4669
4969
8325
2352
2233
909
758
2116
5824
6816
5774
9637
5560
6414
3960
2604
9555
5611
5743
5460
6006
7443
461
2913
4907
1419
7988
4549
4681
5932
7521
5166
6452
9273
2578
8304
9867
6631
6983
4466
6664
7786
9743
3389
7457
6478
3388
2253
9147
4193
9721
1939
9641
5510
3925
7838
8172
748
367
7145
1028
606
9487
2470
5066
8260
85
2989
5689
4565
4282
4772
2722
3806
3918
3907
4124
1304
9346
1504
978
9008
7153
8536
6884
24
3432
384
4046
7946
200
3856
2521
5681
9539
3233
504
2361
8337
9480
6221
8243
8545
5700
8952
8710
6013
5927
9069
4259
5175
4113
7578
7735
9686
4680
3771
9035
1835
2903
4593
2360
6436
9127
3932
6282
3432
1580
695
6547
8249
3022
860
8440
6994
45
8379
3668
9019
6223
6136
7169
2928
2872
3884
4028
8288
451
7908
6181
6997
631
5553
7608
8592
9103
7476
5833
3414
1214
8270
243
9953
1354
142
1050
5189
1959
1750
8797
9026
2543
7107
4786
3217
3418
8332
9551
6896
1190
1926
4596
4735
8943
5171
5068
9794
4049
2127
1247
9009
2616
6355
3259
29
6394
1076
955
4280
3594
2607
6451
8220
2140
4262
9025
9588
8862
6314
5294
4437
4309
3676
6841
7274
652
8372
6534
7556
4992
8707
3001
1384
7961
9755
9886
5719
5026
4036
5872
9206
5115
6306
3255
7314
4946
8903
7777
9197
4120
8868
5633
611
693
1048
7925
5532
9900
8304
2898
9921
3900
2950
7325
5728
2335
5805
5681
3098
6115
5408
5768
42
5018
3299
1165
2124
1771
8067
3595
8727
7542
5236
2577
3399
2026
9968
7454
1993
3246
8988
203
5615
1137
2190
1563
5006
4721
6913
1612
8651
995
4268
835
5484
1337
7435
8751
7653
4071
3916
4435
5332
9096
6119
5968
287
8736
4741
8979
9758
6021
7960
9412
6172
532
3017
3405
6536
5328
2029
5403
6101
2890
598
5044
2604
1391
4639
2818
7125
2896
5049
5820
2732
8176
9316
2566
6919
3178
8401
1181
4417
3394
444
8298
7037
9986
80
8312
7360
1552
9297
3696
2895
7600
2702
613
7585
7080
1775
160
3805
4710
3663
5470
5015
3893
2814
4308
3502
5239
824
1861
7375
8357
8158
1435
6278
5012
1602
5409
3911
5248
1871
9725
1460
588
6956
8135
1422
1544
8511
9389
9338
7921
246
7775
4031
3315
9277
2487
9425
9513
8476
7771
381
735
7137
4968
8158
3763
3898
7465
7491
7734
2918
3714
6676
5143
5471
9656
2836
3104
1933
7985
9436
9822
5937
4471
460
3890
301
9824
5875
717
5493
2883
6820
4706
212
423
350
5551
2049
6311
7074
3139
3981
4371
5661
5270
2458
5928
1046
5028
9571
2919
5563
1476
2060
562
1282
5550
227
2794
7838
6492
4548
4411
1467
5524
8838
2462
3303
9792
9215
4349
349
9396
9417
9815
3516
4529
292
2383
3063
8378
998
1935
8250
2398
536
7597
2942
7838
5211
4036
6239
4232
4134
7685
3624
4840
4078
966
5014
8263
5707
1800
9287
1470
2882
6149
2978
8795
3683
2496
6272
4541
6168
4098
9933
8366
5406
4526
7262
4510
2855
9000
3069
8787
6216
4619
4449
3013
7144
9486
6558
9848
8766
9542
9831
8163
5891
5279
9584
17
3463
7953
8775
5619
6443
3690
9169
1323
6401
3077
1820
619
2397
4955
1397
1874
7256
2116
9033
2517
2795
6375
853
6036
8390
5139
867
8021
3071
2723
7746
2337
5737
4893
5905
5299
4156
1371
9746
1421
3487
146
3393
1727
8466
7462
3717
8561
2288
7421
4527
1914
2816
5909
3464
7252
4050
1503
1128
7388
2666
7899
5869
5613
5216
5629
3439
148
7591
951
9675
1216
9381
7285
7142
6676
1593
2847
3667
2430
7864
2616
3040
7006
6401
3525
1269
4690
5354
4963
7458
4379
3818
9605
1477
6845
8332
5021
8263
9841
180
2676
3098
8943
6175
7284
9482
8131
63
3408
1118
2005
4176
8584
7163
5481
8173
2477
2498
4295
7725
9987
3028
2227
6391
2075
2308
8404
9638
9191
3298
7015
4246
3306
372
3604
1461
3036
8084
4841
402
9319
7195
3130
5562
4652
8231
6868
8968
8604
3166
1163
9880
6923
3823
5306
7425
8581
4552
3311
2159
6356
5403
58
9095
7382
6325
3168
9338
2322
6927
1352
9054
9874
7660
5425
2159
5271
3892
7992
159
4477
9106
6787
2821
6685
1759
239
2298
4068
2588
2854
2000
2422
6330
6168
1439
6448
5641
7743
1114
4848
3190
1148
6272
3532
2113
8487
9001
2466
1794
413
8626
2866
1277
7515
1815
7484
756
2049
878
344
7205
6256
8820
2165
598
6885
477
4722
7726
2786
1634
400
4601
217
2938
5769
7951
1454
627
3884
921
4207
4994
3016
7458
2387
276
5614
5964
2641
8317
117
6387
8035
3070
9695
8734
7462
5794
1955
9630
9067
3697
2791
5300
5913
924
2381
1434
5192
7769
905
6287
2947
6522
5276
539
1870
8395
3804
6157
4303
4375
3499
426
5514
4912
2209
3720
3588
7768
5347
4692
2709
6925
1950
3619
9729
9939
866
1059
1936
4863
6477
2834
5055
8452
9839
92
9257
8977
5536
6283
9176
6143
4699
3171
4510
3787
9706
1733
4902
1948
2400
876
3352
1697
8921
5791
2799
5417
4375
1400
2036
3082
4565
8592
9263
7542
5098
7850
3854
2806
4460
4500
2995
3803
482
3788
7036
3226
9704
4514
9598
2272
6269
6013
5945
8766
7111
2453
4090
5932
3018
9111
1016
9094
3929
6824
9730
1474
5347
7277
3669
993
5363
6244
826
7894
1650
2008
7154
5411
8804
6358
5554
484
4052
9049
5873
5307
4132
5722
7127
6937
7659
1841
8756
3715
7389
1219
3695
7896
6643
114
7184
2021
9805
2527
8732
7111
1047
1730
8637
1771
9341
1586
5432
5468
301
3805
295
7945
2224
1250
7878
8043
9646
2927
9707
6175
7849
1377
9843
9166
5312
7513
9642
4108
9373
3934
3239
1171
2239
7317
6641
5812
7429
8887
9664
1810
2865
8099
3334
4367
4769
708
6536
1773
6074
50
1831
3599
4212
6453
4670
4798
3012
3222
1240
9430
8198
37
6532
7570
2758
2907
2820
7948
6894
1661
6684
1249
8227
9837
8177
3097
2090
7912
4291
1364
1011
2129
121
7194
9150
844
5787
2646
2169
9755
7292
8268
573
9591
6371
2659
5577
4353
1141
1715
1250
4638
2202
324
2262
6962
310
4961
3112
9765
9151
2196
3871
3193
553
254
439
1088
4144
7548
8322
5332
714
3929
730
1838
3898
9964
293
1743
6567
4481
5273
8606
4722
1583
2303
1800
9108
2985
1956
4273
6760
6836
7478
1586
3345
3844
6406
9762
7641
3573
3270
9508
2125
3157
6342
8380
5587
7616
5591
3069
2265
2663
5632
5535
6124
1842
5654
6014
8471
7758
1171
7557
8200
3686
170
4927
58
8093
9189
5788
8814
2870
3930
1122
586
4685
6360
1375
3087
1841
1420
8055
5348
873
4226
810
8570
2964
6112
8831
7875
1256
6048
3170
206
2952
3935
7103
7873
7960
2015
8081
629
4292
4712
4385
8188
6445
4557
6253
51
1424
7571
291
4441
4755
2666
8243
985
8379
8501
544
5564
3287
4040
3082
5455
321
8194
3694
6137
9594
8478
3009
35
5806
6602
5650
4197
5614
1864
1656
7593
2475
1987
161
2937
678
3101
6474
8839
1341
3615
706
5481
3369
3607
6252
4548
3904
2434
4118
9906
5889
6755
281
5800
6560
8913
9791
2456
2348
1905
2725
2760
5456
8028
5916
5595
5699
2361
2185
9499
9623
3206
8164
5476
5548
7488
7988
4083
5286
7449
37
4067
9092
6792
7728
9841
2458
9025
5740
1844
4919
8829
9539
1384
683
2843
48
1400
5830
3366
4271
663
978
3756
959
7491
4472
4042
1389
8992
4469
6008
7602
6040
5438
8507
4019
6696
7805
7267
2323
4510
8931
4302
9660
8521
8483
4258
9257
6036
2820
6894
8563
9587
202
3704
6163
8210
1928
9690
9581
311
5870
1611
4429
5942
2128
9502
1987
569
3173
3655
7146
2733
1268
6839
6532
1689
7334
929
4039
3480
8169
3866
6298
5156
1093
783
9811
3975
2457
9861
9970
6115
8817
175
7383
2264
4033
4981
6307
3914
2319
2839
9299
7248
1407
725
4606
4612
2145
4911
8752
9377
3110
5660
564
7410
3716
1969
5900
7680
4966
3111
4946
1926
3238
1303
9541
7832
6845
7479
8869
3062
9636
7881
4458
8877
335
8349
2436
2470
6521
717
3000
9328
7373
915
2101
5021
2461
2005
3585
667
4607
135
2304
9115
6156
79
8215
4507
6544
8581
2559
3000
7894
90
1600
9088
6392
7955
4528
3597
7514
1391
9639
7557
4888
6355
5728
8965
73
2715
20
818
6442
551
9277
1946
4715
6043
5532
960
4617
5306
4533
2454
2485
6592
8914
6652
7414
1892
3059
7901
5938
5258
7492
7923
1448
6237
3064
627
9010
6612
5692
4463
4965
6356
6765
9876
6740
5391
155
9515
6607
6340
8744
5264
5935
2847
9603
5801
4165
3260
4797
8525
5078
1092
7625
2302
5454
8925
9035
2329
7930
7292
6951
7913
914
3445
2211
837
9553
4041
9847
5843
9424
5166
2372
7894
713
4758
3202
1589
8837
8952
2910
3431
4246
7972
863
4539
5053
6877
7224
9156
495
3929
8563
2031
3508
8136
4920
6225
830
463
7982
1092
4125
6953
1839
7392
4612
9965
4457
3574
2926
6897
4683
636
768
7831
3707
5646
2835
3399
7850
9462
2733
925
9038
7082
600
2630
7638
7237
7598
1185
6084
4463
1989
7294
6248
626
1361
6836
8780
7540
2424
5652
6630
7359
9695
449
8936
8877
5813
6155
4209
9714
5702
5186
1006
7432
5709
1411
8449
9174
8687
2828
9377
3856
9689
8376
1423
7569
9831
2725
6414
4047
5407
8489
9725
366
4663
9386
5342
7246
9164
5737
7902
6593
498
2872
1217
744
7972
1329
3047
1140
2035
8910
8532
2449
6536
9829
9621
6933
8417
2892
2448
3936
1981
4527
1374
2721
1376
5982
5856
4846
1503
1625
7510
5775
6384
5670
2385
4183
3590
8661
8137
9987
9798
8183
5707
6974
7487
8350
4787
8427
1867
7411
8720
1515
2704
1634
8044
2680
3245
3786
7153
3037
1144
7856
2669
6142
691
2483
9532
7139
9632
3469
5722
1013
9342
7607
9505
3941
1619
8601
1130
8537
5628
7303
2204
7990
443
1800
3959
6591
4662
693
873
73
4612
8041
4327
4384
529
3416
1313
7327
5035
2525
1270
8536
3007
713
9646
3896
7519
4117
337
1862
5665
2781
6561
8815
4269
4662
5322
9965
8925
5661
2292
8841
7976
8672
5078
2247
3020
1939
7571
9544
195
4098
8644
2501
5819
1403
8087
9889
5287
2036
967
2665
6528
2067
7309
1318
3341
9118
5098
3335
7671
2829
2981
95
4831
904
3125
1798
4417
7818
8318
3982
2527
5216
5231
5185
2559
6538
8092
7556
6107
2825
7075
7652
2837
2711
4324
7040
7878
3794
1553
6749
5892
2401
9087
7940
9642
9245
2115
4885
5712
7001
4846
7141
2880
4913
9614
5926
4035
6878
5539
1896
5422
1563
6149
3335
4200
2683
4970
193
8703
7653
2186
9259
4963
8727
5776
3621
3374
7060
8319
186
1988
8589
9282
6227
4622
5536
2029
9326
1045
2329
7710
5004
6861
8721
7385
8016
2793
4788
8975
1985
384
1600
3896
2486
5539
591
2561
5756
571
6133
4429
3661
9701
7620
8109
7733
407
2907
1612
8370
2984
5640
849
7177
6201
4422
794
4861
5750
3798
6007
7820
6372
587
3452
1722
9881
1411
122
7166
427
5304
662
6777
4995
4072
5514
4043
1743
8114
5185
4727
7295
4356
6896
6116
6131
5061
8075
3553
7423
1898
881
6053
2715
8561
6338
259
6322
9063
2264
4482
6426
8071
4489
1288
6459
9812
1948
9408
8938
8842
8011
4215
4779
4446
2409
2311
5562
8333
4975
281
2461
4889
881
3011
971
2204
6930
5807
9644
2966
1262
4576
8917
3820
1599
7315
2284
8524
2950
4466
795
8071
551
1908
1000
5400
5920
7438
6809
7655
8315
9185
4563
8349
7179
1514
3192
7680
2435
2528
1224
131
2909
8814
2129
2786
7363
5441
2346
3166
6192
4080
3603
5351
5321
455
3875
4565
8857
3371
3750
3295
4037
3466
3983
6997
3685
8298
3498
5499
7911
8666
2669
8489
5986
7841
4278
2832
2283
7030
2928
2367
7434
4827
4791
8827
4987
6006
123
8166
1682
34
3418
1345
259
4369
7742
248
9823
9727
8327
7742
3041
1347
5588
8977
9032
9089
9967
9040
75
4788
2638
2762
1526
2896
2369
8987
5646
8968
8687
6892
8005
9376
331
3123
5546
9369
6059
2140
9226
1472
5507
3117
6290
5183
9943
2702
8770
5210
4813
6846
6662
8410
9838
4589
1365
3175
6586
6828
6169
5296
569
8092
7553
3377
1560
7866
5140
4051
6004
345
8816
6736
7279
6990
5809
351
8734
3155
5403
1111
3044
1550
7514
4730
7875
3400
6380
712
8586
3233
8402
8820
5353
2656
6631
8143
4515
3828
2870
2178
4641
471
428
6044
9919
5666
5904
5780
6610
8843
7218
2811
1431
2826
1459
8329
8127
6408
728
8440
4765
167
6030
8193
6344
6250
1549
6842
5806
8888
9634
4474
5104
1226
6411
6210
1659
9402
4493
9567
3274
3309
2859
7354
3647
5703
6162
6878
1655
6416
1183
986
9394
4959
8118
7782
7676
6604
848
2813
4893
4687
9755
1947
6398
8458
4593
2361
1281
9768
543
2959
7109
5272
5482
2933
6860
7247
5858
2655
6963
3811
194
7704
843
674
616
7861
7508
2307
2312
248
4823
7829
9259
7321
7642
7905
1634
972
8279
7268
9972
1004
8172
7889
319
7079
9267
7663
114
2659
8144
8917
3552
2401
8458
5944
9099
2187
4976
6814
457
4363
3440
3444
6666
3523
1138
7167
1071
334
7282
7892
9524
2929
16
7751
543
4138
2138
5427
4127
2308
5170
8483
7633
9360
2128
6333
9998
8124
6410
5078
4784
2019
1444
5343
2143
3831
9952
9639
2298
5894
9980
9001
8485
9438
8373
8103
5436
2789
4147
1860
1583
8996
2053
1295
1032
3710
7043
4816
1575
5536
151
9608
2328
7808
5340
9239
5405
363
7752
3274
7417
3167
575
382
6291
961
4265
6781
9831
9174
3193
8712
2119
7325
468
2551
5587
2122
9318
9878
4616
785
2199
9598
160
7585
5801
9784
5827
375
6843
8253
2894
9597
1297
7080
9677
270
4843
7985
6584
7662
2662
2624
2726
4262
3521
2608
8685
7448
1195
1580
3761
2047
3760
501
1921
9970
1521
5421
7022
5020
6093
4605
9607
5024
9993
2489
345
4797
3336
5572
790
2014
2096
1474
6904
4690
1049
4066
7418
372
2717
538
1099
2440
2234
5025
6046
8966
682
5042
1479
3568
2816
3892
9154
8281
4698
5498
7572
8109
830
9949
9203
2846
993
9476
8489
5068
300
7706
5860
9998
1240
8788
9951
5867
4568
1904
25
5509
9302
9568
5456
9560
4125
3932
4598
8147
2768
9893
2433
8479
1335
8422
6737
8689
7580
170
6240
3101
6271
6455
5960
8977
9052
1684
7921
5813
1128
4087
9440
6366
7364
79
9950
2347
3532
7037
9638
1539
7680
9764
3926
8914
6100
4285
1250
1836
3013
3230
632
734
1708
9742
9172
6711
5306
5632
6574
388
1144
576
2376
2968
9958
6028
6402
5195
9024
3245
8664
8420
7862
5962
1330
511
7054
2105
6714
2265
5356
3224
1199
9260
8650
1045
5720
2350
1294
1986
7129
2379
2437
7056
6456
1419
2643
2382
4548
5764
3479
4599
4327
8546
2146
5953
5590
2642
5297
1837
77
9603
962
4111
5939
3340
5774
1049
6409
1621
9885
7878
6752
1556
490
8457
3141
5766
8462
5102
314
2900
6893
5959
2518
9735
4165
3488
1593
4511
4707
2459
385
1765
1009
6476
6605
5946
4283
8809
5694
6377
2097
2547
7767
755
8264
7903
6069
1915
323
4786
7048
5875
9332
6813
2764
4657
3369
660
8508
3549
4923
5632
375
8577
4772
4264
8654
5427
1596
2413
3070
7129
3679
3743
9101
7790
5590
1374
5818
7393
610
4116
8739
6431
5366
8429
4724
5589
2256
2175
4747
5040
258
4174
1343
4245
6605
7887
3969
2568
1266
4615
7119
2907
6339
3359
7514
5286
6951
6125
4019
6091
6379
3993
9928
3026
4309
7660
8673
4522
542
1439
4810
3296
9683
7547
2822
879
6477
2334
2409
8838
1409
8245
8464
346
2113
9563
3022
2666
7137
590
5214
3469
6836
1862
2256
3337
431
8074
2625
768
4698
1868
4210
1837
4699
861
1408
8920
4919
4137
4268
3953
9094
9362
2524
9445
6331
2959
1018
580
9495
2122
7656
9218
2875
771
5679
9600
7445
5181
1822
9534
6906
9632
7770
9034
6451
6424
9896
7342
9075
8770
3113
913
2248
4851
1270
9020
1479
682
4510
1630
2629
9661
9683
1491
159
4226
5907
4206
2401
6917
964
5110
3837
5697
5050
2496
5558
7791
9291
5711
2840
4864
8095
3177
613
4164
51
1993
1703
3167
4960
2194
9732
6055
7761
7805
6419
7875
6203
7810
3805
6998
2227
831
3576
5578
8783
5745
7747
8048
5708
6338
6109
5435
8664
1997
6614
2898
1153
6602
9116
5718
9113
5037
9326
9474
2059
6383
5437
7286
5226
2733
1009
2821
1305
2882
8257
1005
3932
1100
2489
9998
5770
3243
7156
9342
8179
202
7753
2791
8902
9719
1351
2209
2826
2949
4781
3845
8607
6529
6744
7320
8827
8332
1075
4779
1095
596
5714
9951
100
5006
3644
8052
6991
4441
5989
8309
5751
7565
790
1191
9773
4434
6293
4433
4173
7999
5945
5536
2582
9185
3816
7594
8572
1502
2520
3619
8756
2072
9382
6531
7332
8288
7776
6019
3522
9338
8528
836
5349
6202
724
243
8636
8372
925
6979
7321
9991
4877
327
5035
4976
1984
116
5575
9428
1589
7000
3813
8291
5373
3012
7963
7870
2871
6431
9421
8317
204
423
8930
9674
1402
8799
9610
1249
4324
8904
6981
9699
4995
5131
9927
8555
5629
8840
1541
6402
4527
4457
1140
2264
5126
1921
7265
2438
3871
3791
9799
7414
8670
9891
5572
6681
5100
14
2552
7388
97
8541
4265
1550
236
4071
8173
3815
3148
5860
7369
6687
4003
3311
8303
9988
7849
8145
7819
4630
4723
1930
2310
9151
5595
9394
3030
5453
4121
4021
170
9250
275
2491
588
9393
8583
5834
583
7411
33
7209
2703
6417
9880
2123
7211
9744
9583
1014
5193
7815
3178
3483
5825
990
3949
3286
2261
3187
2960
3684
8789
6747
3216
9453
6398
7950
5492
9441
7828
4484
7961
1097
8285
3757
874
3545
8745
1975
6588
9626
211
6201
7181
4910
7828
8254
921
4116
7100
8731
3450
3720
7147
836
1590
2181
8700
5786
2409
3531
4848
7904
9545
7880
1395
7253
3356
1741
695
12
8624
1600
8767
3501
3711
1921
154
694
6784
5930
9470
8379
2987
4668
5886
9306
8589
4015
7263
3429
9991
3819
221
7485
100
2998
4991
804
1036
7780
4039
725
119
1552
9337
5266
160
3104
7085
5764
8659
1810
9558
96
8037
1078
99
7641
5115
8012
3360
4622
7844
169
1471
3632
9880
3570
8001
7425
7999
3401
284
9254
4729
8122
179
1271
2325
4695
1134
6963
7491
5819
4352
8062
8513
4060
638
3389
5930
8830
5051
9378
4222
816
3168
5916
3501
3788
9297
6743
2108
4000
5682
8029
9837
2262
1986
7262
3016
378
2251
5905
6561
5127
7084
6441
4432
7380
4975
1102
6517
5362
6909
6816
1637
6985
7382
7956
1928
7613
1875
7317
2876
4155
8481
4408
3417
9834
6235
3853
2584
6642
6459
8203
7738
8402
7624
3338
9197
4307
3427
6627
3011
8562
3125
3575
8567
3414
1928
1785
5545
6190
952
760
919
2431
1492
4352
6745
8125
7471
736
1428
816
4965
7165
5264
5400
3748
1351
5303
7410
4853
6324
5727
873
3191
779
2305
7633
9094
1800
4595
2051
1265
7677
738
9744
4511
1449
4658
2200
6554
7566
6923
8200
2996
9588
8351
4778
408
1662
4930
3143
5160
7120
9182
4844
3624
3553
1458
7605
9350
120
4047
4722
3924
8501
6080
7592
4229
5257
6321
6303
5962
3185
5729
6031
4192
143
327
4485
9043
5607
5727
6984
9342
3007
3448
6808
3982
6251
7494
851
8517
4786
6625
3573
3487
9603
7271
8771
2007
7975
8820
5884
6005
922
7835
6419
216
8655
9067
3901
7957
9747
7696
4417
8682
8226
4333
3439
8071
3055
7122
883
7337
7500
3600
9764
4043
9409
7824
2657
7679
5796
4445
8915
7630
5500
6940
7576
8366
1661
3012
8652
9843
5958
3793
1453
1361
5958
5210
7325
3143
872
1789
1367
4410
4730
6252
9983
2595
4965
9049
2531
7720
5937
972
4596
8549
5622
3212
9957
66
5141
8997
9465
6363
6963
881
9175
5172
4963
2010
2125
4770
814
3315
3362
5502
1522
6035
9604
8256
6042
2869
8653
5146
7298
137
6585
6464
74
9973
6053
9923
3317
2612
2875
7352
9615
1338
4548
1363
7358
7863
3245
3538
1553
8320
2579
6491
8547
648
5186
1328
9413
589
2733
4639
5960
6106
7004
4956
5149
3342
5183
1012
7976
2930
348
9131
9420
5789
7588
6792
2545
6685
7441
3450
7614
6219
7089
4234
1472
788
7210
1564
2741
785
1889
838
1548
6439
963
293
8536
1288
1266
8718
5462
2970
2890
5540
6970
1882
9810
6895
1340
4628
7078
7129
8210
5043
8560
6637
9775
7212
4851
1338
8664
3616
9622
7197
1286
3761
6369
5989
3020
9987
3141
6380
7536
6383
3933
6277
7770
8096
2595
1893
1256
673
635
7611
1052
9167
6289
3918
9675
2999
1908
4512
5133
6662
4585
4104
8701
6731
5432
2168
6892
5405
2946
7158
803
5316
7539
4932
8170
2975
7050
7587
7151
6635
6995
5068
5395
222
8296
7034
6602
1548
8904
7581
9787
5172
7892
2416
213
1346
2334
6882
3678
4277
207
6813
4330
3039
6720
2119
114
7976
9304
1376
2132
2594
598
413
8666
9931
7751
1338
314
9313
9180
8612
8930
7172
374
7798
5021
2579
6543
5179
5393
9923
2047
2754
4484
1195
913
3926
9010
7036
7708
5494
34
8235
4378
3766
8208
4341
3067
958
7293
7157
4208
4936
5091
9584
852
1431
3411
4130
5134
827
811
432
6220
7787
5274
6794
8549
6059
4596
7896
6075
9657
5613
7138
549
9870
8691
5532
8093
9350
6716
3377
152
3093
1648
3121
4720
3865
5865
4288
3004
4420
2077
1912
5370
4316
2344
2033
6219
9617
9267
4502
8753
3401
4660
4621
229
6547
2085
7467
2042
7095
5501
9527
5539
3793
3107
7549
9981
4154
3288
6082
6232
2619
5016
1087
2565
6070
7504
3259
6198
1273
1147
5083
8972
4028
7466
6771
2399
9841
1509
7637
9806
1589
4489
2523
3363
7184
3119
6823
1360
6176
8143
3658
5262
5003
746
7092
9134
1335
6796
7986
816
9004
5617
8667
1875
3565
5562
112
8838
7020
545
1327
2374
5288
5059
8113
9024
95
1800
2006
986
8457
3091
1019
7562
7265
8954
9044
1979
519
5654
7410
5219
9912
3264
3377
7894
8533
1194
1930
8969
3169
6255
2365
6524
4667
6937
862
6526
5441
9569
6958
4491
3265
9404
5483
1850
7518
5468
5486
5605
1158
37
4525
9094
9911
8838
8277
4804
9950
8143
9623
5020
4714
5453
3877
6788
2347
2799
5168
8237
3528
4284
7246
2304
4982
1562
9305
4754
3616
3231
5793
6225
4165
9020
5266
7698
2847
1770
3145
1335
1241
4666
2591
3633
2872
9601
1023
6039
1252
65
4588
3352
2913
7435
3133
5959
8487
5045
9603
2885
3778
9508
4007
8730
1613
2692
8631
1067
633
2468
5620
7675
2424
6916
8513
5698
9475
9806
6880
5839
5996
990
5196
3661
9884
5616
707
2060
7407
4782
7041
1365
4917
3927
3302
4434
6411
3280
4137
7775
1483
8236
6972
2609
6107
7652
8783
4515
497
4829
8500
3397
5796
2111
7027
5835
7665
6058
8487
5204
3514
3513
894
5918
2113
6568
2486
7345
8916
9309
3110
9879
9330
5869
7718
1643
9580
6861
1808
1383
2892
7655
2078
6198
8258
3474
2246
4689
9908
4004
3633
8596
2925
9379
412
3213
5084
7172
6375
6591
941
9836
2916
4243
1955
1119
1021
5445
3100
1764
4573
2303
6961
5010
7221
5587
3185
5541
9287
3286
2214
8476
8331
1948
7470
899
2604
8218
5984
4861
7732
8941
8980
6102
2700
6737
8854
6140
7097
3191
3113
7387
8646
2751
6262
6755
4032
6783
6326
5315
8247
2718
6989
5681
5470
5038
5562
7733
4578
561
2987
8872
4986
7865
7116
9600
8306
810
9111
7746
7311
2986
9855
7584
1125
2957
3440
633
5349
4598
263
4362
7974
734
7643
5651
1492
756
5528
7886
4660
634
1478
7326
2980
98
1507
8152
7965
8961
8440
3478
6922
1644
1884
8515
9385
8257
8226
569
1309
3359
9143
4522
6492
9588
9835
3530
7142
7368
7293
5246
2982
9939
1361
8187
6668
3701
5703
3669
3496
9389
5977
9883
7016
4272
5633
568
7352
4003
3609
9639
7249
9460
1344
7163
5300
4817
1315
5666
3667
9872
8909
7418
251
1797
6970
2225
8622
8777
4606
5605
9956
3273
2348
4073
4915
5798
6865
6602
2832
2974
3172
1849
5686
2810
9365
2717
9011
45
814
2517
4598
6980
8146
3268
4830
5549
8857
7655
7830
6223
2675
1923
3462
3553
7789
1340
5655
1596
4199
7846
87
2549
1835
8934
903
7955
5382
3090
9966
8172
5914
5539
7955
6844
3194
1338
9566
5090
9944
1833
5335
4104
9222
4506
3717
2305
20
6044
5969
3899
3707
6217
8443
4010
7611
8745
9826
1060
8727
4742
6179
6553
6969
8729
1099
424
8737
9490
2891
337
8432
7262
4386
9939
6250
3475
8336
3371
6281
851
6417
8207
1062
6796
7836
5186
930
212
7935
7701
8345
1429
4328
4585
7148
4764
1186
8676
8035
7362
7552
9674
48
2897
3601
3166
8291
8293
1900
7498
9423
8154
2730
8352
4517
3594
4094
2707
6067
2264
984
2741
5841
5735
2247
7560
4682
4784
8035
6269
3825
9062
2269
4492
9542
4290
7697
743
5328
1074
7971
2198
1828
2599
2261
538
2213
6180
7928
1067
2814
6758
9009
7236
2744
9542
1628
9039
84
8963
8483
8028
1457
2250
515
804
5398
8267
8814
1991
7904
1593
4962
4314
1915
2549
4704
8008
7030
3507
2704
6772
574
745
6401
8851
9837
767
6555
662
7678
2707
8191
9758
6308
5422
3019
7261
7818
9742
7520
6158
7746
5723
1319
9480
6046
3062
5316
4895
4928
1231
5326
5027
5963
9430
8877
4025
1185
9594
9761
5460
9344
1448
2477
1524
661
326
9432
1054
7217
5346
6943
7612
4158
9686
3491
231
5600
5439
6330
61
5418
6772
7142
4765
2059
2487
5737
4715
2474
1007
714
2022
9695
3253
2688
6338
5691
2298
7900
1562
4492
9272
7330
3150
3877
864
407
3406
2002
2526
548
9781
6595
7163
3020
1759
9838
660
7866
1085
3537
4335
7161
4251
6434
6295
2594
2312
7248
2568
4464
8115
4730
1375
9770
9558
8747
5411
7815
8407
5841
9185
1760
2802
7132
5744
8417
9798
9972
6097
9876
5900
4588
1733
8958
2031
861
7098
8129
5394
1326
9020
2477
522
6147
9897
8045
7001
8612
8342
4670
6020
8216
6490
8305
3840
1760
8347
6685
9351
4228
4933
5439
7731
3074
6399
2275
4131
35
3861
2881
4076
1999
6193
1136
3631
4971
689
7139
5184
5312
9327
4879
1072
6941
3654
7023
9851
4863
8664
1170
7585
5408
455
5585
4826
3187
985
7945
8590
2928
3588
5563
7333
1026
8130
5680
6929
5233
9585
7969
4881
8298
9127
3403
3380
9376
9635
5580
4362
515
4173
665
3747
787
9650
5053
6658
3312
6150
9608
4734
7386
9309
9628
27
2205
7632
5075
4745
1078
3649
4119
8235
7938
3780
97
776
7762
9649
5823
75
9941
8913
2893
7309
2504
4787
6642
2210
5430
5525
504
6382
3320
7735
6400
2468
9359
8832
3524
2747
8251
464
8990
6361
3426
5073
3312
3504
2234
1965
783
3329
3662
889
5587
6988
6367
4498
8987
4964
9152
1417
8658
6953
9392
7670
6586
5394
7169
9547
8351
7049
7564
6964
6115
559
1023
2691
2318
8246
7963
2647
5092
5179
5966
5025
4712
230
736
1014
3747
4754
3219
6732
2705
8096
4955
1725
5999
2963
1384
549
3942
1694
8437
3975
5644
5345
1940
2459
2219
5617
4527
8294
8163
5481
6145
4101
243
3392
6393
3451
7506
1866
1563
5582
9513
5733
708
3155
1060
4499
7076
2898
8295
2644
1475
4912
139
8163
9465
6815
8666
8622
4542
7608
6792
8183
7750
8258
4886
8760
5661
3841
8557
1094
1708
881
5377
7177
6609
6632
6017
8513
8246
8916
7362
2783
1040
9256
6617
3380
4376
7013
8622
9009
6453
9442
2437
4118
1642
9092
7591
2110
8721
6434
8469
3381
7532
7337
8973
5053
7703
3386
1398
1211
532
833
428
7467
4156
4919
3082
1789
6903
3057
1484
5006
2589
5867
5818
1638
1087
984
2708
7483
6314
7765
8305
1124
8644
1441
7311
2993
3981
7610
3812
7553
3288
2392
8331
6545
9206
5223
3449
7316
2932
5974
2285
190
212
3736
7901
4000
248
2834
681
6292
6698
4971
3545
1791
9318
2740
9535
6340
8688
3544
7155
5450
329
2943
9815
4737
162
3504
6581
320
3880
8715
4383
7818
2712
5050
40
9420
7519
6584
4855
6069
9984
9789
5965
1725
6481
7918
7273
6417
6552
7082
6698
581
1348
5315
2279
9701
793
7398
9429
7137
6342
7102
8953
3303
2139
920
9762
2930
5885
716
8159
4573
703
7196
4135
3677
7179
1076
2119
6826
9273
3737
5346
6307
9528
7964
4518
2541
9603
5680
7081
398
563
5842
3053
1594
4586
6354
7501
3030
977
990
1138
9327
6386
4120
8791
9837
3885
6748
5381
4237
2622
5415
9510
9784
3357
1368
9199
876
4439
1150
3139
826
6470
7228
587
7871
7230
7048
1903
5136
4461
1430
5179
4514
4930
6400
3733
1466
8919
4535
842
9362
6872
4835
5288
6667
4611
2697
1983
6204
4689
211
1740
6510
3749
1023
7663
8600
732
7758
3193
596
9677
8762
7928
6088
549
5180
5445
708
5562
8081
2403
9381
2643
1876
5036
1686
5772
7553
584
5078
8265
5089
3332
2983
1397
1066
4687
9788
1752
2885
9367
4523
4739
1335
7480
4506
3694
5118
4967
6730
1877
4875
8884
3042
1582
6749
3721
8158
3631
3069
1449
3433
2466
1558
2956
6739
3181
5408
9786
1416
2958
8047
5775
9081
9216
9073
1641
8526
4174
1237
6725
2630
2178
2780
5758
4621
7625
1569
3782
7866
1560
8737
680
4923
1226
4666
496
4754
4594
3951
277
7171
7396
1796
9388
2715
9329
7156
7541
6529
1141
5230
6071
3207
7140
5668
1348
2192
1585
430
3535
9924
5762
9159
5041
6348
6114
7937
8880
259
8962
3987
2724
604
6712
2226
6838
6408
3465
411
8653
198
2043
7949
2304
8838
7364
6111
9367
5498
5035
2175
3925
9124
4376
9367
1946
250
1516
8421
4772
2165
8858
2808
1508
2951
4084
4736
9408
188
723
6942
2629
8220
819
9597
3584
6440
8125
8085
6146
6961
8618
9709
2280
8640
7141
5476
3043
4415
1387
5306
4000
1842
3951
5913
2121
8995
7115
6971
4860
8918
6126
8440
6786
2691
907
9415
7356
8950
7200
7064
4213
2958
3043
1044
9351
4283
9980
1856
3155
7581
5826
1305
5539
2038
5836
7999
6452
7523
1936
9477
662
2231
5483
4280
13
9928
1820
6917
7815
5830
7625
9104
4423
2996
351
3080
4046
1295
5677
7547
4882
8793
6082
7647
8338
7917
155
173
3311
2924
3700
6867
8869
2345
2759
2864
3928
1243
2925
4267
2020
5404
7183
6034
8085
376
1742
681
8858
223
9928
9092
4342
9941
5923
7769
5967
4460
4803
6613
8905
8276
4123
3047
6910
7445
59
2958
1652
4588
862
2113
4969
9072
38
9087
1743
4763
1033
9493
4384
1441
7467
1681
4189
8685
7379
4689
7555
8066
7349
9845
1889
6613
2814
4327
1448
4522
6074
1420
249
9529
9939
1324
9766
4589
1839
7571
1000
1023
6649
6708
5262
8827
3854
4409
132
4528
5836
8840
4813
5281
6407
1690
9383
9589
4805
8517
2567
6916
9167
836
2913
9069
8007
7103
9274
9930
5900
7088
8573
9532
2351
2368
5451
3815
6936
1857
590
4937
2352
7771
4746
1380
6802
1841
158
7962
7779
3887
4153
9662
8692
2074
7631
1405
2956
7005
1813
7529
8049
6836
1399
7930
9260
4446
5540
6094
6127
7122
713
6369
1574
7007
2114
7947
6724
7753
632
8267
2326
9289
2528
5697
8358
5706
3405
8688
5560
2491
700
9946
9710
8180
1538
4181
6563
9719
4226
1546
4244
4409
307
8833
4581
2606
3051
9746
8418
2939
3859
3436
5737
2929
2207
1124
3444
6330
9466
4902
382
9879
5344
2495
8845
3027
3986
4930
2460
291
5302
202
5076
4395
8777
6411
2439
5501
3988
8340
2020
6074
9700
3074
8894
5377
2449
1528
27
5873
392
3972
7621
4353
3066
8552
1105
669
9307
9981
887
8325
8746
6186
737
7097
5944
7692
105
9546
903
7453
7054
4164
8801
9909
5049
3207
5360
5511
8652
8590
6582
634
5201
923
6754
5068
7665
4701
7382
4184
5578
2215
1729
2684
9396
4398
6218
4069
9989
4994
2802
2799
324
6049
1503
6029
3379
7805
72
5406
3579
7303
2724
6017
6434
2081
1746
5195
7098
8860
2128
2698
7216
8534
3384
7138
9845
8651
3118
7195
3565
9180
5687
4614
3734
676
473
3666
1130
8938
4588
8171
6439
5393
9975
8574
1670
5551
9815
9482
6965
8769
5638
2643
6280
463
7551
4701
4954
8866
121
4276
6684
3038
9889
5442
7466
1225
2932
6511
6267
6949
7041
6816
4820
892
460
5285
6504
5431
8666
4423
3432
6287
1162
223
4233
3221
6076
6791
6158
5267
2608
9624
2331
5358
6630
1282
5713
6374
1522
3759
8285
6569
9874
741
3795
7409
1208
2037
4885
1818
2507
8948
4060
283
7512
5594
9178
8108
2107
2411
4160
4619
503
7725
4416
2924
2254
3806
1648
9636
4498
8705
580
6358
6691
5558
2910
8201
9636
320
6454
6695
9804
3974
403
4742
1267
5820
7410
9134
6798
4321
5410
6358
6828
2355
399
515
3038
6298
4552
8354
9851
6508
7187
4039
2242
9326
5796
8453
837
5503
5313
2677
132
8466
1479
9278
3774
3072
7319
3885
3680
3415
3231
5462
47
5860
2444
399
7988
2426
4961
8301
6144
69
9677
5033
5255
8951
4077
3721
4597
3971
4843
8632
8478
5816
9922
9845
1044
9517
545
9787
1493
529
3791
1777
6800
7183
4872
283
8652
7191
8210
5653
1756
1355
1284
8069
9899
3573
6035
6310
2619
5107
1975
6858
1460
5696
483
3283
2209
3568
1132
2501
9185
519
6837
7232
8842
9565
9963
8372
3844
5884
8896
9353
2101
8917
8526
9647
7561
2327
2310
6813
3497
3865
3100
2767
4861
9382
3919
9600
524
3648
9581
7547
2151
4186
4635
4964
3855
1225
6371
3621
3545
5874
5427
536
2561
4039
5355
6073
3350
1758
5643
955
783
1689
3825
3654
4214
7214
8284
607
9510
701
330
3103
6347
5418
6558
3926
1640
8005
8808
3322
8550
1564
3719
99
5124
8579
8169
5319
1978
4129
7213
5604
8999
9909
7499
6850
5672
7204
6792
3426
6292
7982
4006
761
7666
5616
5367
1504
7601
9653
6442
3549
3309
586
7199
9063
7875
2116
4041
1887
4158
2091
9842
5808
2817
6658
9475
7499
3944
6198
8375
8728
8370
1835
327
6988
509
901
7954
1359
6996
8950
6620
4431
6925
2599
9896
9669
5448
9309
6932
6400
143
8688
4792
8458
5630
1421
8823
5350
9536
1402
5404
3146
3372
9395
8235
5998
4731
2520
3512
9802
4837
6924
6597
3940
2022
290
2647
3731
853
5400
8337
9875
3788
2202
8843
2288
5382
1691
3469
6045
840
9304
5840
6457
1134
231
7291
8041
6531
3050
2688
198
8221
4033
6120
5373
5113
8615
3004
9359
6200
8831
6560
618
9656
1492
2573
4472
4885
5700
7812
1435
940
3723
1595
7722
5694
8042
3152
1040
4098
6344
1746
2645
4842
4070
1905
9106
1107
6134
5898
4058
7198
5024
9979
5148
2457
1635
5041
1989
2277
272
3475
8955
6053
6144
9828
5611
5759
7527
510
7191
6216
5548
2892
2166
3436
9757
8753
3633
4604
5579
1004
1762
6415
5071
1041
3418
3788
6280
8994
6674
6321
4996
1269
5033
8253
5992
9874
1866
1283
5572
91
8802
2220
9763
6885
4306
2508
1663
3774
9648
2875
3599
4867
213
5196
2485
7403
5236
536
7675
8385
949
8502
9995
6899
7335
5285
7856
7292
7210
3603
1480
778
1152
405
8188
3497
9870
2341
4816
3621
2876
8588
8265
239
6206
5961
6685
3511
7083
81
2016
7327
220
7532
6644
7266
1856
5474
401
4540
5807
639
4323
5756
5568
6089
682
7049
5251
9837
9521
8710
2700
6139
9808
4372
93
3313
3863
976
2094
525
2063
4328
1710
9691
2010
6498
9964
4473
1314
8346
3532
6206
6812
9344
9212
5485
3184
6388
5602
4283
9399
8710
8091
4538
4756
3556
6358
2913
1841
9716
6680
6554
3485
97
1121
1830
2660
10
2664
624
9472
7032
4998
8151
6446
1218
1315
8396
7929
595
2909
9085
7664
8081
590
6249
3568
7814
2022
5355
8723
1546
9084
5257
9576
5793
5973
8740
7450
2060
7488
6759
3560
1612
2766
4808
6796
9293
875
9902
2207
9029
7844
8425
8245
3405
2634
7244
2244
5865
2426
6800
5624
7037
3884
633
4123
499
8208
1293
5195
3147
8955
3050
1841
8616
8661
7162
2107
7882
1720
83
5467
3021
8776
5828
9518
7279
2007
7534
5402
5258
5828
6178
7279
4565
5920
1487
3105
8831
1612
930
9608
3772
8831
4033
109
8769
7127
531
1414
5023
4584
9274
1340
9079
8642
2835
4166
842
5482
3715
8379
7346
247
5862
3179
5600
3594
6931
9123
1877
7808
2552
3650
9880
8110
6065
128
3879
4712
4125
6849
653
9221
466
6270
1709
1352
5330
7366
8800
8397
93
9857
7206
4888
2469
9977
115
418
2720
2753
4193
1697
7331
5145
2856
2265
7367
766
571
9401
7151
6540
9104
1255
6306
6006
4096
8469
1676
3774
465
857
9305
7420
7443
3738
4349
4690
8109
6194
7160
131
4499
9238
2215
973
1531
2877
9137
5279
8603
1376
1671
4233
3619
2135
9568
5813
395
8510
4488
4632
4940
5101
8279
9898
1458
3197
9142
2128
7653
621
6424
7264
1314
1846
5434
5830
8497
7040
6111
3397
4922
6162
7815
725
7188
2372
52
3007
3253
3323
9066
3238
391
9207
675
4001
4794
776
8150
63
6616
8911
3295
8073
243
5481
836
5954
3555
9023
9603
5824
5585
8909
8503
6597
8619
4180
7950
740
1302
8922
9271
5353
9106
9189
9687
623
8924
5527
5822
9361
7772
7959
7792
1701
648
2501
8924
7222
8674
7726
4536
3978
3815
8566
3283
424
6094
8052
9984
7823
2297
3810
3281
430
4110
8030
98
290
656
1210
7616
9461
8499
8097
2747
3063
8335
9806
516
6015
1436
4275
6663
2205
3549
1676
5292
7805
4295
3459
1566
7875
9437
5238
5868
3716
5085
6295
5801
8498
6453
1540
3122
6846
5723
3074
1551
4698
2680
4947
4893
266
6219
1924
1036
2690
3939
9572
5145
7735
2841
6141
5759
2614
6230
5739
3159
7892
2020
3458
9064
83
147
1702
7880
9847
8272
3487
2401
9653
2048
8613
9724
6890
9315
1845
2279
5456
7770
6142
2420
3374
1751
5716
2810
8511
6967
9023
5145
8345
6935
3199
4568
3476
8879
5734
1759
9300
2979
15
9382
4622
1228
6780
5935
3315
5698
2824
3141
4037
5935
4184
6882
3030
5095
280
1029
2010
475
4473
2297
7577
3306
1782
6356
1115
5168
6284
5093
2344
4884
8929
35
8154
9537
6569
517
6164
815
3572
3643
1201
2825
9760
3515
509
5499
2644
4842
8485
1577
673
2026
4717
3939
6546
6444
233
7747
3368
2542
4767
3459
7021
1267
2806
4167
1285
3500
1597
3280
3912
1197
8099
9098
2972
332
7206
1303
2701
7669
167
5153
575
6513
2371
3722
4713
8053
5820
2010
1114
3642
5917
4815
7326
7448
2738
2369
4747
9750
4576
3790
819
5419
6278
8857
7179
8188
5543
4569
4962
4517
7271
7640
6992
6680
1436
2810
5858
4683
8181
5897
6266
3045
4675
7449
5604
6924
8111
7937
269
6089
5703
2673
3216
9328
5283
737
3045
7210
5527
6157
9579
6806
2789
1407
4347
3857
2984
9426
8836
4048
7691
9072
6005
1656
2772
4769
3080
5007
6510
2589
8356
6651
9847
3615
771
7734
9393
2593
7553
9523
3254
8966
8967
9088
5928
2211
4221
941
8568
813
9060
2138
1949
1407
740
5527
9243
8288
3075
9139
2855
1141
9787
2313
527
1853
1285
8417
9494
5435
8796
2257
3226
2868
4726
1930
6485
2148
7990
7917
2210
1116
9780
8420
7923
7034
3204
6278
4811
1480
4493
9586
4346
3129
9478
5874
6768
4806
243
38
9313
5754
9849
1070
8574
9509
929
9726
1915
4291
5070
5253
113
3370
7605
3580
112
3182
1974
5015
8296
2457
3728
1363
9065
9803
4175
6358
5868
5007
6449
2289
4397
9524
8044
3130
3807
8843
7784
3050
484
6830
8330
7054
9650
7096
8045
6950
4194
2706
761
8716
9416
5685
3424
819
8882
3530
1855
2636
2443
7158
9672
5546
2161
4329
1493
7814
9792
9721
4830
8185
2348
2006
1667
4091
4867
6812
5357
6133
9548
2997
5651
6413
2142
927
9202
876
6555
9445
3169
6519
747
1555
5581
146
7421
1598
5597
9475
645
306
9881
5826
1055
1939
5828
224
9240
2948
4817
4292
4042
1699
859
4172
9599
9805
660
2150
40
577
7028
8811
3113
1046
8760
9025
1355
9308
8488
8229
1193
3888
2995
4815
8229
5153
4439
2606
4629
2807
774
6379
3398
9506
4444
6602
2756
2409
7116
803
1086
2318
1951
3842
1349
4963
1936
8206
5584
5030
8570
4802
1650
3974
6308
7440
609
3307
4562
3692
3370
8658
8750
2611
1793
8618
2965
9340
144
6864
3926
6547
1685
1190
6133
4320
9768
2346
2270
5760
9698
9481
8263
7341
4969
1232
2137
4212
3444
9377
943
6605
4904
7605
8757
429
9854
1838
3093
8521
9576
3792
9825
3235
5006
2480
7170
4447
5842
2436
571
5737
7598
5087
4478
6686
8983
8745
3594
7141
5392
1316
76
2903
1732
1689
354
9538
105
2964
9117
8439
8140
4828
8933
2166
904
7113
9324
9790
8124
789
643
6919
6039
567
300
8580
9440
2500
6250
3323
6584
1949
550
1069
5418
959
7294
1208
1018
8017
1293
5433
5842
2431
5109
2149
112
9956
541
3895
7147
2699
3088
7986
9582
1196
2624
6069
7434
4683
7663
8214
8360
9091
4388
3859
8040
6021
8603
4578
8018
4639
9402
2337
1690
1212
4916
8187
4650
2352
4186
5789
5586
3966
5529
3952
9836
4746
2836
9328
3544
9922
1303
2730
2700
6308
219
8178
2947
9287
8310
9016
2707
8671
5195
9398
212
4949
76
4671
9709
8460
1447
2190
1035
2112
2622
5035
6751
8172
6978
4029
3215
5906
4900
819
2692
6550
2549
802
2195
5767
2894
1037
974
8285
2896
415
5424
6994
8652
4817
3480
8521
5342
8743
2434
3147
6462
9501
4564
5177
1809
2563
6608
6702
3216
575
8928
8545
9243
8590
4467
6902
4557
2660
206
6336
7705
466
8510
3738
929
9220
2626
5948
2131
6565
3826
2262
792
203
8561
7307
2757
9574
1850
4989
4275
9050
6379
4141
6989
1243
7461
2672
1459
1647
9186
6284
6527
4885
619
8316
8903
7737
8535
5499
6358
5170
760
1329
6556
4261
4208
4300
8699
7259
8292
7580
93
4135
7419
4162
6804
6744
5726
1586
7071
2234
2215
7999
6405
730
2250
3756
840
5950
3954
7416
3006
6188
2180
3033
6444
9684
4040
8229
8952
564
2218
5868
588
2442
5113
3000
3337
7821
7037
9432
5720
7968
3782
6660
4658
2750
1715
8412
6178
8815
8327
5635
397
4097
4399
12
1924
9508
9505
5975
2490
1436
4418
8470
5989
5347
2121
8658
1538
1587
8025
6781
2348
9524
759
6473
289
5940
8705
9176
3231
2054
644
60
7959
5962
1666
6190
4313
6942
5160
7091
1190
8758
3536
7497
4775
6047
2613
7607
5519
7076
9910
137
2358
2743
590
5019
7278
1649
7425
2471
6872
3041
1349
6786
2716
2110
1514
5894
3779
4946
4950
8908
8868
2098
8763
5858
9844
4658
5884
7163
3197
7548
5515
4261
8158
1963
3351
2794
2419
7779
3430
9343
2065
7860
5394
9961
5454
3560
4016
1583
6349
2565
7335
7955
1280
2076
4681
3646
6751
3296
8105
6442
2614
9398
7348
999
3412
2250
1890
7126
934
8717
5441
801
1749
9019
5170
1447
3829
5259
5129
323
7292
8617
2365
2921
1337
8439
479
8548
8134
5470
7809
7069
753
8957
9519
6001
6544
7972
8393
3970
2165
5803
1625
1389
3052
717
1170
7746
1138
609
2765
1464
3271
4210
8171
6078
96
5043
3600
1788
5186
1912
623
1735
5525
3963
714
5163
7140
4578
8878
9720
9350
3366
3400
5646
7308
2372
9511
6437
5610
3463
8886
9648
5343
1234
6312
510
3849
5953
4056
1799
5170
9266
9533
8786
9004
8237
9802
7053
418
9913
1800
8811
2734
1398
2430
1716
5392
1078
654
3054
8593
4066
1211
4700
7043
4537
190
8644
7040
2329
1635
2317
3728
2821
9198
1165
7019
6441
3362
6046
9589
2257
4098
9894
9691
6430
5873
1072
9680
5703
7480
8172
5631
939
4266
2599
1638
6677
3372
6930
9075
1100
6082
8106
4720
9860
7076
4657
347
9562
5673
6399
5346
3404
8043
5129
2404
8283
9225
2219
5070
4562
7172
1254
1407
1651
4499
4022
5585
5410
4029
8707
4862
2352
9656
1977
7236
4807
6026
2981
6536
3425
2212
6759
3356
2026
7655
9533
2542
5977
1894
2995
7008
4598
7341
2999
9852
4995
67
6384
62
3092
1812
7341
6112
8596
8288
3221
3778
5115
7311
5338
9874
3483
2101
9496
3827
8733
4797
1197
8629
8936
3099
9680
4002
7498
1001
2670
7162
5332
810
4466
8456
7222
4447
4150
1351
536
4546
2325
1810
8779
4063
1158
407
712
8201
3835
1918
648
4056
5362
758
8707
2555
4536
66
5432
3628
2587
3446
9599
2966
6411
1936
992
4695
7036
8895
1002
5320
3257
6523
1843
1305
7746
2583
7672
9194
2345
5632
2362
1765
4556
5976
4065
4069
8085
709
1010
1728
3903
7637
7465
1939
9780
1944
3020
7696
9052
153
2278
9144
7466
3923
1950
9268
9099
196
2984
8743
7526
9772
3381
8613
9203
3516
2940
6130
207
931
6404
8911
9809
5495
6890
2261
296
9798
8055
6498
3861
6258
4719
2091
9995
1752
4144
2900
3523
9840
2360
467
892
8249
9806
7963
7917
5845
1558
8449
4722
4875
315
812
6189
8897
6198
457
3666
7563
4346
3917
1873
7600
9406
6100
5142
8118
2099
4447
7074
9873
6007
8825
9117
7122
8754
3980
4829
3433
7989
1885
9543
6036
6178
1058
7715
6601
8117
3042
5167
3212
365
166
4461
7675
4961
5694
4175
1617
6675
6154
7715
9876
3996
6377
2422
5027
1421
6659
7407
2323
155
962
5822
4161
2960
5088
4642
