150
315
32509
293
317
361
307
353
309
32500
302
276
334
349
321
350
282
270
364
353
22
258
357334
300
289
6
32503
311
335
1
286
1
356
325
295
363
352
325
325
348
357320
264
347
338
328
357325
357320
357335
281
282
32510
12
345
325
32506
285
300
4
32509
298
327
24
359
357338
289
20
281
355
341
32512
305
329
313
325
283
13
274
277
10
32514
307
315
265
357
1
265
18
332
32513
330
274
13
357331
357320
323
326
263
328
32513
328
13
22
284
319
343
335
272
272
261
325
357320
303
13
297
357323
357320
307
357326
280
288
307
282
15
363
1
335
13
295
9
297
303
7
268
291
330
3
339
262
266
337
278
272
364
293
286
16
357328
325
277
322
357337
