992
6009 640
1952 584
1407 372
8922 208
6917 743
1342 18
6746 762
1496 378
2023 593
5165 772
3143 371
526 653
4355 777
8521 120
3005 379
7201 330
8904 295
2571 766
6206 620
5110 379
3036 362
1282 603
5245 220
1647 772
2742 577
5243 617
1275 252
3625 477
129 569
5971 471
3984 331
8509 305
8602 387
4922 741
6889 388
7105 737
346 569
340 291
3893 82
2642 190
6392 56
4847 675
3195 596
8211 454
6753 125
609 406
4524 198
2248 462
3173 150
5257 409
6336 677
8749 454
1972 576
6207 488
6808 760
6372 350
4907 44
1261 442
7344 222
2708 374
7967 34
6793 574
7222 88
1683 236
4676 276
2385 254
7143 733
8419 367
5744 619
4466 328
4823 487
1138 475
5749 326
2849 399
7013 149
7593 788
2351 326
4225 115
7937 148
5680 702
3149 381
7613 609
7440 772
5501 595
889 307
1271 657
2362 246
7128 439
6969 381
1194 437
777 354
5030 487
7844 731
4816 259
795 201
9564 252
5132 314
7045 247
6785 71
2024 564
5745 780
5016 501
2430 540
8565 688
5289 669
3289 555
9041 109
5561 346
3003 76
6219 566
3737 749
5501 594
6999 516
1848 323
648 73
1553 368
4468 455
859 90
766 580
3579 761
7338 798
4656 793
3129 108
1712 130
825 168
2125 37
5169 352
1848 224
7326 761
411 210
1393 576
8593 232
5955 87
4035 729
4164 58
7782 785
6912 98
445 691
2044 250
5113 713
2004 673
7388 701
4671 688
8854 440
1188 91
361 750
4995 203
2207 439
6827 721
1693 243
972 186
8265 566
3363 638
3970 462
4830 184
1662 201
2883 42
2816 234
4374 642
6313 95
4859 511
5554 208
4428 352
3475 153
1458 682
8557 152
4253 16
2960 347
3787 407
431 631
8593 544
3567 356
3334 235
3882 593
8442 701
8636 204
2003 464
533 791
2429 566
8906 663
2169 478
52 355
537 49
4760 418
8799 159
4122 194
6224 94
6031 472
4912 633
4568 600
2169 291
9047 89
3256 104
3076 337
2839 334
6994 82
514 530
7687 664
7654 544
1767 686
7007 459
7189 542
4215 275
2503 14
1891 165
8626 465
4278 397
191 155
2630 34
4181 654
214 798
6726 18
2250 146
360 478
3446 380
999 720
5470 432
7963 765
5020 170
630 313
980 534
5124 791
8121 517
2376 296
6200 636
858 289
6948 169
8668 528
8721 388
471 755
8449 432
886 444
4154 104
5794 306
3050 437
6219 47
3728 716
1222 179
9029 275
6559 291
52 623
5398 779
3894 229
8877 53
4160 528
6071 319
8403 523
5077 535
6310 64
8308 712
986 521
8251 127
504 432
7521 658
4319 520
830 430
4121 143
4207 609
5643 99
8969 107
5276 224
5275 90
8880 145
5215 295
5734 761
2604 750
5548 99
4443 769
3072 85
8531 415
399 52
4395 516
294 110
1069 644
5597 33
1522 792
4084 763
9013 349
3071 723
8774 445
6151 761
3799 693
5961 728
1357 54
845 499
3737 341
2800 505
4372 138
5852 366
1437 408
1240 758
3138 276
4814 587
2981 354
2932 473
5741 136
2107 729
6404 169
512 272
991 270
7629 422
5675 242
3248 278
6224 85
8261 507
3773 613
9021 655
7234 608
5440 391
3897 96
1875 520
4056 695
2046 404
2453 180
745 127
1313 366
934 69
5751 566
4124 186
5131 208
8414 665
7661 459
3351 759
209 246
7278 375
4050 538
7044 192
7607 419
3949 201
3353 252
7407 220
7615 715
519 610
8461 671
7622 12
5308 760
1124 388
1117 756
5222 736
5509 403
1954 48
4534 127
5876 129
7779 72
156 443
8274 250
1418 558
1600 574
7082 445
1787 378
2999 506
3471 374
5408 492
1497 45
240 397
7037 778
8735 296
4178 458
301 730
1830 53
4807 455
378 487
191 575
4034 330
6418 556
139 124
2159 36
190 363
4148 550
1519 174
3638 47
3773 760
5378 244
5686 193
8749 67
7031 519
4784 453
6538 694
538 744
6484 25
650 348
4026 323
3555 643
1871 81
7264 489
3131 295
6105 549
5352 539
8409 592
5654 669
7666 192
1007 576
532 367
4014 399
2274 643
7226 186
686 396
962 545
7185 255
3213 451
2234 760
1327 267
587 111
1951 638
8779 628
5011 65
8665 280
1850 511
6328 713
3796 315
7546 100
559 677
8625 584
5928 363
6615 420
6579 344
8147 685
1768 590
5426 402
8477 268
5498 604
7224 551
3584 345
1515 631
1793 746
5908 129
1823 532
5386 247
745 538
7320 512
6256 489
3293 569
1067 131
4220 76
3109 394
395 140
640 748
8312 555
8930 335
5011 695
1798 666
2101 767
2430 91
1643 412
8890 568
1670 583
8677 551
413 570
5445 490
5596 279
1938 647
1519 436
5530 270
7580 204
7624 707
5823 322
4957 442
4372 333
7412 442
4729 732
3557 306
1454 741
3171 668
248 212
6530 86
3211 701
2779 227
3539 482
6061 600
2356 69
8754 646
2438 355
5087 604
5988 234
6667 771
812 204
4233 17
8180 714
8969 153
1296 318
8338 43
2447 603
3548 705
2906 283
3248 666
3889 24
1512 380
8653 729
4869 231
8099 94
3522 471
4443 263
57 722
2676 724
5482 787
3719 70
5264 262
6897 622
1546 102
3448 107
920 121
990 94
1861 163
5974 120
762 181
5932 756
4599 665
6697 459
4626 547
4976 543
812 393
5158 546
8632 218
3290 88
1437 208
7185 277
7537 370
5693 582
229 524
5132 83
8891 612
6158 59
6526 791
1989 493
3805 611
4973 97
2998 610
6980 651
152 785
7801 139
8151 690
6499 67
3193 553
1259 581
787 185
6654 750
45 417
8513 212
4724 678
6085 284
3394 569
6950 306
1476 235
4001 467
4729 648
6424 50
5325 165
3851 253
2268 697
172 509
8015 63
481 275
844 411
4012 557
3079 25
5780 396
6234 502
2552 531
6835 448
3911 84
298 185
5428 250
3235 175
654 23
2275 640
7393 760
2326 753
8793 295
620 17
9539 61
5810 596
8073 705
6722 306
5041 417
8312 130
8744 186
1670 379
5664 593
5029 551
8738 426
8026 670
8072 332
231 566
4638 361
3991 729
403 40
28 382
5606 435
1323 11
740 90
5772 173
2150 576
1401 634
7633 468
7628 14
2378 37
5428 772
3199 92
2990 560
8730 361
5638 154
2405 135
6346 748
6024 510
1389 753
1784 246
8456 379
743 416
9494 37
7809 204
4597 728
1839 472
3148 469
3851 300
8565 186
8770 242
3855 55
6445 473
6913 114
8443 230
811 330
4256 211
3095 192
2586 219
6504 368
4184 257
6414 516
1262 699
2177 227
6591 370
1764 767
8317 307
7854 230
8451 705
8267 769
2835 226
8800 783
7962 639
4573 584
5196 52
4866 96
3993 236
3067 134
1173 149
3806 260
5322 337
3108 362
2126 344
9055 300
3840 260
7846 423
3243 259
3938 533
7271 267
1053 421
8136 116
6850 51
7390 30
7503 379
6477 119
2094 645
9013 215
8677 94
2835 787
7102 435
6166 500
9025 62
4330 189
6198 614
2250 676
4311 632
2464 574
5832 115
8793 78
7058 689
396 142
8022 609
8438 379
3841 363
5672 677
4424 297
9117 703
5869 790
7314 535
2989 81
7116 74
7596 68
6304 176
3300 241
1982 549
3063 388
865 704
6975 694
3848 535
447 197
735 472
1662 459
6614 172
9426 241
6256 765
2544 719
4348 506
6139 492
8777 240
5886 558
8070 599
102 94
7701 662
5088 761
3572 192
409 741
7257 65
3267 410
4294 254
2280 306
6100 630
2148 572
2903 273
399 317
3545 642
5687 145
3691 187
867 179
77 458
7707 418
7844 46
6163 602
449 696
5774 560
4218 658
4816 647
6896 346
7082 531
854 461
8973 205
701 236
7467 296
5453 212
3156 159
5966 200
4656 570
950 783
2935 655
9028 354
6236 764
1925 655
4757 549
7740 351
4794 623
2248 416
3727 586
9045 40
5882 271
2536 93
5021 416
3532 340
1877 470
671 290
2044 245
2477 284
6614 741
7174 85
4330 618
3191 92
5931 768
2964 659
930 531
4401 335
1792 723
3222 106
8007 537
8397 188
3164 166
84 234
5933 576
536 494
3669 144
1995 605
8501 777
9019 149
8199 422
7281 291
6808 382
2823 408
3793 363
5815 722
8215 776
91 167
3893 766
5186 627
4988 35
5433 158
2740 501
5365 116
4209 370
7667 732
4630 427
795 291
2130 196
8371 574
8810 404
276 405
5941 310
1613 424
7166 105
540 273
1890 198
8704 105
8741 416
4846 251
4051 708
4010 399
8446 741
4983 49
2953 655
2637 324
3199 315
408 208
4479 396
2154 733
7528 578
2933 649
5378 716
985 479
2176 507
2860 155
8096 39
92 242
810 58
5132 497
7182 174
749 213
8247 160
3164 553
1557 38
1831 738
7968 534
65 604
4456 466
4397 251
1519 411
6253 61
7233 582
4066 459
3494 580
6301 589
970 623
4037 137
7306 41
7191 42
5913 190
4945 74
6260 790
14 789
2778 776
2028 586
1508 725
4799 522
3523 626
5414 424
847 485
5704 396
7071 530
1355 503
4556 353
2932 210
4615 738
778 225
778 506
2431 349
1169 284
6542 708
8512 144
6686 37
5955 116
3753 778
3660 431
1064 755
8733 552
1290 53
4905 644
6116 521
9023 260
2854 95
8761 730
226 321
8652 617
2588 336
7055 206
7339 625
6796 466
8615 15
1223 773
7331 528
366 436
1894 377
8069 422
6095 457
5842 589
5327 709
3872 704
6068 90
8627 773
6745 589
1300 98
381 625
1885 102
3320 17
4221 109
7497 137
4063 754
4405 305
4761 200
1167 684
137 798
7381 790
838 229
584 573
4109 492
8253 646
109 564
574 688
6391 316
6885 671
7758 746
2982 459
3126 87
6892 467
4274 293
4919 607
4202 47
227 492
4386 591
6903 305
1576 201
1184 625
1845 716
5356 229
1754 339
7775 517
7227 86
5249 683
1414 589
5356 202
5180 756
2781 151
5537 524
8705 585
5178 680
122 11
7515 487
1250 340
2615 310
1929 547
5145 238
8265 516
6024 575
2639 273
2951 530
5495 339
5720 34
4794 333
2767 547
3554 207
1116 771
2879 266
1980 317
6056 24
351 566
4229 560
6991 373
4087 185
7455 52
7569 395
392 154
5047 242
7792 450
4566 759
7200 488
4238 752
2014 729
7927 492
3188 178
7763 506
6227 641
6447 497
7429 504
1115 539
6173 251
2047 270
8694 394
1792 95
