100
10000
1309 1324
51 146
563 595
457 475
209 296
1116 1128
1209 1264
65 69
191 219
476 541
1232 1236
1149 1175
1330 1420
1116 1170
451 509
1206 1242
13 111
326 416
865 909
569 589
440 538
689 703
189 238
198 244
704 782
541 645
88 182
940 1009
255 374
775 786
1130 1168
1287 1367
740 814
393 484
142 148
1354 1384
592 603
476 587
206 255
569 628
1301 1408
747 768
758 804
429 515
546 636
1399 1440
146 224
1300 1322
1093 1187
501 522
946 995
552 671
1310 1399
1140 1169
664 772
114 144
65 169
646 698
548 557
432 549
1161 1274
644 672
1342 1406
810 924
1316 1375
292 326
285 317
1149 1218
538 634
1197 1252
1195 1247
741 770
283 349
1010 1022
96 207
224 244
1285 1306
1393 1440
1221 1230
788 837
1220 1280
1083 1116
1133 1244
23 111
234 322
1099 1196
546 645
1312 1356
228 266
890 911
929 930
539 604
365 430
217 329
1280 1319
1308 1373
1247 1273
313 361
330 400
1086 1204
1 78
663 726
39 54
743 856
629 660
118 149
1161 1172
175 269
995 1100
141 239
1090 1189
257 274
1351 1412
1125 1147
542 610
1242 1297
433 552
1104 1201
411 503
638 690
1375 1440
764 821
1059 1117
247 279
460 469
692 695
1204 1275
471 547
451 452
145 236
1292 1300
468 477
64 175
676 686
1052 1083
570 656
994 1022
1104 1121
1169 1243
968 1000
968 1072
833 858
193 206
1349 1405
725 780
841 901
110 197
1338 1421
201 209
824 918
694 797
223 255
392 417
1098 1156
287 342
375 411
947 979
154 211
1127 1140
103 187
1107 1215
30 42
484 506
832 895
985 1013
821 937
120 142
776 777
799 833
931 968
866 956
1138 1223
996 1016
388 426
445 453
1186 1281
1110 1118
642 650
102 177
976 1041
1087 1108
116 182
164 273
380 389
1218 1227
1382 1440
481 533
245 359
1166 1198
1185 1262
81 161
167 221
1346 1421
1157 1224
647 767
534 561
1371 1440
643 674
543 594
268 354
1321 1360
936 977
148 150
938 1018
1153 1166
150 219
436 501
543 560
714 827
140 253
500 548
583 604
897 1004
1112 1203
619 698
1339 1407
16 102
1135 1174
1358 1372
275 309
236 350
219 315
1133 1153
557 594
1238 1265
702 729
1298 1408
540 605
1000 1033
104 116
1299 1354
566 572
7 50
267 349
536 557
904 975
875 947
19 34
154 268
305 375
73 180
756 831
1131 1150
880 897
85 125
746 862
81 197
732 759
1396 1428
1365 1379
724 824
1146 1260
832 912
316 435
484 595
332 435
362 475
844 848
367 462
680 781
843 946
1371 1440
508 543
326 427
221 270
79 189
963 992
408 513
942 987
625 731
466 495
48 133
395 447
672 708
142 241
571 616
1313 1379
818 905
1098 1141
56 71
534 557
1189 1223
78 92
1221 1277
707 801
642 698
1241 1307
236 286
1180 1205
521 527
893 894
1064 1183
1102 1190
1373 1399
745 801
143 229
676 756
642 727
255 348
615 680
633 719
836 878
824 914
605 676
260 285
861 947
776 863
356 435
1165 1204
831 902
0 39
587 614
880 981
1187 1265
1340 1382
952 1009
905 992
437 503
969 1071
347 432
173 210
1055 1140
1296 1376
686 698
481 568
635 664
407 426
50 56
501 562
1251 1360
149 208
848 962
1289 1363
398 490
786 850
818 850
302 386
11 126
218 318
870 899
360 463
1060 1120
102 174
510 628
248 307
273 376
951 1037
1087 1159
1219 1260
906 985
1033 1088
1122 1180
325 421
972 1030
530 627
506 614
1305 1341
1067 1130
1283 1314
562 619
158 250
585 616
556 599
654 769
1106 1117
283 303
473 523
312 403
438 447
849 902
677 747
954 1008
127 154
860 910
1196 1286
40 150
1179 1228
976 977
720 759
798 908
858 927
1118 1221
1235 1350
451 514
449 484
892 955
59 109
688 774
1390 1440
828 921
338 446
957 1075
261 341
1093 1097
806 882
1155 1240
55 66
1316 1371
277 388
945 969
102 136
776 818
433 492
669 713
776 812
863 896
167 228
39 135
1104 1111
716 745
1331 1340
1334 1340
63 95
408 516
41 121
312 343
258 319
1371 1386
1155 1183
952 1042
524 623
755 777
1240 1318
234 334
335 375
221 296
52 171
638 712
1387 1440
768 819
406 416
1212 1301
1284 1316
208 298
617 726
1229 1333
247 349
1159 1260
84 129
1091 1146
1354 1402
141 206
1326 1370
25 134
860 966
1003 1017
887 934
1301 1416
941 1032
313 369
360 454
1068 1152
553 632
1102 1202
990 1050
892 998
1213 1248
660 770
502 609
177 213
923 955
951 1024
1249 1335
776 820
58 122
665 689
998 1026
726 829
529 573
572 685
1220 1310
565 637
20 87
391 402
494 587
832 895
1137 1235
492 581
975 1058
1005 1063
35 47
602 631
828 917
498 538
1359 1434
755 816
1133 1201
704 759
1127 1170
720 810
929 964
627 660
472 488
394 435
244 340
1097 1195
379 404
443 538
991 1027
1207 1305
1074 1151
579 592
397 435
465 512
367 406
28 119
1093 1110
561 567
111 182
598 688
258 340
1005 1019
25 99
582 643
980 1037
697 721
105 138
978 993
133 185
1007 1017
1181 1262
109 129
305 409
1152 1191
174 206
242 314
852 930
1220 1322
1266 1295
1070 1119
922 1039
906 945
1205 1260
625 698
1271 1279
1248 1343
203 301
425 506
432 466
1352 1363
321 352
355 426
153 174
5 58
922 1011
1216 1277
596 601
474 511
579 669
929 939
478 597
541 642
1280 1356
1354 1440
405 460
235 305
460 543
305 422
544 650
291 301
122 144
629 706
1165 1283
591 648
254 314
622 712
824 859
1024 1094
1011 1068
164 241
81 195
884 979
660 738
512 516
187 217
1380 1440
1178 1254
42 140
1376 1440
551 625
82 180
358 419
1062 1146
905 1023
569 593
1198 1254
1300 1405
1007 1019
962 1007
836 879
657 743
214 324
329 372
843 932
1014 1051
1356 1408
1126 1131
931 943
644 677
662 677
827 938
1053 1159
2 87
1111 1171
846 853
384 451
740 820
1020 1101
905 1003
105 132
546 617
268 387
589 646
992 1008
59 140
1246 1349
490 581
324 364
1128 1130
1131 1184
190 219
232 292
240 323
315 379
597 663
559 613
988 1049
499 558
1128 1147
785 810
1227 1293
279 390
142 178
849 893
1039 1074
5 42
611 719
1202 1277
1351 1414
304 362
1103 1165
706 749
1130 1228
1112 1161
932 1052
659 771
386 476
489 563
784 814
841 847
651 747
968 1059
780 830
1359 1440
1335 1355
1014 1019
258 323
1208 1251
205 317
901 914
1077 1194
935 937
295 348
1340 1360
153 214
542 586
1276 1365
814 898
164 274
672 782
1381 1440
1092 1141
648 729
999 1111
1108 1113
1264 1273
480 561
588 618
185 241
201 299
1297 1388
205 262
340 429
613 729
59 65
664 766
114 152
734 782
882 901
500 568
843 916
1396 1440
368 390
358 369
1248 1360
783 863
1399 1430
1019 1136
1194 1213
475 535
1306 1339
941 974
1365 1367
952 1068
589 676
1119 1140
151 208
707 783
612 694
868 957
512 571
618 644
787 897
989 1003
485 534
1171 1217
1177 1215
604 607
1348 1399
562 564
1159 1270
100 217
1241 1337
1017 1124
586 686
471 549
721 750
1303 1328
1271 1304
1388 1440
1350 1438
280 361
198 314
1285 1368
80 120
902 907
1186 1233
269 281
604 646
850 873
411 428
1104 1217
749 817
1027 1144
558 665
336 369
986 1090
604 700
693 796
235 295
154 173
462 573
1385 1440
1381 1432
1141 1188
184 286
808 810
541 610
253 312
754 841
1376 1410
1197 1246
1307 1355
221 308
478 539
51 131
1149 1191
1249 1278
1326 1335
1301 1407
950 1067
618 702
836 851
286 292
76 115
1008 1023
199 230
1100 1118
795 854
759 845
1106 1160
1202 1298
316 430
849 933
202 309
1002 1081
835 871
67 156
758 786
908 965
483 593
742 755
752 822
1320 1366
124 175
565 590
250 359
931 943
1357 1385
1314 1396
1222 1225
103 204
683 715
257 358
1156 1183
140 247
1135 1162
1200 1228
477 520
302 403
1220 1221
567 677
296 313
1106 1139
357 372
1353 1440
52 69
30 76
487 563
663 666
356 390
107 124
862 930
232 328
130 191
918 1018
741 807
1215 1229
925 990
453 532
88 182
1349 1416
617 676
1317 1321
124 186
822 877
221 284
908 918
165 207
1245 1264
134 151
563 643
1296 1371
1123 1215
665 714
1223 1291
603 662
1035 1113
881 894
234 344
1340 1424
1129 1222
440 496
924 1038
467 520
694 800
928 980
851 945
194 235
874 915
1362 1395
766 786
971 980
186 293
174 186
884 897
763 867
266 338
122 198
1150 1222
675 761
250 303
724 836
1362 1440
866 978
105 142
1229 1269
720 734
1183 1248
435 455
1344 1406
459 568
221 266
1139 1187
235 333
570 644
463 567
878 987
1148 1247
1273 1352
1382 1440
1140 1144
1247 1366
1347 1440
547 551
369 404
632 750
695 740
12 36
293 366
1346 1398
142 161
1296 1300
187 283
1086 1114
770 824
929 973
322 370
638 731
664 764
1162 1239
173 287
107 127
322 419
1265 1272
1380 1391
557 614
1355 1410
994 1072
905 959
559 587
1049 1064
706 762
227 264
1388 1440
1214 1277
1079 1165
631 637
451 502
1227 1235
15 42
617 645
281 379
523 561
671 687
15 79
881 904
264 313
1090 1181
471 536
1144 1251
1368 1440
725 735
813 924
86 142
38 97
159 270
641 715
879 953
828 919
1311 1365
592 607
829 832
665 687
1265 1324
741 753
894 1003
216 248
892 968
820 888
161 212
635 731
695 724
682 782
344 354
1045 1127
233 301
1044 1069
715 760
1321 1426
302 333
210 229
524 550
355 433
313 411
1342 1352
362 461
1286 1350
950 1047
1154 1252
1186 1244
1394 1440
1156 1239
1301 1381
661 772
1284 1325
309 366
139 200
905 986
620 722
562 638
115 161
1039 1049
635 695
925 930
116 164
587 597
1320 1431
184 263
1216 1281
787 847
1188 1259
84 142
1170 1254
385 427
1239 1300
1026 1046
126 184
211 315
703 795
172 237
1323 1346
80 112
896 953
1073 1140
1248 1269
745 793
579 629
837 937
692 779
1224 1231
1292 1375
685 694
675 688
1142 1229
791 828
516 609
1344 1440
1234 1346
307 350
166 241
1359 1378
716 756
1343 1433
1356 1407
264 341
173 213
1144 1193
1317 1419
672 777
261 347
1078 1090
1323 1409
867 933
741 744
742 782
369 397
699 798
995 1020
463 481
317 327
605 714
207 272
1105 1212
1078 1083
1355 1399
1265 1282
1223 1272
315 336
370 477
1279 1383
339 432
896 902
841 888
1385 1440
486 543
1250 1287
919 949
1093 1124
633 737
960 1076
397 445
1389 1440
902 962
577 677
782 847
1080 1134
331 436
408 511
1238 1256
512 519
1313 1375
760 831
210 302
1056 1165
255 292
171 269
328 363
920 1036
1051 1070
895 907
454 559
923 1037
715 835
54 108
109 160
1028 1076
482 532
167 215
459 463
652 772
202 310
1331 1374
299 317
78 115
967 1057
284 382
960 1018
1260 1261
162 165
524 552
306 377
1246 1314
866 881
590 621
616 632
97 128
859 941
1275 1334
128 143
1023 1100
1097 1100
1294 1360
1177 1208
294 332
879 880
1259 1305
492 566
853 877
1360 1440
175 243
738 747
1077 1147
1039 1140
1039 1110
41 91
962 968
1301 1351
764 797
33 79
138 183
493 587
1345 1426
212 311
1191 1286
680 698
90 136
1118 1162
1316 1339
951 1041
980 1061
373 477
276 285
937 942
600 626
89 191
408 522
85 126
635 701
815 920
1112 1173
518 523
1324 1349
585 631
97 208
1342 1385
559 575
753 809
819 915
900 1015
791 835
382 446
1018 1066
1063 1098
169 263
869 880
881 959
369 439
601 643
210 221
671 756
605 645
913 991
872 894
909 954
915 921
722 801
890 926
1309 1411
117 127
1374 1440
831 878
1050 1153
1391 1412
63 82
1244 1331
897 902
258 267
483 583
1321 1368
741 791
1161 1166
1239 1259
1390 1440
759 807
909 1007
157 231
281 349
751 802
643 727
570 602
232 236
381 445
1060 1110
1150 1166
536 636
533 624
913 941
1253 1290
1005 1031
251 269
151 209
353 469
911 923
1396 1440
654 740
711 802
132 203
1110 1148
614 723
322 414
1306 1329
740 806
459 475
411 513
284 315
1011 1015
739 810
1172 1220
957 1060
1129 1146
1253 1367
176 185
633 684
980 1048
841 940
838 944
1177 1187
256 297
1315 1325
921 981
1392 1440
705 722
1129 1211
1203 1227
264 320
1029 1146
113 220
254 321
313 352
337 358
660 780
461 506
1062 1177
581 690
161 194
402 484
1128 1164
256 337
620 699
1092 1104
1029 1112
345 421
1189 1209
350 435
1278 1371
1239 1283
1154 1160
58 69
93 176
1181 1215
1333 1360
1171 1225
1265 1347
62 126
1284 1354
593 676
618 680
501 605
831 870
928 938
122 143
900 954
991 1051
417 461
1242 1261
640 751
653 747
707 759
267 365
758 824
1150 1164
653 684
955 971
547 605
507 526
198 205
594 644
1260 1314
508 619
327 432
670 790
1183 1276
640 665
326 390
1054 1114
1021 1134
631 695
47 59
805 870
936 967
440 515
722 729
103 140
1013 1090
1339 1426
963 1000
1099 1101
220 276
274 387
541 635
749 847
825 872
92 144
104 177
1150 1175
742 813
591 601
791 856
922 1020
1126 1162
1276 1364
1251 1267
263 276
806 854
694 766
748 845
295 321
1233 1299
822 887
82 88
79 97
682 785
970 1037
935 955
1241 1356
1055 1073
671 791
1255 1296
332 383
1262 1357
612 688
688 753
1043 1112
1003 1094
1152 1191
972 1077
34 82
678 765
224 278
1195 1235
1288 1292
1222 1283
543 627
1184 1258
466 559
105 180
983 1005
1073 1154
1269 1369
778 797
1394 1426
64 138
225 250
38 95
642 696
310 363
417 470
1027 1127
1252 1370
965 1077
127 218
282 349
424 496
665 750
979 1047
771 812
354 413
1091 1135
1118 1164
1384 1440
1394 1440
541 620
991 1016
504 540
1142 1181
460 499
591 682
424 513
1001 1042
982 1027
1147 1267
560 597
249 323
1385 1440
777 892
808 913
706 805
299 337
86 123
161 206
905 989
525 621
981 1009
413 519
1103 1138
1151 1241
556 574
223 302
1201 1232
496 503
1371 1440
1087 1116
1306 1336
107 120
846 889
967 980
1395 1440
281 282
1127 1246
323 376
1337 1440
974 1036
1332 1358
588 630
584 667
121 238
183 267
1175 1205
1095 1190
76 193
358 412
360 480
74 182
813 914
1014 1038
592 705
76 78
611 684
1234 1248
686 723
930 1013
1112 1180
1011 1125
274 383
1032 1092
558 583
230 273
332 426
939 1022
526 618
381 383
690 792
604 677
1381 1440
395 418
1251 1361
1308 1423
830 936
875 941
671 683
820 906
195 219
287 349
662 782
508 509
534 584
482 540
546 589
618 693
1173 1175
535 619
736 825
483 491
1367 1383
953 993
327 379
1029 1148
636 725
240 322
604 652
1258 1287
448 466
979 999
931 1027
1240 1288
851 941
1124 1241
964 1061
1100 1203
1360 1440
447 545
506 594
1220 1332
167 235
914 982
740 750
1155 1170
126 233
1121 1237
1035 1061
1172 1241
306 328
671 781
1065 1122
238 326
420 512
1194 1257
186 302
1045 1103
113 172
270 336
850 909
1154 1162
1144 1204
1377 1440
631 724
44 95
521 626
6 102
446 521
149 155
867 912
130 200
123 243
141 261
966 971
587 640
368 467
277 376
1313 1407
1322 1376
766 881
783 841
773 822
164 252
1355 1440
1104 1122
1338 1440
712 728
365 434
804 872
260 354
456 563
7 104
46 85
948 1035
1115 1170
1089 1138
470 502
943 988
317 353
386 506
231 236
1352 1406
1259 1358
32 63
422 431
206 283
68 126
1224 1311
99 131
90 142
898 928
1105 1133
115 133
1031 1069
479 584
1179 1220
1182 1259
1377 1440
656 687
618 731
293 378
1067 1096
846 885
563 571
1140 1216
358 439
1390 1440
1138 1202
96 141
1317 1403
780 881
1074 1115
852 905
305 344
770 794
1101 1162
493 602
461 500
295 399
948 1066
118 190
845 899
1141 1209
274 324
497 530
416 459
1324 1335
921 1030
759 771
1096 1189
390 397
549 598
1379 1440
1234 1240
149 174
1203 1296
1375 1440
444 506
427 539
681 720
31 59
389 484
240 336
980 1098
496 586
1237 1328
418 469
490 561
658 758
579 628
954 1023
1328 1374
631 665
736 802
1018 1078
201 304
961 1059
655 773
416 464
640 693
93 166
453 548
298 301
534 605
1196 1271
855 893
312 338
675 705
777 850
503 567
1127 1211
691 724
1000 1093
1314 1409
1004 1063
344 438
721 743
286 379
1119 1182
376 494
1110 1193
120 188
69 177
152 257
1368 1375
13 66
281 389
1291 1321
139 230
309 311
447 512
933 981
123 203
1306 1392
1262 1379
989 1074
999 1002
13 82
1129 1182
24 27
1084 1177
562 631
587 590
1028 1133
1380 1436
367 381
197 265
304 335
393 473
1078 1111
725 760
812 823
764 816
940 1013
498 588
462 501
1400 1440
165 249
1330 1428
64 76
830 879
772 843
974 982
1304 1306
350 361
1023 1132
888 971
678 751
195 310
1081 1199
87 117
432 548
1160 1221
555 561
152 240
574 690
1112 1185
1347 1352
367 486
644 647
424 500
295 392
815 934
157 196
332 405
492 565
796 883
1107 1150
786 883
286 388
160 225
708 715
200 256
475 583
155 199
1239 1338
1257 1334
812 912
668 672
1298 1333
922 985
467 513
1132 1181
884 908
1392 1440
1353 1402
175 274
1266 1304
504 596
150 161
548 568
778 870
1298 1318
797 838
738 752
187 188
631 688
737 835
552 566
271 283
383 439
919 991
1136 1202
835 849
53 65
724 795
190 267
1224 1325
664 775
788 790
597 650
794 894
173 266
1145 1261
497 571
1067 1089
779 801
284 319
616 651
1009 1028
129 151
890 926
862 901
991 1092
157 204
515 547
1280 1344
1216 1295
400 459
219 237
623 624
810 853
1270 1319
674 731
685 741
1333 1410
278 317
656 734
411 473
643 666
815 856
596 691
1296 1359
1179 1280
496 538
770 806
804 851
233 353
1154 1180
1212 1282
368 456
1126 1130
945 1036
429 486
596 703
141 246
837 924
1022 1040
1297 1336
495 528
1348 1368
866 968
772 782
919 996
981 1056
820 889
1037 1156
856 926
75 177
736 826
1099 1176
1306 1424
174 188
508 593
1361 1407
340 423
1254 1260
1153 1236
1387 1440
818 915
679 781
881 895
21 34
529 558
1045 1141
1062 1134
1188 1277
1178 1207
912 960
801 861
1391 1440
1024 1044
706 710
988 1002
605 659
175 190
290 335
638 682
932 1033
423 490
989 1034
975 988
897 990
926 967
137 176
91 195
235 238
702 785
223 310
336 456
499 566
357 428
327 370
1146 1201
946 976
829 910
377 401
1311 1396
885 936
59 154
1257 1371
404 462
1212 1267
796 797
439 466
570 667
128 202
208 311
1099 1123
749 791
403 462
233 267
1373 1440
1002 1070
1308 1349
1222 1272
1251 1302
1202 1217
712 758
937 1017
353 458
1379 1440
609 727
1258 1334
173 260
274 315
241 272
625 640
374 422
289 355
795 849
1221 1239
1177 1227
866 890
996 1078
1100 1189
1321 1440
354 426
341 404
591 609
383 424
923 1003
109 220
735 737
992 1010
399 504
786 858
1035 1119
1013 1066
1007 1061
909 972
342 353
1157 1161
451 489
66 102
460 529
591 613
936 1009
1014 1085
1046 1061
1172 1187
548 648
1112 1218
751 821
85 183
903 973
447 502
209 304
1338 1435
506 545
66 124
538 583
178 235
240 340
485 512
1204 1293
718 829
1249 1330
876 898
1261 1279
423 528
423 527
121 194
718 787
575 652
1103 1125
662 753
599 637
1172 1207
1053 1169
1391 1440
195 213
842 960
121 157
1343 1360
271 303
299 391
659 766
506 604
1384 1435
1002 1021
1182 1263
550 631
848 897
925 935
1297 1399
190 242
1055 1151
569 658
755 814
999 1041
1191 1192
190 284
938 1020
1360 1440
733 842
129 231
1094 1145
446 501
433 497
549 591
580 624
1120 1194
267 340
993 1094
703 818
1397 1440
99 105
203 284
941 944
254 373
323 380
934 935
876 902
270 383
1331 1370
325 437
561 573
1340 1387
512 523
761 847
1328 1350
106 157
1281 1321
479 534
1342 1354
194 195
437 499
159 176
1215 1244
1063 1151
911 913
16 106
703 808
246 357
864 953
270 332
145 175
784 796
209 223
641 689
612 630
783 883
272 355
1386 1405
140 208
1153 1155
1249 1333
336 393
719 812
436 517
310 428
843 922
906 1017
444 456
205 223
252 328
786 831
879 920
286 318
567 650
172 204
1133 1210
1228 1321
1244 1281
54 163
1348 1440
617 644
1060 1138
1043 1068
802 840
1323 1330
490 554
790 805
493 557
1306 1383
145 213
24 71
648 665
792 903
1164 1218
748 818
1398 1421
964 1063
149 152
1202 1211
28 62
441 447
123 225
815 880
586 667
1026 1125
850 905
823 834
1311 1380
1101 1180
312 348
171 211
161 227
416 520
318 387
669 720
1201 1283
1330 1418
1317 1326
635 725
895 989
488 496
500 512
889 904
928 1007
1246 1254
633 719
1347 1440
359 375
25 116
281 371
23 44
1016 1061
1071 1138
530 552
761 778
550 644
241 340
60 103
879 914
1072 1081
538 630
1180 1261
157 221
932 998
737 745
1023 1133
1160 1182
753 774
522 621
210 325
1175 1262
236 266
1042 1043
90 200
25 57
94 155
745 795
307 330
72 143
1342 1396
459 501
508 562
655 690
159 233
763 779
1028 1115
107 130
457 560
1056 1062
821 830
952 1063
578 678
636 678
176 247
935 937
755 781
597 670
622 717
1275 1307
950 998
1211 1275
400 494
1119 1217
502 522
13 133
839 843
477 547
709 791
19 62
2 100
1346 1395
629 643
420 488
487 541
1007 1015
291 383
573 585
89 207
474 589
1064 1117
762 821
173 248
195 260
273 355
807 817
1212 1285
127 183
1356 1373
484 522
534 643
645 764
804 894
668 709
927 962
478 488
415 433
1197 1211
318 332
336 394
954 995
832 848
1097 1143
425 483
631 691
542 652
245 257
322 426
623 729
1235 1241
440 547
671 690
186 278
508 554
811 877
100 187
612 646
356 360
828 938
926 998
1126 1158
193 253
208 311
286 302
24 32
455 472
405 511
820 868
1290 1373
172 247
1200 1234
153 156
132 158
1322 1379
263 275
679 695
87 147
103 125
1175 1231
808 872
60 109
1399 1440
353 399
439 556
383 419
573 631
304 309
1257 1337
1263 1295
1325 1363
1021 1074
1127 1189
124 136
572 622
281 335
408 491
1076 1108
1291 1394
1113 1215
39 88
735 797
1115 1216
992 1037
1158 1223
658 708
553 577
53 94
1222 1251
60 175
575 583
966 1034
732 831
1196 1226
326 339
507 592
493 528
1092 1197
114 212
449 523
795 841
355 378
484 560
651 755
734 851
1211 1215
720 793
1154 1173
1153 1178
1008 1078
632 655
1004 1009
184 192
476 554
448 451
1078 1140
1 44
1257 1283
267 311
363 481
662 670
44 63
1201 1292
290 390
227 336
1077 1188
747 757
765 856
1356 1407
1200 1213
689 728
660 678
322 416
894 996
1309 1372
1329 1370
356 447
1150 1239
1256 1357
730 759
1363 1439
359 408
628 722
603 620
363 457
3 93
1173 1224
1162 1167
372 450
651 769
1252 1281
1309 1382
213 333
1016 1035
678 774
159 190
710 751
343 425
181 287
1372 1440
687 745
23 57
429 461
138 183
525 626
221 314
2 9
790 847
859 881
847 911
775 820
1118 1167
207 314
981 1082
1183 1267
461 482
924 934
68 106
41 82
534 548
151 195
348 462
768 789
153 224
190 234
1216 1295
988 1079
63 119
1338 1360
1243 1357
889 910
109 122
678 705
389 442
1134 1227
1106 1140
1352 1389
609 640
196 203
804 878
1125 1233
1005 1025
111 158
7 62
179 217
1355 1436
1229 1291
408 421
52 79
349 431
597 608
969 1078
236 276
814 875
1001 1116
1353 1387
186 269
1114 1164
378 426
781 829
382 440
91 125
900 960
539 568
550 623
126 146
1366 1379
175 261
704 808
1108 1161
1207 1237
1133 1141
792 897
1070 1124
1096 1184
972 1046
482 543
612 623
808 924
71 136
1169 1285
1058 1161
1170 1257
1270 1289
246 343
919 942
342 370
394 411
87 142
160 248
891 917
1284 1303
1218 1252
654 771
137 149
794 866
813 884
667 777
565 632
938 1056
25 126
1276 1352
1070 1171
859 874
848 868
303 376
1204 1279
205 324
216 289
206 307
585 697
1096 1209
704 817
841 875
784 868
994 1068
1247 1308
76 99
564 616
294 374
1246 1334
822 827
810 924
678 767
486 493
973 1091
550 665
762 765
691 796
620 660
574 682
1006 1116
201 313
466 484
615 711
907 1007
657 692
853 931
1322 1334
384 441
432 549
833 928
992 1090
1057 1169
765 871
115 181
325 334
637 728
1037 1089
277 377
1073 1186
1164 1168
355 380
411 519
118 150
67 126
103 221
738 829
407 443
754 860
950 1015
812 894
253 341
62 93
762 825
1216 1274
363 475
971 1047
1129 1174
705 726
529 625
185 222
56 106
101 122
1171 1271
438 548
453 536
461 548
423 458
1334 1387
1051 1054
1397 1399
970 1087
270 353
354 431
17 46
516 594
625 717
1316 1352
867 982
771 881
714 773
516 544
955 994
1386 1440
1277 1328
1197 1211
15 81
1356 1440
766 838
1325 1402
1247 1284
611 699
221 283
130 174
566 648
665 776
567 601
1343 1435
1334 1373
385 405
1059 1157
492 608
116 220
1228 1280
1352 1393
1394 1412
52 136
1018 1056
531 648
857 909
795 890
72 147
1171 1276
388 432
455 543
1094 1176
974 1091
1375 1421
1038 1077
348 456
1346 1440
1143 1167
601 614
964 981
529 622
1144 1242
374 462
687 771
182 211
727 756
628 682
678 726
533 608
602 662
241 302
109 220
1299 1374
1188 1268
145 206
398 463
245 357
1394 1440
1085 1124
846 853
308 326
410 454
838 911
937 956
647 758
369 469
165 228
681 762
362 403
1299 1307
9 67
560 587
345 419
324 387
180 197
1258 1314
1297 1352
826 881
977 1027
9 14
1093 1119
764 766
659 756
1087 1112
36 123
8 89
509 538
705 745
264 278
785 850
1205 1245
342 351
93 132
595 654
1065 1142
1073 1117
888 1002
274 318
1003 1049
385 407
826 829
467 496
268 296
44 120
1033 1055
252 299
1332 1434
76 125
1311 1344
1095 1175
99 176
98 183
221 305
40 47
237 291
909 958
253 324
517 578
313 340
1290 1292
616 670
1355 1368
1356 1423
552 632
1240 1330
280 334
214 280
1265 1281
578 593
217 281
406 484
409 509
538 645
1071 1097
733 824
839 877
328 334
1122 1186
425 514
984 1027
480 481
26 112
182 299
226 333
1175 1261
1011 1031
184 284
1047 1057
207 323
524 607
473 532
606 640
950 957
204 309
357 469
80 190
595 642
1386 1427
872 967
237 250
93 95
283 368
1325 1347
673 719
896 976
549 662
190 238
701 725
233 285
819 878
556 663
789 878
979 1082
863 947
341 356
271 361
120 229
326 340
852 969
1209 1271
1165 1252
897 921
1251 1300
734 813
59 170
267 329
999 1014
842 899
94 103
535 619
643 645
1388 1440
1180 1273
1157 1186
1371 1440
692 759
1071 1160
1266 1279
886 971
509 571
708 793
1385 1440
788 808
1143 1258
1255 1262
23 106
321 386
961 1071
1015 1127
338 348
1006 1048
493 536
569 576
1038 1067
1127 1210
775 827
481 492
940 997
1173 1231
180 290
1020 1078
647 663
1018 1114
1338 1341
210 262
844 849
1141 1212
0 106
186 288
1237 1317
1305 1344
1041 1113
423 507
1375 1434
698 745
111 216
456 565
930 973
1147 1246
1269 1346
968 1060
1345 1392
926 941
199 297
1349 1378
4 48
727 834
1297 1400
597 668
1069 1117
217 223
336 400
287 393
838 852
520 599
401 426
247 367
804 832
936 1042
390 482
692 706
848 854
1296 1404
1376 1440
252 351
922 981
1348 1424
1032 1050
1021 1022
1086 1181
99 170
886 994
1198 1260
1041 1141
362 451
1184 1207
262 276
793 878
1229 1307
659 724
787 841
1247 1365
508 544
814 858
602 660
273 291
845 923
1049 1088
1121 1232
642 734
1133 1214
445 471
429 509
595 683
707 825
1377 1394
1331 1354
1031 1101
1304 1346
236 334
721 793
983 1058
1168 1254
854 941
1093 1130
865 969
26 93
218 222
780 799
108 194
115 141
546 643
329 366
1399 1432
299 407
127 216
604 631
1108 1113
734 839
926 940
1261 1373
1383 1440
1150 1261
459 555
1325 1397
796 827
1046 1147
589 678
1360 1367
781 831
853 954
640 711
110 112
514 540
1270 1382
907 1014
461 578
1297 1388
1326 1374
1205 1275
1235 1261
396 434
919 942
1398 1408
382 405
1052 1068
772 778
877 913
1139 1173
266 287
1196 1305
522 523
676 736
317 323
314 433
660 737
104 204
1280 1359
1355 1394
1004 1106
1172 1243
733 743
650 718
450 474
1066 1075
1034 1055
851 921
1099 1151
188 233
453 567
436 521
679 722
738 776
447 544
1266 1334
972 1044
1329 1331
234 320
708 766
492 608
1315 1394
1272 1304
81 169
657 706
232 282
525 595
579 583
1058 1164
767 833
1041 1099
996 1002
607 722
1334 1359
656 722
168 181
342 441
1101 1170
15 96
134 161
1372 1440
436 547
868 975
212 239
1101 1208
891 974
147 243
314 318
940 1032
679 684
179 189
111 134
515 587
144 218
466 583
529 582
794 852
1290 1342
886 927
34 84
1378 1394
1095 1096
1313 1406
1266 1275
1199 1205
148 194
1029 1043
593 694
617 695
177 214
896 945
809 915
1353 1357
970 991
1092 1121
279 375
800 902
1117 1155
1298 1317
610 697
1326 1374
22 93
1136 1155
252 258
10 84
1221 1272
1100 1171
174 214
430 526
704 732
845 961
1322 1431
1049 1068
329 353
452 531
517 542
234 258
1374 1440
1161 1271
111 220
1124 1184
1320 1391
149 187
1375 1384
513 526
404 497
1189 1252
677 723
262 348
1342 1373
204 241
1268 1277
396 437
995 1053
672 751
1350 1390
1196 1216
1158 1231
746 850
647 702
345 346
641 673
453 545
1312 1368
566 674
736 754
1391 1440
679 792
982 1042
912 958
625 688
1129 1143
359 442
1242 1253
574 684
286 401
1103 1129
539 633
1283 1293
154 269
38 147
1038 1119
63 168
1191 1266
829 928
1208 1236
75 146
533 603
1105 1166
1339 1439
304 351
803 832
1207 1301
595 613
951 1016
1045 1057
812 859
1028 1030
1357 1388
1257 1345
339 436
1052 1070
913 934
366 439
1158 1243
299 394
990 1036
82 111
998 1028
128 162
756 786
87 173
423 490
739 789
961 1079
931 1044
95 101
1328 1370
211 302
1067 1149
560 667
539 614
1114 1187
356 405
1338 1387
748 824
1338 1440
159 226
515 564
456 523
831 877
706 769
987 1101
1237 1238
1027 1140
284 341
339 369
157 223
1317 1353
433 453
382 403
741 819
242 327
471 525
676 769
232 294
1382 1440
981 1008
1209 1230
1325 1432
841 844
499 505
261 335
1213 1234
275 356
1049 1055
1172 1191
114 136
528 647
368 435
830 907
1154 1236
38 151
1355 1440
580 591
443 501
1242 1303
986 1008
449 556
841 918
292 394
1193 1299
372 452
1350 1416
541 563
701 820
928 1005
1209 1218
470 519
789 806
222 225
414 481
1032 1120
859 965
306 384
197 220
974 1090
1259 1336
79 192
1088 1153
240 252
987 1072
266 382
1235 1305
2 117
1389 1440
883 950
861 909
88 178
1085 1140
469 572
987 1089
780 825
1206 1309
1179 1192
871 889
521 583
476 593
171 208
1225 1338
1113 1166
527 552
11 102
14 88
1070 1086
1064 1065
768 852
420 509
646 699
741 755
316 371
1334 1409
519 553
1097 1152
1156 1203
1253 1289
1393 1440
417 470
1130 1231
1141 1203
366 414
1145 1217
990 1023
628 702
705 805
815 910
282 392
1350 1366
470 528
331 344
439 505
820 921
693 796
1127 1206
106 127
796 878
10 113
186 292
297 358
1229 1285
180 189
538 567
759 770
1247 1252
787 907
820 899
1343 1410
586 678
1223 1231
358 440
1012 1069
21 47
1345 1440
1061 1098
398 403
1227 1293
1056 1146
474 553
347 434
73 120
489 573
0 21
177 213
818 864
1371 1422
830 906
410 477
31 126
140 258
184 255
582 675
1145 1263
1193 1238
711 816
566 595
1241 1266
931 1051
827 901
9 43
358 411
1036 1050
1144 1154
1030 1068
696 711
1051 1084
1101 1206
1177 1210
906 955
1153 1215
498 595
695 795
939 1027
943 1058
1201 1312
56 118
238 272
138 187
1297 1398
451 538
470 573
646 699
723 790
1097 1099
539 571
588 600
817 904
700 710
1135 1255
365 426
642 688
447 562
1174 1209
374 470
1399 1440
389 453
408 439
495 607
543 570
469 495
511 619
1266 1312
319 419
218 234
160 247
1358 1422
1257 1258
1108 1114
987 1035
1271 1312
1008 1123
1176 1288
562 625
374 472
1046 1082
814 843
1181 1198
110 178
866 928
1107 1112
1029 1074
806 917
357 416
246 336
1061 1120
646 735
17 19
1380 1407
777 852
206 248
740 819
531 555
1123 1157
485 520
965 1044
702 749
376 440
868 895
858 948
762 809
820 856
923 947
1170 1187
1179 1267
468 573
204 297
552 655
482 554
885 995
780 806
298 401
306 367
19 42
863 927
275 390
1291 1358
1093 1186
646 747
996 1035
513 585
1162 1169
815 828
334 342
441 546
520 581
1289 1302
921 1017
685 719
739 786
1147 1219
527 572
40 93
248 293
1391 1440
407 481
1179 1263
1329 1398
357 457
582 628
665 752
1045 1108
915 1029
160 209
1256 1293
949 1030
296 408
343 425
690 744
1292 1371
1170 1222
146 157
331 375
467 508
648 732
596 687
547 625
1320 1371
555 669
911 1011
743 839
1202 1269
922 975
342 366
47 64
480 565
515 611
163 190
341 392
210 223
130 250
969 1040
110 114
813 881
170 184
537 617
318 329
1341 1440
798 838
469 501
581 638
1283 1300
268 336
349 353
71 156
730 841
666 777
975 1035
1107 1227
557 628
911 929
1104 1127
1210 1287
935 1016
1302 1415
1155 1211
1072 1154
1309 1378
634 751
711 773
1105 1135
183 240
630 677
844 878
318 357
21 22
1071 1176
279 324
587 648
1095 1097
1007 1104
977 1016
18 117
881 984
599 676
473 575
14 85
765 790
843 956
1148 1204
808 840
334 426
1322 1372
774 803
538 549
864 945
490 557
1255 1359
556 593
1328 1424
1089 1193
550 603
385 495
140 164
279 317
226 308
932 1012
927 962
1275 1338
384 426
39 59
101 170
45 69
209 246
551 568
897 991
16 46
184 204
30 94
444 488
860 900
1020 1068
949 1039
64 107
164 272
299 307
545 645
803 813
1112 1173
371 396
512 617
781 888
25 41
509 559
907 939
68 94
943 1038
192 259
1363 1390
968 1018
1395 1435
661 682
1288 1382
86 182
1125 1192
250 283
985 1067
611 637
738 852
106 217
1365 1393
231 262
1296 1352
664 666
342 444
565 640
245 296
497 499
86 161
973 1062
1221 1241
760 859
183 215
322 386
187 275
1266 1310
1280 1288
122 168
1320 1340
1098 1200
219 236
999 1029
648 720
1320 1417
711 815
898 992
395 398
773 819
275 308
80 143
896 968
603 673
1003 1028
1160 1184
1113 1158
662 756
959 995
1226 1344
1135 1156
141 209
317 375
605 710
539 609
751 810
1 101
1306 1371
776 870
379 493
38 118
745 845
1270 1301
656 749
129 214
1103 1208
793 818
1073 1161
1018 1117
1129 1149
1255 1292
660 713
1312 1354
226 239
1071 1156
136 142
265 288
64 90
219 282
392 405
65 139
1314 1422
795 880
1003 1071
1277 1367
1208 1241
100 147
452 530
145 147
427 511
1006 1125
163 223
1308 1316
739 811
851 957
755 857
119 225
1263 1298
1083 1089
144 251
622 632
442 509
198 211
473 542
789 814
395 463
1345 1377
1167 1248
366 438
1143 1197
216 315
1307 1381
733 820
939 1029
1362 1417
213 235
369 440
822 887
691 776
323 392
1228 1285
721 837
645 716
664 773
761 814
1296 1352
662 740
492 565
1117 1145
768 867
1126 1245
520 567
926 984
813 814
70 107
1220 1223
1060 1078
618 619
615 644
439 549
644 647
565 683
1133 1199
1139 1213
1170 1190
193 198
942 988
319 337
542 589
1192 1224
477 510
615 627
1168 1220
1165 1283
445 539
158 251
664 766
988 1011
999 1105
1180 1285
195 272
1315 1354
76 170
1180 1229
160 260
114 232
684 729
889 943
246 358
464 560
1336 1440
1233 1352
23 105
1294 1343
110 150
1073 1079
653 723
1156 1176
669 734
452 472
103 190
804 862
1218 1292
1033 1045
454 510
593 694
807 826
270 314
169 230
1170 1266
100 171
817 851
174 226
1027 1083
267 365
276 338
1145 1171
999 1050
1335 1409
401 473
1261 1356
1073 1105
496 506
545 645
880 922
1179 1191
230 316
847 902
748 793
390 432
705 782
1342 1346
624 646
716 795
905 985
298 355
91 210
478 504
765 785
175 190
111 143
1271 1390
302 414
589 591
703 792
227 267
921 982
46 89
428 523
1101 1129
417 487
1071 1168
529 600
989 1069
289 378
1368 1371
771 846
1358 1426
89 122
348 356
581 607
1265 1300
108 168
1340 1342
136 186
1352 1387
1357 1440
1351 1398
220 223
599 711
1329 1379
473 522
1041 1132
203 319
646 709
1222 1291
180 204
407 472
937 1009
44 50
506 625
1084 1124
683 746
805 901
321 324
710 798
720 766
1280 1319
483 548
564 668
126 207
527 640
792 906
60 132
573 602
310 354
804 889
281 293
782 849
1388 1440
1281 1369
465 519
492 566
312 367
639 756
1239 1282
919 989
269 296
1336 1354
1189 1259
1400 1440
414 525
282 322
1072 1189
276 332
297 381
1156 1274
323 364
138 210
1091 1184
242 266
650 758
298 392
60 158
652 765
847 900
621 678
1304 1424
560 580
384 398
269 293
53 151
1253 1332
546 624
1161 1240
472 549
475 505
53 99
162 251
976 994
1028 1137
1238 1299
1330 1378
376 486
793 856
970 988
335 360
463 468
836 934
30 149
552 605
455 551
1374 1400
418 427
362 481
899 1010
1263 1326
665 776
937 1051
505 560
829 929
85 163
779 872
640 691
1252 1348
1171 1248
1098 1166
1313 1426
78 145
223 281
935 1041
86 199
503 570
1101 1152
80 152
793 860
1291 1298
388 426
900 951
623 723
585 645
340 395
602 681
111 200
1058 1174
291 351
1323 1381
185 278
1025 1040
368 468
1198 1313
1119 1137
805 858
662 720
51 74
929 1005
413 526
931 943
512 554
1328 1440
335 427
253 265
233 324
920 1002
743 754
1072 1163
786 880
1047 1126
327 376
1127 1176
89 188
349 466
686 759
1350 1440
307 328
296 319
105 159
630 670
913 950
1282 1306
240 356
269 295
7 87
518 520
939 1003
1021 1091
11 89
1010 1041
444 520
1350 1411
929 982
904 915
1231 1308
13 45
1120 1156
1269 1350
1141 1246
425 432
378 397
112 196
714 719
297 407
66 152
1183 1291
1235 1274
678 796
179 186
223 277
365 386
1376 1413
1251 1336
1218 1292
1151 1174
932 1028
1185 1232
73 85
612 654
754 869
776 881
138 236
875 983
1127 1136
599 660
275 291
562 605
1079 1132
1074 1101
428 507
119 133
1170 1264
1288 1356
179 241
1238 1358
588 643
1246 1355
648 682
1076 1150
1276 1322
265 344
1152 1216
1064 1158
1294 1358
1008 1112
368 482
1248 1278
594 619
3 19
49 109
1280 1382
241 336
424 527
1260 1314
847 853
683 728
1147 1251
1305 1333
23 105
412 501
576 609
138 178
614 679
1126 1168
12 27
682 726
811 904
1165 1244
59 166
359 384
676 783
692 811
1377 1439
971 1074
72 155
278 340
318 399
943 1058
1099 1214
686 746
847 966
114 221
1067 1106
1157 1250
1388 1429
1137 1206
38 65
1182 1270
679 782
724 733
305 341
63 107
768 849
1094 1202
339 413
1240 1290
383 460
239 350
631 722
644 735
64 99
847 859
1017 1130
486 534
925 1032
619 647
1075 1114
358 373
766 867
76 176
413 530
189 246
1036 1040
988 1104
1024 1044
389 433
990 1084
1072 1112
670 689
201 307
1057 1144
271 298
74 133
793 885
1069 1084
8 48
90 178
1217 1329
178 221
956 1070
94 108
1066 1165
1349 1440
639 642
1182 1280
639 721
429 471
410 435
586 622
1090 1131
903 989
240 275
305 326
560 575
31 111
1146 1212
209 236
1111 1156
1125 1166
555 574
580 654
501 523
145 185
1255 1370
693 763
908 915
266 270
964 1080
1383 1390
216 266
110 122
873 924
366 457
1220 1335
1213 1294
913 992
728 768
680 785
405 497
1373 1440
1092 1103
953 1026
269 281
959 972
933 973
1319 1410
953 1014
474 503
294 405
1263 1297
744 795
375 465
1362 1405
665 724
998 1002
133 194
231 276
980 1040
349 386
713 791
1176 1193
1040 1054
830 935
219 261
1138 1222
145 247
618 687
944 996
1209 1262
488 568
499 570
325 387
786 795
697 724
1210 1266
891 964
700 770
483 506
1357 1440
159 254
1175 1283
996 1011
1212 1289
948 990
1136 1149
911 934
630 682
142 219
222 310
1221 1320
776 818
1012 1095
1352 1360
185 213
284 398
1189 1305
1302 1406
0 97
300 385
305 363
1088 1126
798 877
1183 1241
400 427
1395 1440
648 687
1167 1269
1391 1430
890 982
705 717
1193 1195
1252 1318
827 936
261 371
602 610
756 872
1124 1131
1 92
1146 1252
735 750
577 688
63 94
884 974
1208 1259
1280 1321
783 835
781 837
1116 1144
1356 1379
972 990
385 457
787 895
737 845
854 874
590 702
1372 1389
275 277
146 229
32 51
996 1081
894 912
173 191
1315 1419
851 962
933 1048
1237 1357
871 951
368 427
1043 1098
1130 1235
921 971
727 756
380 435
1238 1239
1183 1247
484 576
1027 1062
841 960
1118 1192
751 756
77 150
989 1080
754 769
1188 1250
163 182
1078 1188
572 632
1058 1069
1071 1185
1249 1261
502 563
1291 1386
1359 1440
159 247
1297 1367
1187 1227
1255 1262
703 772
22 83
929 995
960 1034
678 732
722 825
603 641
343 348
1223 1319
622 716
1154 1188
125 206
969 1044
346 420
105 190
597 701
1278 1282
587 650
168 185
1035 1045
569 602
271 350
575 611
526 528
228 306
357 474
1211 1306
309 394
914 962
359 393
483 546
370 473
1080 1191
67 111
172 191
1219 1339
315 423
1015 1112
845 944
784 815
1353 1410
1305 1327
431 505
706 713
1315 1349
237 244
343 403
816 877
617 678
1090 1120
777 865
798 859
537 556
1086 1198
890 892
591 710
919 968
1389 1430
1085 1173
84 97
1088 1170
724 833
884 963
1335 1440
558 601
553 588
201 234
1340 1415
801 861
1382 1440
495 589
1376 1440
399 466
691 778
368 409
1121 1123
1377 1379
139 141
842 855
1075 1089
913 958
449 542
580 613
395 400
48 128
188 196
1216 1301
444 521
1306 1322
245 257
1238 1255
769 854
1326 1399
378 493
227 317
377 410
603 663
1352 1440
155 237
928 1047
566 665
874 963
1367 1440
662 695
331 431
151 187
127 176
795 838
123 157
542 565
902 911
1007 1126
410 489
804 827
1321 1384
222 241
1107 1206
883 911
1257 1340
217 334
904 996
530 544
71 81
144 218
513 613
913 916
1019 1039
1337 1419
1 121
77 163
799 834
310 400
675 791
801 875
7 73
1004 1066
893 945
143 213
462 463
787 876
987 1003
1161 1230
735 778
1396 1435
820 828
1294 1377
185 232
1094 1204
696 707
941 1039
593 676
415 438
1135 1141
786 871
391 430
798 913
218 299
735 798
173 287
1295 1352
388 406
73 98
51 144
1214 1245
1001 1051
129 231
1107 1190
630 694
1093 1200
920 923
75 119
114 158
87 139
242 270
1339 1425
1071 1130
1388 1440
1098 1118
1186 1216
147 152
289 352
1339 1342
965 1082
1266 1272
497 587
1328 1345
29 52
1295 1302
629 735
199 258
1251 1273
1210 1219
217 232
1018 1095
1260 1289
129 232
415 470
690 794
1389 1440
664 680
1179 1249
281 323
436 534
93 169
355 398
129 145
560 579
850 872
757 828
337 394
498 617
1191 1197
273 286
1294 1373
770 870
323 326
997 1008
13 14
367 486
182 273
1334 1410
581 635
974 1063
259 286
293 375
554 621
922 975
489 512
1250 1339
77 154
368 460
1023 1102
180 261
616 661
857 858
1142 1173
393 409
1085 1098
1267 1314
1105 1170
449 509
1282 1367
426 462
108 133
230 332
305 393
971 1035
361 382
1372 1440
88 95
1320 1367
583 610
890 923
684 763
928 934
213 308
107 226
1100 1123
323 424
59 122
1054 1069
145 260
481 574
910 986
1187 1229
858 884
1386 1440
667 697
225 267
466 479
485 580
844 956
409 458
451 461
964 1039
992 999
892 911
442 561
1248 1307
364 414
764 782
937 1030
397 478
734 769
414 457
260 265
1164 1172
574 592
227 337
953 1012
856 878
703 732
604 682
321 423
1306 1385
348 422
1132 1242
470 482
843 953
1068 1131
443 519
969 1077
947 983
29 123
876 971
505 537
670 726
1186 1215
1211 1231
1174 1289
10 64
90 96
963 1057
1032 1037
871 939
807 869
200 258
1014 1045
170 242
25 114
832 860
271 317
605 636
1326 1338
32 94
1370 1410
331 422
940 1050
1168 1264
1195 1199
931 991
283 395
830 854
758 839
950 1041
1297 1298
1284 1294
788 903
681 749
66 104
872 969
552 642
1254 1324
1178 1280
424 525
165 245
687 782
112 178
1381 1428
105 120
784 831
953 1033
83 130
750 773
1327 1399
137 209
419 437
685 716
1105 1120
1329 1391
1188 1300
429 526
461 503
722 837
547 612
1393 1440
567 574
129 177
707 765
995 1060
1078 1185
251 312
1089 1176
1091 1207
598 656
1271 1319
1378 1440
134 159
937 949
164 215
366 403
157 171
337 373
229 319
303 367
308 420
418 485
1284 1287
600 654
1397 1440
270 331
710 764
909 1004
1320 1323
597 622
128 131
475 582
1064 1147
687 740
1185 1229
1342 1425
668 731
1215 1301
1085 1193
1123 1180
937 976
1161 1178
627 649
532 562
991 1039
590 689
96 115
723 760
933 955
1266 1385
329 421
1096 1133
373 396
1364 1440
314 335
487 502
84 125
1176 1193
902 936
757 781
420 492
71 157
649 694
302 350
918 988
332 401
617 633
51 103
1022 1121
297 356
655 675
8 103
1118 1183
678 761
605 666
593 690
1174 1260
301 404
1157 1251
905 949
230 324
980 1096
82 100
1388 1440
239 279
50 102
1264 1372
451 509
731 743
668 676
1245 1328
399 474
1078 1107
569 595
46 57
1102 1211
912 999
1375 1387
1048 1099
398 461
650 728
1239 1305
114 231
1365 1412
814 833
875 923
790 838
24 61
706 751
630 688
1148 1160
441 535
909 1004
851 954
906 943
335 439
868 962
848 866
1202 1279
176 195
425 464
972 1084
1075 1118
135 255
1209 1306
769 781
13 66
1308 1426
559 613
358 430
946 1037
1163 1260
280 306
380 487
781 819
1134 1197
86 192
618 725
1198 1237
1011 1083
949 978
54 156
5 25
537 576
1311 1418
1303 1364
254 338
1363 1440
589 643
367 430
1320 1352
58 74
567 631
136 213
740 815
984 1057
893 1005
528 609
974 1063
244 292
1049 1143
1178 1181
531 552
1191 1199
299 340
944 1057
277 323
334 341
558 605
859 941
729 736
593 631
1084 1166
157 223
396 495
1286 1310
193 270
342 412
660 772
647 753
616 651
742 755
1094 1169
720 826
294 296
280 347
576 624
993 1046
696 814
333 347
446 466
1030 1059
385 487
1144 1223
1076 1185
1089 1181
1128 1218
233 287
943 1061
156 171
268 387
35 97
713 753
742 760
905 1019
1223 1290
700 723
623 627
242 271
263 373
291 380
464 504
256 283
266 277
870 959
228 238
38 138
991 1088
883 889
402 416
67 169
1351 1417
1214 1222
960 976
518 524
135 174
1367 1369
197 298
253 371
1232 1259
1203 1319
409 433
1373 1418
59 71
298 407
568 643
712 758
328 438
1025 1125
1255 1286
1034 1107
139 152
1184 1282
28 96
444 536
392 429
351 467
1100 1101
202 321
438 556
1032 1141
972 1019
1207 1231
900 987
219 243
726 775
868 896
1053 1083
834 849
643 659
954 969
1064 1082
1015 1113
739 830
590 662
83 94
671 735
236 286
580 639
1229 1324
638 726
909 938
1134 1187
595 705
876 901
142 257
974 1061
752 775
26 113
1006 1093
215 266
897 964
1348 1435
174 190
293 344
820 909
1209 1223
345 354
744 770
693 719
1218 1327
827 843
476 584
869 962
1022 1058
1191 1267
559 656
1318 1370
729 790
1365 1440
828 891
1047 1083
301 400
931 945
250 283
1002 1066
472 553
275 279
203 298
108 215
139 203
1388 1392
366 415
1238 1325
669 689
620 700
1276 1289
156 241
1064 1163
1008 1110
954 980
601 686
1019 1082
1033 1067
1110 1154
1107 1177
36 134
64 120
243 293
921 962
770 827
941 946
67 90
1140 1225
620 734
336 399
882 900
639 731
796 859
224 297
1382 1440
1351 1422
1104 1178
962 1023
1151 1261
320 385
114 165
539 603
1210 1259
1263 1350
722 821
582 624
125 129
1209 1215
262 370
750 795
1195 1199
1280 1324
779 792
876 921
731 784
719 727
1354 1386
507 538
1327 1367
1213 1224
134 246
624 639
691 713
40 109
667 672
943 1028
865 938
1054 1170
862 897
41 131
961 1037
45 86
773 847
799 841
1172 1185
1000 1013
1382 1409
688 752
1029 1133
1366 1410
341 420
613 660
892 918
1017 1099
154 262
1097 1125
588 622
97 136
1174 1226
462 542
188 280
1184 1197
1212 1256
559 568
1160 1263
1087 1148
874 901
711 813
157 241
618 683
614 670
1358 1428
641 667
848 900
514 594
1055 1114
1375 1440
1121 1145
38 119
1057 1168
382 456
1022 1050
1353 1440
957 992
1306 1375
1258 1368
888 1008
1159 1253
1283 1291
1069 1095
746 806
302 333
308 404
614 723
891 944
652 763
131 213
416 525
844 879
587 670
328 361
1231 1262
831 862
232 252
393 397
502 605
635 695
994 1066
893 948
1324 1440
75 101
326 361
279 283
529 631
568 653
1127 1150
1319 1429
86 179
995 1096
40 48
171 212
1232 1271
130 246
833 948
744 830
1346 1440
184 235
287 318
229 303
1024 1144
247 314
1360 1440
1188 1288
1075 1108
1016 1130
184 215
1228 1244
641 684
1196 1291
798 902
483 603
866 894
295 309
358 386
562 619
836 869
1207 1215
1004 1073
767 857
231 272
1117 1172
972 1060
504 540
296 343
973 1065
753 859
631 634
1321 1437
1240 1245
1356 1440
111 200
1375 1406
518 589
787 827
1308 1398
743 859
249 318
484 594
906 956
16 133
804 923
523 562
184 304
482 521
430 541
328 446
898 979
649 762
1319 1372
69 105
164 270
1006 1067
845 964
681 773
865 978
205 311
328 418
534 599
135 181
861 939
1121 1216
669 728
56 154
106 189
1313 1337
1290 1347
1312 1330
6 58
409 490
625 666
1179 1190
226 247
511 578
1329 1427
266 375
1216 1304
840 942
654 712
979 1091
273 307
355 443
1214 1320
670 773
577 603
172 226
752 776
805 918
772 879
1168 1197
42 45
1143 1226
1253 1334
468 585
182 242
406 440
345 352
821 901
878 955
532 552
182 230
348 421
240 242
1076 1132
929 1035
1379 1440
242 271
416 441
545 582
1012 1061
266 322
423 500
441 547
579 673
1386 1411
856 880
836 938
298 302
594 628
482 562
923 1040
508 556
1193 1281
1325 1384
175 177
960 978
662 751
814 902
434 526
785 876
866 961
1223 1256
149 162
1140 1148
106 149
480 541
725 803
1373 1440
1225 1316
93 94
519 584
1269 1318
619 670
1374 1422
270 385
1145 1151
1188 1211
533 555
1031 1095
694 807
958 975
183 224
1086 1142
290 324
239 280
90 107
1022 1134
575 671
738 857
880 917
539 618
540 607
641 697
337 378
1006 1104
309 381
1346 1428
901 908
386 406
111 141
375 380
963 997
334 425
956 1012
237 352
1013 1019
904 950
1148 1211
937 1001
230 339
303 319
715 727
417 529
581 605
344 440
1041 1147
558 631
1358 1433
434 509
8 76
1168 1192
852 970
157 189
1020 1107
193 307
673 677
582 670
1393 1409
807 855
1209 1328
217 325
662 682
59 70
942 1049
1350 1412
929 1010
551 628
1347 1348
674 680
1343 1423
927 969
1165 1182
432 543
99 202
1318 1355
661 764
113 209
144 215
1233 1282
189 241
522 545
491 590
816 828
42 152
426 447
795 895
824 861
1325 1422
1339 1359
246 285
1005 1108
885 980
635 751
1235 1252
735 821
196 303
752 818
409 472
912 1026
794 855
549 622
1229 1284
184 281
865 969
754 833
381 437
1291 1346
190 196
1051 1095
949 1036
459 542
317 437
1014 1082
1289 1372
1074 1085
595 655
895 906
978 1017
304 321
615 723
509 576
875 913
1164 1171
1128 1138
92 158
220 286
870 923
193 253
1353 1440
1164 1269
518 564
521 596
167 266
1031 1034
233 328
1354 1414
367 468
373 481
804 810
170 224
609 650
1202 1295
931 1028
1372 1430
1277 1381
542 586
383 411
379 390
1237 1271
1379 1393
888 957
36 37
808 823
27 49
1343 1405
942 1031
829 941
1347 1440
1232 1325
996 1035
1266 1371
1263 1310
1379 1440
1382 1433
619 631
256 274
28 53
229 334
32 122
385 495
54 81
985 1069
297 381
495 551
1282 1392
1103 1128
176 215
949 968
970 1025
44 59
340 456
312 407
911 974
965 968
920 995
496 522
603 676
802 809
683 685
210 291
884 938
1015 1110
1185 1262
1135 1173
75 138
818 881
1051 1127
1252 1372
1389 1440
999 1029
124 192
38 93
1180 1221
1133 1142
548 663
1327 1381
969 984
1013 1093
1323 1368
918 1008
893 896
330 367
393 454
704 761
475 540
449 525
694 812
1233 1343
1345 1405
268 382
600 693
799 853
1378 1440
737 839
967 1070
331 411
424 461
176 262
988 1005
354 380
320 398
1007 1020
851 915
621 652
428 500
96 99
734 847
534 580
1386 1407
357 463
1031 1036
130 174
881 896
1264 1294
247 319
458 521
528 572
727 826
95 194
1140 1175
309 419
1055 1133
1371 1385
103 222
896 999
936 1044
227 241
1250 1329
208 314
1151 1157
1038 1052
342 423
241 353
420 537
740 761
598 689
904 1002
1036 1100
203 223
1325 1372
685 790
282 298
413 470
851 950
13 45
970 1014
587 652
350 361
544 592
849 896
1289 1375
502 522
1084 1138
467 485
878 931
838 953
939 1049
1057 1159
1397 1440
60 117
298 397
20 112
1059 1068
173 217
644 696
336 392
125 176
75 160
1313 1333
1176 1184
1293 1385
1352 1440
1064 1102
858 910
1394 1440
1133 1245
623 716
642 759
704 706
572 688
1080 1159
300 390
827 885
1318 1345
1114 1194
1266 1350
905 995
707 821
1328 1380
404 517
617 628
75 144
685 735
258 325
1107 1144
437 449
1047 1118
639 706
697 794
1301 1322
47 51
1105 1181
529 560
622 715
865 930
226 320
122 230
763 797
1284 1349
725 741
97 194
1333 1349
919 958
1172 1267
10 69
694 725
1191 1264
1285 1371
1092 1201
1219 1249
717 756
582 668
1173 1260
286 378
773 840
507 521
671 738
1192 1217
739 798
200 219
871 978
843 854
188 196
870 984
266 327
439 497
159 207
1386 1440
824 900
1144 1211
808 920
540 615
1021 1103
867 924
1002 1096
853 959
333 352
1035 1052
992 1084
937 954
1051 1162
1083 1099
435 494
969 974
321 393
756 874
243 321
836 851
247 295
1170 1208
82 149
313 329
760 800
766 805
602 665
57 159
292 311
1207 1261
99 219
624 738
580 608
374 479
1001 1002
250 321
714 723
91 145
985 1059
634 707
926 1042
691 792
772 833
1240 1257
283 348
1303 1362
921 1007
919 939
666 678
1279 1365
1277 1330
793 823
809 853
1107 1113
1373 1440
907 1002
568 651
181 292
339 430
50 124
1290 1392
632 704
1321 1337
1318 1390
174 199
1267 1337
1181 1278
108 181
1068 1093
974 1039
38 54
1348 1440
1089 1113
38 74
421 453
1186 1243
173 277
1092 1170
656 708
1206 1212
1006 1117
47 91
895 919
849 853
1081 1122
782 815
186 201
203 273
344 381
294 318
523 622
183 203
628 681
1389 1411
120 199
666 690
55 147
119 158
798 811
655 674
845 960
663 697
769 875
247 254
414 445
1222 1298
484 548
1041 1138
1033 1083
235 270
124 165
951 1022
833 842
991 995
834 916
478 595
38 73
1134 1210
1382 1395
504 602
1136 1220
257 296
1163 1216
913 924
1302 1367
416 517
291 339
1106 1128
502 571
867 984
1136 1194
85 86
951 1058
1271 1309
1337 1359
1 9
987 1022
1224 1257
1392 1440
719 827
1294 1322
1198 1306
1045 1082
93 114
1093 1166
143 182
183 234
251 358
286 379
1139 1175
884 911
1250 1315
651 765
1396 1440
1300 1334
927 962
503 588
658 702
431 490
1227 1270
32 149
273 356
4 82
975 976
19 106
355 408
1138 1253
1001 1099
804 873
166 267
1329 1413
158 227
63 178
1375 1432
1376 1392
722 827
770 876
1231 1277
792 815
17 33
947 995
395 452
19 48
40 138
575 663
732 757
184 289
1256 1337
620 724
452 482
1011 1058
75 111
1009 1125
1241 1268
14 40
1307 1358
227 339
568 641
1024 1088
349 420
396 481
1158 1245
1397 1440
1157 1180
133 209
262 358
133 150
531 651
1167 1277
466 579
1071 1165
561 586
1388 1391
1388 1440
1258 1291
1394 1440
929 930
874 957
1378 1440
106 216
661 717
833 869
249 337
1061 1121
1014 1061
1059 1157
89 203
459 466
569 687
860 929
919 960
10 61
398 441
167 280
1171 1275
51 146
462 551
867 877
511 537
336 379
636 645
1282 1363
198 202
982 1038
49 125
1282 1402
684 792
512 544
220 281
488 532
111 217
683 750
484 494
1228 1308
898 996
195 276
914 989
255 266
124 242
68 117
641 755
133 234
261 269
905 913
617 696
1282 1338
134 148
1387 1395
1145 1152
603 712
781 833
196 276
841 871
1227 1328
1351 1431
21 80
786 846
876 989
1270 1350
207 251
1333 1420
53 112
1059 1102
1203 1228
221 235
25 102
138 214
396 512
1173 1190
1305 1371
524 570
862 924
1271 1328
380 412
281 384
90 98
261 301
1197 1253
1050 1134
732 772
1195 1309
1108 1208
298 317
961 1001
1235 1279
596 644
16 83
1201 1286
1389 1408
117 148
1038 1143
1145 1255
111 166
704 730
410 492
412 513
140 184
387 473
974 1063
957 1034
678 788
1184 1257
687 766
613 667
673 694
214 273
86 150
449 567
7 89
456 545
471 531
1277 1305
489 551
678 782
769 796
819 843
13 60
20 30
732 736
1136 1151
291 329
901 926
1292 1367
737 743
60 86
405 442
356 385
536 629
356 400
1135 1167
365 391
44 67
536 653
207 210
1387 1405
776 860
227 271
430 470
934 965
757 861
762 847
350 418
1276 1389
888 1001
133 149
295 408
267 369
388 413
1090 1139
766 807
1227 1282
1302 1334
94 192
1261 1337
387 497
1096 1134
304 346
506 513
1289 1391
573 685
258 367
1040 1115
1001 1028
166 267
963 1065
1358 1437
132 154
1041 1091
1321 1418
1042 1090
1021 1088
950 973
659 751
765 833
989 1081
1013 1074
549 624
821 903
1195 1279
74 101
449 564
415 473
480 531
447 487
870 984
772 846
321 441
766 799
1127 1138
275 372
172 210
910 977
720 750
1195 1201
952 1018
1272 1316
872 930
957 1013
837 885
1018 1059
559 608
50 73
904 934
543 626
155 201
168 206
1027 1093
1119 1202
160 261
566 685
466 479
242 252
737 742
1118 1144
683 709
1382 1425
512 551
1399 1440
562 587
1237 1255
1112 1229
534 536
613 650
709 810
827 879
1187 1284
1342 1344
966 1050
1049 1147
305 416
814 844
464 557
429 490
478 545
1202 1303
1131 1228
959 1052
944 988
175 216
384 439
855 882
898 956
1143 1147
767 785
1182 1294
262 302
19 83
1349 1440
726 770
461 515
871 959
826 924
1101 1140
667 743
47 120
65 184
284 304
676 749
1289 1392
1234 1351
1244 1318
800 849
418 469
130 199
791 816
972 986
673 746
924 1006
623 635
351 365
1382 1440
363 368
1235 1298
54 78
407 416
790 827
421 451
596 681
1073 1082
931 939
754 821
22 44
669 780
841 892
321 336
264 333
856 918
140 190
422 439
421 461
885 990
1361 1422
325 403
1177 1217
1203 1229
1029 1121
939 975
413 414
292 350
131 237
817 895
505 573
673 790
1165 1278
1005 1064
947 1021
80 175
186 223
1323 1436
934 979
609 660
1255 1361
358 412
510 533
1265 1359
884 943
787 904
1349 1373
1164 1177
805 895
89 120
323 359
1286 1355
597 683
136 226
444 561
1010 1063
1132 1148
755 765
215 280
667 720
923 945
517 544
1036 1042
946 950
149 231
1383 1440
945 994
703 799
817 927
398 449
77 79
513 528
279 321
1372 1440
950 1013
944 953
169 240
1345 1377
896 914
964 1070
571 679
330 352
36 114
205 228
602 618
1094 1189
800 822
158 244
22 109
559 579
902 948
364 392
70 185
1382 1440
442 499
97 205
1300 1404
1070 1153
1356 1440
1351 1440
210 260
631 688
107 184
9 16
772 871
413 532
511 559
488 514
187 190
863 867
29 73
393 481
1370 1379
451 564
197 300
1360 1382
342 348
851 917
220 325
669 711
1151 1232
388 468
424 544
1109 1160
876 892
475 503
216 262
662 685
30 82
1339 1380
24 74
435 494
450 459
1347 1440
570 654
1277 1325
89 98
447 500
617 716
1226 1290
208 300
1098 1200
1165 1187
515 528
1228 1270
1292 1382
795 882
272 315
359 441
651 760
1364 1426
138 181
36 114
1198 1256
783 849
1311 1406
476 541
1203 1294
27 57
43 122
254 294
484 579
877 974
498 578
162 170
281 329
1021 1059
413 433
769 796
1314 1319
487 606
1224 1281
673 691
569 610
1318 1419
81 148
849 932
590 687
48 78
678 722
496 523
1104 1111
1361 1393
455 533
781 848
658 682
905 986
12 21
1006 1015
394 401
1299 1318
418 435
187 210
1213 1284
418 449
1039 1050
872 965
956 996
336 429
404 436
868 891
1240 1272
620 657
1180 1238
1301 1327
556 667
985 996
736 787
773 795
964 1021
865 930
1248 1343
887 985
319 424
987 990
781 836
170 268
614 691
1100 1120
1132 1226
359 392
779 839
626 685
580 629
1151 1229
984 994
682 700
961 987
316 434
388 389
26 137
1025 1119
766 829
828 947
851 902
764 814
1002 1042
1312 1388
145 198
79 197
254 304
1158 1179
397 495
893 926
713 779
1000 1082
754 844
118 202
789 908
868 963
505 537
978 983
740 821
1385 1389
1363 1440
302 336
1239 1298
1394 1413
520 552
1233 1308
1357 1440
330 332
239 338
189 272
787 838
1200 1316
164 231
386 499
866 888
874 907
618 683
1091 1176
783 859
630 724
842 939
182 196
1302 1376
705 810
292 327
429 549
815 905
630 631
344 449
1007 1008
198 207
855 923
853 937
590 684
882 904
361 409
381 472
275 301
996 1020
1029 1044
922 995
435 459
411 419
374 478
392 426
837 894
1283 1400
1278 1292
1303 1325
163 201
175 224
255 291
131 175
60 135
480 542
993 1080
206 208
125 160
14 100
1192 1294
85 98
432 499
14 63
1234 1301
544 664
995 1056
690 768
879 923
759 847
702 743
490 537
1362 1414
775 854
117 163
676 780
205 206
935 1047
822 915
284 288
1232 1248
1086 1122
509 557
925 1005
1349 1440
973 1039
846 931
384 385
1306 1411
659 662
1297 1344
93 197
666 753
909 939
1242 1305
819 914
1254 1356
166 211
876 996
975 1060
205 299
788 826
1243 1268
293 405
1065 1178
1171 1272
1033 1038
261 325
178 217
1378 1440
956 978
913 928
987 1072
1107 1138
498 526
349 446
1351 1440
183 197
890 982
59 80
668 784
785 884
574 603
527 613
975 1090
1373 1389
1362 1380
1094 1176
1007 1019
681 793
458 578
1179 1278
1230 1239
1318 1362
772 889
781 865
1315 1416
1150 1260
894 998
477 506
530 545
595 607
228 240
696 791
1212 1332
385 481
237 311
753 770
641 690
1181 1276
3 43
126 202
1096 1121
794 849
654 753
747 850
1391 1440
258 325
1359 1437
1209 1238
218 269
18 87
943 984
296 401
607 715
448 512
1392 1440
301 378
580 599
1362 1440
70 147
655 695
1028 1117
252 288
1175 1237
1292 1399
441 505
596 687
771 779
682 702
431 540
460 550
107 226
366 476
998 1092
802 841
1350 1440
326 329
1122 1173
691 746
1388 1440
713 810
801 852
147 215
579 616
399 489
1122 1173
199 216
662 759
1188 1299
110 219
622 681
1340 1361
1182 1200
904 994
988 1026
296 323
446 549
400 495
1333 1335
741 834
1178 1192
1389 1440
302 351
874 961
344 463
115 128
728 789
367 374
240 306
1331 1375
1215 1271
304 385
827 859
69 85
493 544
1000 1039
1220 1243
1336 1432
768 868
1373 1440
183 283
949 1060
1331 1380
563 644
1337 1394
752 754
245 260
169 185
1001 1084
1369 1440
1043 1072
47 123
1173 1247
982 1018
193 295
1214 1238
786 848
1320 1410
888 927
1170 1187
203 245
130 222
1100 1124
830 935
40 91
1138 1243
1098 1199
1085 1148
130 197
1197 1266
1334 1350
424 509
240 264
1226 1315
368 369
1136 1194
643 659
80 97
1177 1204
1336 1357
179 251
525 634
71 82
255 320
611 658
1114 1136
866 951
0 32
615 621
1063 1179
600 685
1093 1150
286 360
1004 1093
640 707
721 799
1102 1168
429 518
202 287
91 122
75 100
290 329
440 458
1233 1304
442 518
735 771
263 357
1274 1329
152 223
522 556
781 865
334 386
934 945
520 607
871 960
293 362
417 427
1289 1383
551 633
1322 1347
762 835
1346 1429
1047 1125
335 389
314 355
888 937
53 131
506 516
553 569
1088 1103
1400 1440
833 842
674 756
182 229
683 783
559 578
462 498
20 33
772 801
775 789
252 275
1078 1172
627 703
1002 1015
1083 1128
1171 1282
577 648
555 633
202 317
98 120
651 748
797 821
706 810
1388 1440
1088 1159
1217 1330
824 886
1213 1230
530 532
1051 1143
318 403
258 277
775 848
547 554
1309 1357
510 597
1246 1300
937 961
898 944
959 1024
587 623
876 943
468 508
1301 1411
178 218
832 931
640 749
184 266
162 172
491 503
338 412
117 128
585 656
1009 1113
21 76
1386 1440
279 341
1019 1085
1386 1440
1090 1180
255 307
28 107
389 506
14 106
870 960
1094 1190
706 738
1354 1440
1081 1169
1247 1253
1243 1301
345 432
1072 1188
460 483
153 200
273 339
723 730
865 929
776 798
764 779
692 809
1390 1422
1104 1213
241 279
612 674
601 635
436 437
1292 1365
806 834
624 743
1316 1382
72 192
948 1063
1265 1374
999 1007
728 729
1260 1319
672 711
724 738
10 55
381 433
726 728
207 263
1007 1033
173 241
1053 1169
314 367
253 370
998 999
318 417
1344 1377
463 524
809 857
612 659
877 992
373 442
551 565
898 983
899 920
286 332
888 889
735 849
406 421
388 425
82 100
808 862
678 794
64 85
1364 1390
981 1067
544 560
862 925
1126 1190
1396 1440
260 302
818 883
796 813
224 238
43 60
318 363
1024 1026
484 491
1389 1440
700 755
1222 1317
16 72
983 1021
577 640
169 267
878 910
1264 1284
1047 1071
510 546
235 346
539 629
506 592
878 904
970 1061
211 301
1028 1107
371 396
1210 1291
1299 1319
469 485
270 322
78 114
393 512
299 354
36 115
408 420
104 153
834 902
627 717
1297 1327
454 498
872 934
125 191
874 957
105 144
225 260
744 780
718 810
856 888
655 770
97 121
83 84
106 191
658 686
584 645
573 690
1242 1255
882 906
516 579
744 787
623 638
198 284
27 115
1130 1229
266 309
738 833
740 836
1206 1274
1238 1286
487 571
565 592
1196 1246
178 292
217 234
1289 1385
1232 1248
84 160
1340 1440
390 415
912 1031
202 212
1119 1199
702 741
971 1069
413 482
314 320
261 286
856 927
517 632
1147 1192
749 807
1289 1381
240 357
893 902
988 1042
1072 1192
1031 1133
44 66
1227 1263
264 302
93 166
124 226
389 484
814 878
1090 1202
1051 1061
338 395
1043 1093
1151 1251
799 851
1243 1278
423 447
7 28
1171 1199
1212 1302
18 131
1050 1109
1031 1122
1075 1109
621 731
451 489
549 620
243 265
458 464
1092 1123
597 603
1309 1328
568 687
272 307
105 188
509 615
430 499
237 238
1328 1373
1295 1373
755 797
170 261
1124 1158
273 326
1252 1290
664 672
1281 1386
21 127
728 757
572 595
524 527
1100 1185
1194 1208
782 866
527 639
1282 1364
1237 1308
422 527
905 934
664 699
417 492
1289 1393
809 829
913 943
888 936
303 419
981 993
1015 1039
940 964
360 385
1166 1229
369 452
577 580
635 656
363 468
807 895
1244 1269
142 161
147 202
502 561
1321 1373
205 298
1078 1096
24 102
204 253
786 789
225 331
27 125
1319 1439
89 106
508 607
171 206
292 373
1228 1230
19 121
217 287
693 803
174 200
285 347
1152 1267
909 1014
334 374
679 741
316 348
114 184
547 628
1113 1129
43 149
91 105
1115 1153
210 276
850 869
2 119
459 463
464 519
789 808
723 807
587 616
787 875
230 293
347 362
459 473
577 623
156 235
683 699
738 857
173 288
88 166
309 332
877 945
685 762
371 458
870 890
1366 1440
617 697
587 632
212 247
1022 1107
755 875
543 647
156 257
4 115
304 404
1343 1362
655 674
799 857
979 1084
137 152
1183 1238
570 589
185 227
261 285
788 834
653 717
868 930
847 925
1303 1346
283 386
1339 1440
503 553
857 928
1018 1087
1093 1157
1090 1159
471 521
171 246
863 931
1183 1283
449 539
178 209
740 741
416 525
35 82
1143 1204
273 391
225 233
715 762
285 323
942 961
1129 1249
862 894
431 537
459 467
282 298
293 342
53 143
869 917
110 200
217 302
1191 1201
976 1084
1216 1328
323 327
300 347
289 300
501 511
25 98
852 872
373 434
286 382
1080 1170
613 674
842 935
690 747
1320 1409
27 64
227 247
122 235
1315 1320
1237 1334
355 420
328 330
811 918
867 955
930 1001
528 646
1171 1236
626 717
465 520
321 356
188 255
773 790
433 485
1267 1275
448 499
376 482
1145 1223
158 263
959 1021
641 725
1314 1366
779 801
111 214
760 843
868 893
552 566
213 223
742 820
687 691
490 527
333 403
218 227
433 510
22 119
633 658
1129 1155
1307 1426
66 97
551 562
1167 1240
91 164
990 996
98 139
190 230
17 63
578 629
1024 1049
644 741
800 893
728 745
1381 1394
678 731
1031 1044
1028 1132
307 311
1202 1304
782 844
1200 1312
76 114
330 350
1397 1440
161 275
1281 1293
474 588
441 545
1395 1440
288 387
329 394
1057 1151
1246 1330
1071 1191
699 757
268 312
595 642
1276 1386
882 888
1398 1440
489 516
1250 1328
153 173
1161 1242
1018 1031
30 49
633 704
178 242
192 251
642 664
605 626
139 175
1180 1227
723 735
145 168
943 977
969 1002
905 989
287 303
1164 1227
81 128
587 639
837 947
1269 1387
1393 1410
902 949
1049 1158
1279 1320
765 776
1397 1440
1036 1094
538 651
1397 1403
1271 1354
116 211
501 591
1148 1150
316 426
215 253
769 790
1167 1219
149 178
795 907
946 1032
191 236
954 1014
1315 1384
952 966
175 199
221 339
812 911
887 913
822 865
132 173
701 779
995 1023
975 990
570 629
78 148
318 379
298 380
437 478
1163 1168
1231 1331
778 786
740 842
880 941
437 444
433 545
46 144
1400 1440
552 585
1301 1324
171 190
141 177
829 840
610 722
924 1036
859 927
438 524
531 555
110 122
877 921
608 630
406 451
858 920
973 1042
329 419
894 940
1168 1218
20 92
1222 1248
159 252
1367 1440
1262 1281
663 749
648 650
308 423
939 1059
302 366
648 663
1380 1433
538 605
7 65
257 339
920 1002
1184 1197
74 102
384 438
1118 1218
340 417
773 801
712 739
391 478
1181 1183
758 863
745 748
618 733
628 693
255 345
1022 1106
933 986
840 886
721 828
1110 1165
1071 1169
687 702
360 419
877 925
362 433
1218 1239
1111 1167
781 818
1350 1439
1393 1440
1298 1335
1270 1389
203 215
212 224
1330 1333
1262 1382
842 856
1016 1112
1277 1396
1115 1128
1297 1354
1030 1105
66 152
593 703
861 889
456 556
931 1002
780 795
400 510
961 977
718 820
950 1003
1320 1411
810 811
767 868
458 523
580 615
1348 1382
629 737
849 936
494 495
849 854
31 35
314 416
766 874
1062 1167
1228 1269
686 708
1171 1227
495 567
801 826
1262 1345
805 912
105 208
1183 1238
263 345
799 893
355 407
651 718
324 380
473 486
258 323
242 323
1181 1282
802 910
1284 1402
532 640
1132 1153
660 687
190 202
52 108
23 104
1215 1235
56 136
1113 1231
161 235
783 787
267 326
1299 1380
733 757
490 574
454 493
396 465
502 595
774 873
533 618
105 141
169 289
294 375
47 129
1186 1297
211 226
940 1059
1220 1236
219 238
578 612
369 381
158 222
740 857
425 476
206 269
44 97
150 213
1281 1291
430 518
859 908
642 724
923 1027
329 353
611 613
365 450
1161 1242
1242 1352
64 80
702 747
991 1070
1228 1298
10 31
1068 1163
521 640
249 274
1241 1245
1097 1100
1060 1126
312 340
747 762
444 448
670 688
450 461
259 294
560 622
408 420
713 804
1129 1213
602 662
1015 1071
1049 1101
395 428
354 380
575 626
210 285
1203 1243
339 441
421 514
999 1055
913 968
1221 1317
556 661
652 732
220 298
784 839
409 482
722 770
1295 1400
131 189
342 456
69 135
518 594
839 877
1236 1342
1321 1389
721 772
61 76
368 472
660 715
380 426
502 512
440 525
761 809
297 397
643 659
19 60
22 114
673 701
953 1026
658 774
476 548
135 185
580 658
434 502
445 459
1148 1184
1244 1358
1374 1384
1175 1290
1323 1377
1397 1440
891 932
655 681
403 410
1011 1075
95 131
862 878
254 312
350 427
669 745
784 815
1180 1183
583 586
1318 1419
1179 1180
945 982
268 376
824 829
1092 1210
1080 1086
690 773
33 42
962 975
850 943
616 652
649 746
708 760
163 235
641 705
1254 1261
805 844
930 994
1312 1429
248 356
765 845
210 214
458 465
21 39
215 257
892 921
348 360
391 484
755 860
1100 1101
107 141
88 103
98 137
153 187
674 763
1254 1356
777 812
348 467
282 357
943 959
258 299
303 400
1196 1310
846 928
915 1001
250 317
1080 1111
1183 1245
1354 1417
574 616
988 1017
188 222
606 698
169 215
1143 1250
496 581
1325 1420
421 510
159 169
1012 1020
435 437
1373 1401
958 1063
788 813
998 1012
697 724
1209 1307
1080 1146
641 739
638 729
929 1013
315 424
1033 1047
266 295
744 794
926 1038
1270 1336
415 515
819 844
140 176
866 888
629 741
1182 1265
209 228
944 1057
219 315
225 256
33 148
943 967
546 550
975 1060
1087 1145
720 754
242 361
1127 1138
725 781
434 454
812 877
882 948
683 690
903 938
757 770
100 184
783 877
865 890
602 627
824 847
1216 1252
1084 1162
1010 1077
887 901
1395 1402
1323 1355
227 256
235 242
73 147
545 576
134 203
206 242
463 576
1270 1360
828 879
804 817
450 544
549 613
421 443
416 461
1304 1341
1221 1258
6 19
379 444
1274 1336
625 735
488 510
645 733
142 164
383 426
932 951
26 112
971 1026
684 687
363 397
157 179
1391 1440
19 96
721 782
1194 1195
1000 1112
506 567
224 230
35 108
1392 1430
467 535
1030 1052
300 400
192 205
623 726
687 745
1004 1099
718 788
527 612
996 1029
746 805
27 133
722 761
683 798
1060 1160
1359 1440
1220 1282
230 265
1063 1157
1310 1313
302 355
451 536
290 336
1019 1023
500 574
882 929
422 518
182 207
773 855
221 257
1283 1370
1115 1231
920 1033
1079 1102
543 660
1390 1435
678 729
1206 1260
565 605
390 396
1186 1253
703 810
1254 1270
887 989
931 1004
710 747
225 227
1021 1140
301 361
1394 1414
1071 1109
1277 1349
1360 1381
621 684
590 599
603 605
929 935
445 482
1214 1230
108 171
626 627
881 927
1352 1440
1 8
514 532
717 830
580 681
1028 1114
1148 1168
176 268
554 573
402 458
1198 1316
165 203
448 453
969 1089
726 758
1389 1440
791 846
817 933
200 315
535 653
618 695
636 659
1154 1210
1390 1440
660 763
1184 1202
1399 1440
408 441
277 331
1135 1161
616 656
175 214
1160 1279
1286 1346
1117 1141
769 870
894 907
283 351
905 994
641 706
732 792
725 780
955 1009
840 900
56 173
1144 1148
862 874
287 366
619 720
496 571
1048 1096
260 340
1112 1228
1158 1271
600 607
804 821
825 911
12 72
1060 1119
111 122
112 147
1330 1344
682 759
199 305
595 668
986 1075
678 789
124 140
1197 1284
1046 1141
108 198
419 486
295 367
1014 1032
457 572
1383 1440
316 355
1286 1326
13 117
993 1073
411 426
137 138
313 391
247 314
198 230
418 432
970 974
1035 1092
800 808
249 288
828 890
376 481
481 589
1119 1153
1254 1342
899 1009
1347 1426
252 308
299 381
44 68
290 395
1346 1377
349 415
1119 1145
975 1037
593 631
1367 1380
1205 1269
752 838
563 614
790 880
219 279
853 958
870 889
57 94
936 952
1155 1205
22 97
620 625
1321 1405
1345 1425
910 916
726 744
958 1071
938 974
18 39
732 797
1030 1057
714 830
1075 1125
1050 1059
357 441
310 356
1343 1436
1153 1197
941 1033
286 322
1348 1387
806 815
1321 1383
771 832
1240 1325
369 443
1038 1138
1349 1417
530 547
663 739
1189 1234
1197 1277
826 835
92 96
325 355
197 283
217 281
1391 1440
662 760
474 573
484 498
356 450
786 883
860 979
131 139
1253 1286
234 239
149 206
766 844
1292 1400
60 179
356 398
220 310
920 969
272 354
1175 1247
409 435
517 580
896 983
585 614
412 507
331 387
1082 1186
393 405
1192 1196
1288 1374
197 224
68 172
287 402
10 57
835 908
1119 1230
147 191
379 467
1315 1383
1016 1041
424 498
970 1035
721 767
1266 1382
1144 1254
282 385
137 194
875 956
770 882
145 218
160 177
1059 1098
206 222
1021 1051
105 182
1107 1150
46 75
593 712
514 564
732 741
323 360
153 222
1178 1209
1060 1180
1251 1316
639 691
1266 1274
1118 1208
227 302
964 1084
538 622
61 66
692 746
534 560
685 799
121 139
418 489
675 794
1358 1440
127 158
1010 1020
1154 1270
1249 1339
72 117
144 198
1225 1320
1254 1373
165 279
1129 1191
265 300
85 99
72 136
1039 1068
1331 1376
883 945
621 722
466 469
113 117
401 470
1245 1356
776 864
1400 1440
37 108
987 994
792 891
772 862
256 312
874 945
282 297
896 912
1260 1376
753 799
396 440
894 1012
118 149
475 487
1205 1207
465 518
1098 1171
93 196
30 142
511 616
116 126
116 133
898 922
578 584
643 688
1233 1317
500 538
265 343
814 876
1346 1362
1344 1354
156 189
1113 1140
1013 1104
731 846
451 508
619 666
1129 1167
1338 1370
1078 1193
547 588
1108 1173
213 220
709 825
841 932
1273 1336
572 583
416 533
280 388
1066 1096
624 719
1132 1159
251 299
290 295
481 571
901 985
929 944
43 107
69 104
569 645
786 825
173 181
571 681
1248 1298
1014 1017
783 833
909 915
459 486
776 800
1351 1407
1090 1097
1352 1392
64 134
712 832
53 170
1246 1343
688 807
537 641
1210 1238
56 100
1272 1328
875 976
116 220
223 294
794 887
1388 1425
1095 1155
868 942
1163 1262
1062 1096
332 381
957 1053
487 504
31 67
1397 1433
175 207
1111 1149
691 765
808 813
1260 1296
740 775
1350 1383
1337 1440
1245 1247
254 294
1164 1249
657 765
541 650
366 423
947 950
900 902
955 960
734 796
1306 1415
1139 1167
836 844
1186 1197
566 681
1249 1320
643 652
902 926
528 627
565 599
1013 1030
465 546
357 376
1265 1349
101 131
234 318
78 102
1037 1148
901 976
649 655
1133 1225
466 474
530 563
33 120
723 793
91 168
480 525
223 233
1038 1095
231 297
158 189
417 459
1168 1216
1394 1440
146 229
873 986
579 598
50 92
1243 1344
737 780
835 950
1335 1383
963 1001
1273 1277
328 376
91 129
307 424
1210 1214
217 295
433 537
641 707
1040 1141
1190 1282
704 732
775 882
1193 1198
1345 1438
307 356
1329 1340
158 278
459 532
1031 1105
1290 1361
856 925
248 357
1080 1183
105 183
967 1052
1074 1141
903 944
551 576
1178 1216
499 542
497 600
741 771
933 974
236 325
493 550
839 886
163 209
1147 1212
156 274
741 825
991 1069
471 529
857 887
1166 1272
256 375
1101 1133
834 921
1197 1283
282 360
533 635
587 631
642 658
166 219
862 927
303 377
1012 1093
405 521
368 481
929 931
341 357
857 891
1135 1227
962 1058
206 223
69 176
883 887
341 351
271 337
1084 1202
794 910
864 910
261 313
1140 1171
600 616
689 804
689 765
1246 1325
220 313
92 102
726 784
837 918
921 1016
892 930
977 1067
275 369
375 468
1207 1325
1043 1054
311 426
15 91
1214 1262
1380 1440
928 977
656 713
361 427
1204 1240
198 228
608 672
698 705
1155 1222
1075 1150
1040 1149
873 910
661 711
652 749
365 384
85 190
431 487
1063 1099
1177 1290
1260 1301
203 248
583 605
242 279
560 623
898 927
346 383
531 609
217 336
474 560
570 589
196 223
1130 1238
1041 1138
345 349
1225 1341
81 196
1105 1174
399 400
1000 1107
52 100
416 453
1169 1224
911 978
258 365
929 967
224 316
245 302
885 949
538 550
280 316
1369 1384
724 827
161 257
455 549
152 194
320 385
686 722
928 1009
1050 1137
151 242
644 759
78 134
205 325
1067 1108
389 497
1143 1228
1282 1287
1299 1380
16 48
280 356
770 882
450 537
400 434
962 982
992 1097
383 477
1017 1054
269 295
1300 1413
181 248
438 439
889 898
1004 1076
1251 1278
364 369
856 945
538 617
778 859
1195 1226
1306 1351
991 1059
1345 1369
614 722
474 587
598 684
993 1056
1290 1341
1224 1270
1112 1174
605 618
448 463
588 642
915 957
506 591
870 885
360 420
653 738
232 277
815 906
262 362
990 1098
1001 1078
843 931
480 484
595 630
1039 1067
837 845
1151 1250
661 695
1382 1423
842 893
905 960
816 850
111 146
994 1088
448 492
1303 1408
93 133
916 969
453 527
341 410
422 522
1280 1295
1256 1335
675 692
1238 1308
40 133
43 146
776 788
682 799
722 821
1132 1141
1341 1348
1062 1089
741 810
406 427
1097 1148
469 507
330 447
765 808
846 874
1132 1226
509 511
73 182
41 138
1078 1092
1027 1078
993 999
321 358
617 621
471 552
506 511
557 653
253 358
773 857
820 837
552 663
173 183
151 216
850 853
30 126
1109 1187
310 323
1204 1306
801 826
1240 1350
639 740
662 717
1049 1145
47 86
561 620
415 428
541 625
1180 1241
771 809
879 891
455 508
1148 1184
989 1026
1092 1157
500 549
35 99
806 854
1119 1211
221 279
458 532
50 101
475 533
757 819
1153 1167
1316 1356
680 699
1290 1301
195 267
346 373
1003 1079
511 522
289 341
1262 1370
969 1036
1160 1258
476 484
1010 1043
843 883
691 798
308 313
658 747
1157 1234
832 944
11 46
428 525
1151 1253
1000 1070
1023 1064
1335 1366
659 719
989 1055
1136 1246
166 284
215 270
158 207
260 357
27 48
1064 1160
248 270
404 461
232 237
868 932
349 430
1074 1137
286 382
1120 1174
817 819
607 623
891 929
1385 1420
1070 1112
1259 1373
761 834
1331 1353
289 327
1071 1159
418 521
1257 1349
760 827
1238 1271
966 1026
431 551
676 795
277 299
1073 1165
970 972
650 704
367 387
963 972
11 51
384 410
192 261
939 982
193 201
1279 1339
1217 1238
136 181
1303 1375
462 507
1287 1289
394 430
582 688
872 947
626 674
1278 1377
825 945
521 593
1108 1191
1350 1376
158 234
312 326
443 479
365 399
1154 1168
259 362
1069 1145
1320 1419
784 827
1178 1277
1212 1290
567 671
1261 1347
969 996
344 345
474 502
187 306
1259 1278
293 315
973 1085
0 42
159 274
106 124
1047 1151
900 955
1361 1422
669 708
1024 1122
240 271
1147 1198
772 872
789 880
971 1017
638 746
1069 1110
1086 1097
1239 1347
438 460
1297 1404
568 660
292 400
895 967
904 967
513 601
246 318
891 975
713 736
51 162
748 858
954 1053
1372 1417
868 896
1263 1335
391 440
766 789
21 47
905 952
1077 1102
11 87
635 678
192 309
755 873
519 584
26 104
559 564
1325 1361
1314 1376
815 821
518 554
1280 1288
1171 1277
62 173
964 1042
1294 1353
1004 1027
969 1065
1326 1423
1117 1221
212 217
756 760
1255 1370
313 404
362 474
269 280
859 966
244 252
908 990
127 168
199 309
1114 1150
397 481
1257 1352
34 77
1376 1440
648 763
346 462
1201 1294
750 817
29 115
825 879
1367 1440
125 134
395 501
1027 1046
546 557
353 410
91 127
1246 1272
1035 1088
354 436
6 46
560 632
718 734
699 759
1163 1271
176 249
948 960
238 356
185 209
176 200
650 726
1283 1286
346 447
21 49
1306 1354
942 953
505 545
1394 1440
391 487
271 311
109 158
587 610
571 589
1157 1198
847 876
385 420
408 431
604 638
900 934
189 252
727 802
744 789
1314 1381
920 1027
1292 1380
349 354
1198 1248
318 387
1164 1191
888 933
1323 1427
1396 1440
591 618
700 790
1031 1102
550 562
1051 1150
431 465
446 506
534 539
236 303
1348 1429
381 442
286 346
1201 1243
762 835
773 858
1205 1321
69 111
214 295
734 846
16 37
863 924
685 729
1326 1440
205 229
733 773
333 393
1119 1143
44 101
1262 1321
1215 1289
890 984
817 878
498 531
764 841
691 753
1389 1440
614 620
479 577
1038 1052
862 917
551 625
820 896
58 79
1048 1070
615 729
1222 1312
1073 1099
1163 1260
285 302
1358 1401
110 122
633 735
289 392
708 767
810 832
943 944
1348 1367
410 524
352 391
629 640
378 409
416 472
184 277
501 521
1137 1246
766 767
977 998
705 718
964 1035
807 897
435 552
967 1053
770 877
949 1040
497 595
196 246
263 304
273 325
669 784
579 684
1381 1440
869 946
806 875
146 191
1000 1086
1201 1205
454 568
1246 1269
481 529
741 785
1026 1132
3 82
1227 1324
815 933
158 241
471 489
1023 1048
90 118
618 674
190 234
786 870
368 423
308 345
637 687
1382 1440
984 989
534 588
367 388
815 903
1059 1166
217 277
169 214
207 291
828 931
25 46
653 670
1176 1241
786 874
931 933
995 1079
1372 1424
865 964
111 150
870 904
1298 1313
1236 1340
922 987
763 863
969 1061
686 795
1095 1142
228 329
366 421
1088 1186
785 897
1381 1392
307 308
690 810
1208 1242
404 470
1258 1352
931 987
99 159
576 582
248 360
1002 1061
751 758
1227 1315
756 789
871 915
1382 1420
48 118
547 570
600 646
854 857
914 956
609 691
72 149
228 274
74 143
811 843
358 369
1095 1108
258 352
296 378
1010 1066
562 607
938 1027
1264 1296
1072 1145
938 944
156 198
763 768
300 378
1306 1410
207 256
1049 1142
161 205
1304 1400
618 673
820 823
376 472
526 619
1337 1433
162 270
887 902
392 466
534 573
1260 1326
1104 1214
499 588
100 148
1174 1235
440 538
894 930
380 416
1027 1113
93 171
816 933
371 458
583 618
10 63
424 427
848 933
265 301
546 606
1226 1328
1300 1341
198 227
460 463
664 693
130 209
589 683
1247 1353
943 1019
861 943
1219 1262
1108 1158
974 1094
1142 1144
702 746
654 699
910 930
946 1056
1021 1048
1090 1180
348 435
798 831
825 830
1353 1440
1170 1181
1293 1356
1149 1194
170 197
1084 1132
622 660
645 703
1381 1440
60 80
1279 1354
341 421
720 793
883 937
47 144
581 653
1005 1036
768 886
1100 1117
775 853
252 265
810 838
432 447
1168 1206
365 476
325 424
821 892
836 882
445 499
1227 1263
654 753
743 824
216 302
1296 1394
1302 1343
1028 1097
1090 1141
461 571
827 891
950 987
920 941
363 415
590 591
1090 1197
684 782
950 1034
352 440
201 251
1188 1272
856 910
840 865
1303 1307
1267 1296
283 362
1269 1334
164 241
1168 1262
837 840
665 744
511 533
1165 1246
966 1054
186 234
46 142
1231 1345
1339 1389
1130 1196
395 504
330 389
755 848
490 513
967 1087
409 451
271 309
132 247
63 90
1182 1242
940 972
1400 1440
908 939
362 422
1024 1107
227 330
1237 1345
678 790
326 358
946 1039
143 144
66 154
1386 1439
1064 1125
789 799
854 888
1100 1116
1243 1326
1093 1185
48 105
984 1090
122 160
815 922
81 128
818 910
1047 1128
1330 1387
877 978
254 268
298 407
537 635
1187 1284
228 321
346 393
845 930
695 714
497 599
988 1015
541 554
675 758
151 210
1006 1103
501 598
532 576
604 693
910 953
922 1012
528 601
563 640
73 171
286 305
1068 1105
53 82
759 832
742 834
596 636
324 397
1298 1338
973 1065
900 987
603 623
263 282
1244 1282
786 819
1304 1334
57 166
433 508
620 639
1196 1198
531 578
1041 1137
1058 1110
976 1056
348 393
1318 1338
1202 1312
1026 1067
1071 1119
774 885
993 1076
346 458
1075 1137
359 421
777 779
1369 1378
701 730
633 660
459 479
569 647
244 328
403 449
1021 1080
1166 1283
1307 1424
24 132
1073 1188
467 562
414 461
1360 1365
816 897
202 245
1039 1048
555 626
1095 1204
1101 1213
162 265
114 172
1160 1227
507 539
524 627
374 463
1332 1440
501 531
934 957
82 160
544 615
568 580
389 483
130 246
271 338
620 628
425 455
499 574
1190 1252
950 963
1099 1212
104 145
1298 1308
402 464
238 295
170 231
404 417
1110 1186
440 517
997 1036
1165 1167
1191 1247
228 321
906 1006
1316 1341
1206 1310
1300 1379
934 935
515 612
833 910
554 618
1292 1315
673 738
989 1055
581 664
613 647
1089 1121
698 734
1388 1440
1030 1070
1281 1338
228 325
373 436
13 54
1043 1104
1015 1036
366 375
884 971
623 636
907 951
1306 1394
1103 1209
374 399
222 320
474 502
629 694
625 666
1086 1147
210 298
614 733
1248 1275
1169 1256
316 358
320 345
811 912
351 461
323 402
1356 1377
666 733
970 1054
1219 1320
853 953
551 581
538 599
621 669
296 336
683 777
724 831
645 703
630 685
1153 1204
854 855
827 835
837 883
1322 1426
286 345
561 564
414 441
1355 1440
524 562
764 768
659 714
783 825
1142 1214
408 511
440 520
1030 1087
561 575
152 184
328 370
982 1075
1214 1275
94 194
1350 1400
997 1029
573 651
1200 1249
121 134
114 196
701 737
1101 1149
897 1016
582 597
966 984
151 193
847 953
310 422
308 384
612 686
409 481
180 237
502 544
1172 1242
1353 1387
1140 1208
596 685
44 62
139 251
642 752
739 855
913 1009
439 463
657 717
466 525
741 784
407 494
530 563
1236 1332
47 65
244 327
841 896
811 915
996 1099
98 205
1082 1090
1049 1097
33 106
895 900
1032 1144
669 771
1103 1166
578 652
683 765
137 232
154 227
188 260
230 299
324 427
1051 1160
179 253
959 1038
1331 1356
149 248
1400 1440
567 627
924 1038
311 395
676 686
372 455
1178 1222
929 997
885 999
43 95
1177 1215
13 93
798 801
17 46
660 715
308 342
456 531
1381 1440
668 737
937 1021
1362 1388
1176 1295
726 841
1181 1201
386 485
303 330
631 655
206 210
1092 1170
80 180
260 330
713 722
670 782
645 764
471 556
427 453
620 641
868 903
477 597
444 543
727 731
281 394
900 916
768 772
909 1021
427 476
100 158
898 950
406 433
779 855
255 267
358 423
1184 1277
1057 1073
333 430
429 445
1001 1096
1238 1284
648 702
391 418
185 288
1038 1085
978 1011
1041 1056
935 938
14 63
860 912
204 250
738 778
133 189
1335 1374
469 559
172 256
1318 1422
798 911
965 968
562 656
1325 1440
662 668
288 397
509 532
1156 1158
262 329
318 336
962 1060
79 87
1221 1324
429 540
1353 1391
761 841
849 955
322 376
353 376
1062 1082
1369 1393
747 860
224 325
332 336
1018 1045
626 678
1280 1328
543 623
657 661
52 95
58 172
963 968
295 412
834 840
1104 1153
1225 1318
1075 1097
323 336
30 75
456 468
859 868
230 291
951 1005
1099 1156
275 385
1235 1339
1304 1305
637 698
961 1077
526 543
661 746
1105 1152
1256 1342
197 259
1009 1105
1169 1195
257 286
1054 1071
292 321
1350 1361
194 286
827 864
1259 1273
511 540
513 537
1350 1389
673 764
946 1032
1209 1276
1058 1132
546 644
269 311
864 912
1354 1373
1186 1281
70 166
788 869
98 200
405 429
29 48
1299 1304
487 508
812 854
23 97
984 1046
704 729
1287 1399
1182 1234
925 953
928 1008
538 608
900 916
572 656
1053 1172
690 734
381 414
698 802
998 1097
1124 1183
1358 1371
1368 1440
701 799
1063 1097
129 230
748 803
1315 1319
1112 1129
193 223
936 1043
227 243
1127 1219
605 622
711 751
926 982
1133 1144
1033 1057
814 919
1046 1071
290 398
1393 1422
34 60
724 792
1230 1330
310 383
1086 1154
96 199
1091 1138
1104 1134
1087 1109
766 787
205 293
339 421
1299 1409
1266 1295
311 381
1248 1303
414 450
100 152
607 657
1068 1122
975 1035
659 677
614 615
153 186
1138 1224
638 665
1255 1332
136 144
840 858
294 356
328 426
496 547
326 409
858 909
1211 1236
509 616
717 727
463 499
287 402
822 838
1199 1286
310 337
908 927
1376 1412
670 672
1304 1320
1066 1106
1073 1087
1287 1364
964 994
1352 1409
611 717
255 325
1249 1308
314 324
699 812
557 563
781 889
523 538
1283 1343
872 947
344 457
997 1095
596 625
1070 1084
181 275
1235 1312
742 773
1361 1425
885 939
116 198
215 326
573 681
564 680
515 597
1040 1083
859 945
514 560
170 172
207 299
994 1026
1199 1263
453 529
888 974
544 558
999 1071
1242 1350
1158 1207
1242 1309
1367 1416
86 164
220 296
1316 1329
1178 1191
240 338
488 535
1188 1275
1236 1290
806 898
81 126
1325 1426
901 1011
943 1017
1070 1075
816 921
1286 1382
884 970
52 80
1161 1185
49 130
673 686
598 716
844 947
58 152
935 1044
519 565
1398 1440
721 753
566 624
97 139
938 1028
1300 1334
328 355
1143 1242
1120 1203
659 754
821 918
713 813
352 461
1023 1133
182 225
720 799
1102 1197
466 507
626 639
185 267
831 872
1273 1337
1309 1333
783 809
542 652
994 1039
690 794
896 1011
740 837
326 348
661 664
228 253
1191 1231
1036 1126
1315 1387
606 703
1146 1215
364 415
1266 1356
155 181
191 203
1224 1342
1358 1410
539 558
696 765
724 775
272 390
788 802
601 680
1167 1178
663 692
906 1012
83 115
1122 1142
1367 1403
53 117
459 566
448 480
462 519
1326 1430
442 461
25 63
499 502
1253 1315
898 952
1139 1210
1163 1188
844 868
1062 1137
818 899
1178 1292
792 888
535 626
745 848
539 595
758 805
480 521
1106 1152
157 246
275 317
505 607
1102 1177
263 276
1039 1130
974 1043
642 656
1237 1267
713 805
1320 1391
458 518
551 625
108 167
1267 1324
1018 1094
893 902
350 353
1146 1204
1144 1228
117 232
711 773
302 311
1396 1440
133 226
565 638
516 631
56 148
1224 1287
882 973
273 324
440 525
925 965
1102 1192
1381 1420
676 706
1167 1270
1040 1093
295 394
1105 1193
1201 1242
13 92
108 200
733 809
245 345
145 224
130 198
847 941
330 424
398 430
1231 1331
367 474
371 375
1329 1440
1013 1107
244 287
182 195
826 900
793 897
834 883
971 989
703 727
196 236
727 750
881 994
516 580
185 209
533 585
410 440
719 802
1296 1307
695 753
192 260
527 530
1241 1249
1140 1148
1398 1440
195 217
3 71
25 26
669 719
627 631
1163 1236
767 877
142 165
386 468
1271 1335
372 441
447 492
198 310
1399 1440
316 393
766 840
362 477
902 993
363 428
304 409
911 915
1274 1279
1100 1214
246 350
638 758
596 610
714 802
369 445
1061 1083
204 268
395 473
317 396
690 749
1348 1419
796 897
917 932
1369 1440
134 178
504 551
289 320
1005 1030
827 833
733 741
983 1087
1350 1440
1210 1223
1064 1076
1358 1440
656 773
1079 1152
1177 1267
1089 1156
807 904
1118 1201
411 448
656 674
917 1015
405 443
1282 1337
827 883
772 783
1004 1008
1006 1020
658 730
991 1070
796 836
1019 1120
588 687
1400 1440
112 180
85 110
182 222
1203 1299
1169 1239
355 438
642 737
98 167
57 64
620 670
385 431
1101 1108
888 983
1041 1109
365 431
759 847
91 208
439 452
936 960
453 545
655 665
416 480
423 497
1311 1390
31 37
781 808
238 357
594 595
492 577
677 700
798 904
467 515
823 829
319 338
1226 1258
1273 1359
528 641
865 953
1168 1259
1282 1322
419 532
1338 1433
558 611
20 74
847 896
569 677
388 493
999 1032
1229 1231
1283 1372
809 815
919 936
1357 1440
456 466
1305 1320
236 257
1000 1009
375 444
670 692
525 613
815 852
1098 1135
583 693
1167 1201
222 320
244 295
413 425
1136 1245
1019 1045
260 327
73 134
980 994
228 258
77 184
794 818
171 269
138 169
892 971
759 816
292 349
1222 1321
84 169
1031 1130
387 486
430 523
651 657
1164 1166
312 356
513 631
359 404
946 972
1319 1327
801 850
313 351
1035 1044
461 485
1284 1309
687 772
898 902
902 911
503 581
1082 1119
1140 1161
293 364
650 658
228 316
133 186
1060 1129
35 115
347 440
658 706
78 97
212 300
478 479
780 781
1152 1160
793 892
1161 1177
459 557
1286 1291
1154 1224
151 154
1328 1434
975 1095
1170 1253
790 827
1261 1311
920 1037
486 574
1004 1083
512 557
1303 1362
981 1099
313 372
1098 1211
737 766
295 332
1304 1398
357 407
526 639
328 376
42 98
614 633
87 146
840 931
1108 1218
464 516
256 364
1283 1329
426 478
862 976
855 914
926 983
795 855
744 788
667 753
816 834
1085 1112
503 531
391 464
398 510
1350 1440
1267 1314
948 1019
836 884
1318 1358
437 488
289 350
222 292
1335 1393
615 731
1277 1330
104 130
444 488
1129 1243
320 405
787 907
1059 1115
369 426
48 137
422 472
1162 1248
352 387
1393 1440
319 402
823 897
405 425
842 883
959 991
267 365
996 1037
1250 1370
1254 1322
1286 1399
72 159
198 299
133 144
43 45
108 151
184 225
730 756
308 336
629 737
135 182
1276 1393
646 721
914 975
693 784
358 396
621 634
1150 1171
311 332
850 866
1090 1207
1266 1319
324 396
1131 1212
961 1051
575 664
510 525
1359 1378
911 924
80 98
780 841
776 838
349 448
40 116
742 862
903 978
1171 1195
916 1031
40 103
1375 1440
704 818
695 706
757 766
362 380
1278 1317
1387 1438
306 321
1369 1395
1298 1340
598 690
170 216
1234 1337
1013 1016
1273 1388
1208 1262
346 393
517 542
1051 1087
1065 1181