7212
6291
-6631
7296
5172
-7886
1048
3049
8372
3641
2545
4937
-7819
5708
8170
6963
4285
8876
-6340
-1177
9620
3515
-7863
-1249
-5518
-6486
5238
4930
-4025
-892
355
-6705
-3915
-9559
-1733
-367
-1245
-9598
-5049
-8712
-6838
3375
-3432
-1864
-5224
5288
-9393
3842
1251
264
-6700
4968
-3015
5991
8332
-4405
7274
4112
751
4116
4904
1901
5144
-4738
-7077
9472
-7888
424
-2923
2843
-1848
3562
-9384
-1100
6572
9888
-4894
9514
5929
1938
4752
6124
773
-7396
-5900
1208
4364
3169
-8187
4125
-8959
-2861
3499
9772
-7185
-4408
2415
1824
-6992
7912
803
-1569
-8183
-1491
1668
9591
7163
-7215
682
-4588
7911
7418
4770
7123
-6630
3175
-9670
706
-3591
6105
4517
7
5224
1625
-1147
7178
5413
-3164
2638
-3105
3268
9433
4617
4458
4602
-8317
829
4275
8448
8909
5212
9617
-7049
6087
1504
1190
1942
6890
-1278
-1481
1085
7457
-689
-3062
2260
9934
-204
-4109
3809
-8960
4116
-9433
7805
5312
2356
-6924
9393
4948
-7936
-2392
5382
9839
-6291
-1934
-764
852
4959
15
-700
-5728
-324
-3201
-5446
-1153
-8159
-8950
3291
9795
2729
-1661
-4678
4316
5849
-6831
5257
6344
1098
4128
2779
9255
5644
-3579
-6998
5513
5708
9998
3397
-5517
-8009
6556
-80
2993
-568
-16
6503
-7039
-5225
-6227
-4397
-6796
-4998
-9651
-8820
-3599
1821
5306
-5586
-6417
3770
4489
-7596
-7047
-1711
2609
1196
5623
8729
-9104
3636
-6013
9887
7559
220
-6178
-9048
2738
-4735
3360
-1348
-6243
-3586
-3571
660
-8845
4975
-9669
5802
-9484
-7660
-9
-4488
4307
8124
3825
292
8860
-7245
106
-2779
5006
2409
6586
-1969
4394
2669
-7979
3060
8781
4417
-392
4156
-518
5393
8159
9729
-7154
8858
-621
2321
-4976
688
-6143
4187
-6890
451
-9862
9611
3483
7141
9144
3943
9686
-705
-3178
6949
9492
-7392
738
2600
-416
1051
9920
6445
8135
5309
-1344
7939
6235
1160
-4371
-2486
-4416
7958
5510
493
-3599
8563
-9712
8828
6238
1812
3452
-9780
2956
-6517
-9108
-2976
-9992
5729
7685
-7919
2746
-7642
3276
-2942
1119
9182
-3402
-9093
-2510
8923
7309
-5010
6195
1524
6665
37
9357
9249
-7454
6687
5430
-3199
-8678
-3387
-3780
-3703
-3304
7375
-3264
-7911
-2507
-2015
-2941
2639
7106
-7025
6782
1555
5247
-7513
1241
5744
7686
-3477
-815
4596
2043
-348
-166
-8353
5987
6201
-5814
5283
7944
-4000
5467
-350
-9759
-3708
-5637
1360
-6496
9043
-6059
-5588
3367
3055
-9927
-5513
-3191
1146
5606
7459
5171
2595
5921
5945
-6584
3741
-9844
-6528
9708
-6077
7428
8473
4303
-6640
9651
-1269
-9527
4981
-9167
-3420
-9995
-692
-634
8033
8887
9170
-2148
7990
-2358
-9600
-6566
2312
-1574
6206
1702
-9059
9421
1164
2119
-6575
7056
3797
2279
-1536
-1903
-3844
-1360
-7676
-4809
-1263
-8416
2765
5520
6318
-239
-4002
5970
-4481
5259
-2793
-591
-6546
-3725
305
6050
5483
-6477
6374
9400
-6570
1392
7963
-542
4227
7784
168
4245
-7237
5484
9754
-6018
-5468
7863
1976
-6359
8950
6355
-2819
-7272
-4868
1476
5820
-4530
5599
8191
4878
6315
-23
-1391
9937
2073
3656
-9600
-1330
4697
-981
5103
-5514
5840
5210
-3515
-5985
8978
3304
-601
4724
-5724
8103
8602
7609
2530
-1325
-2749
1953
-548
-9046
-3754
9947
-4474
1430
-8374
958
-5864
9094
-5256
-4482
3541
-6976
5113
9977
8921
4289
7829
-1294
4826
-7035
286
-7603
5714
-8147
1402
-2431
-9836
-7516
-2018
8944
-300
3793
3023
5935
-8820
5757
3277
-4932
-1411
4382
-5554
8790
-7716
77
-6534
-5679
1647
-2603
-705
-1615
-4757
7369
-2445
-5301
-9625
-1886
-3913
-8531
-6039
-1870
2946
9325
3411
-4418
9379
4768
4020
-194
-9487
-147
-8578
6665
-6905
1535
9235
-3640
-5885
-2689
6418
5876
6592
7921
-7321
-382
726
-3911
2051
6156
1447
-9977
4137
5170
4951
7929
-9224
-9171
2407
2500
-9787
4889
-1472
-2449
-3625
-128
7609
-9253
-1690
5455
-7703
-3765
-1651
8936
1176
5171
4875
4457
-276
-9821
-1780
9311
-2528
8112
-6631
-5534
250
7168
-6104
3885
-1951
5622
-9373
215
-5772
8818
5596
-2908
248
-5430
-6767
7032
-237
-1052
1427
-93
3533
640
-5382
7655
-3921
4808
1965
-3610
3356
-8248
-1704
-9231
5668
2874
7963
-8225
1913
-9473
-9962
3498
-4545
-9427
5481
-836
-6667
1415
-7002
7013
8181
5858
-8121
7073
1899
3985
6223
-3670
-9682
7154
9664
9929
2128
-1205
2462
6211
-7108
-6251
1484
-6337
-878
-145
-1800
1611
-1619
-3357
3625
-7813
5522
-782
9666
2444
6527
-1985
-5692
2285
-8077
-6045
-8485
-4487
2508
-7869
5837
-5681
1711
-3712
1566
-2530
4204
6717
-8597
-1345
4152
-5551
-2597
-6540
-1923
-3
-8827
-4883
-2557
-7667
9277
2044
-6068
4146
4761
8172
-2779
-5218
998
-1005
4204
7571
-3610
5027
6444
8338
5769
8960
6451
-4216
1194
6698
-6939
-5337
9666
-4992
-1241
-9602
-119
-6581
-2836
-6438
1313
-3692
-9660
3004
9069
5006
-2984
5957
8777
216
2198
7739
-7720
-4593
6826
-4168
-594
697
4684
9031
3958
-4922
-8979
-7190
-9871
1781
8048
-3595
-1084
2305
-1678
3496
-9934
-8349
9456
-1475
5224
-6761
1568
-9754
2271
-816
-5196
7782
510
-6694
231
3555
3132
8486
5855
1587
-5561
4930
3581
-5746
-2960
-8230
-8682
-3654
-8831
5784
-6165
2897
1887
-3096
9378
6071
-5488
6202
-3786
9407
1665
3174
2296
4934
-4624
1603
1342
-4380
-5967
-5468
352
-2558
6753
-6241
-9612
1767
2556
-3546
9550
4696
-6864
5012
-9322
-5505
8731
-2354
9468
-7137
3175
-3929
-3986
-2849
3711
404
5063
-3510
3487
6250
-6090
397
-3207
5948
-1331
-5826
-2254
3502
-4523
1656
-8980
-134
-2231
-8270
-1573
-7055
6119
9109
3775
3907
-1228
-7922
-9104
-7764
-2579
4211
-2413
8582
5778
1629
4013
3655
-410
5549
-3838
4142
3657
-4631
5243
1590
-4774
-4256
9163
-1986
-548
9131
2496
2736
2351
-8891
-7519
-1004
1243
-3216
3365
2212
-506
9834
-7559
-9762
4750
721
-7418
-852
-731
-9385
-886
9538
-2804
-2017
-763
-2883
8526
-7018
9701
-1034
2659
4176
-354
6417
3598
1054
-3112
-161
2755
-5847
8319
-4093
-9167
6407
5876
-1741
-9332
-6422
-5447
7850
-9053
-3968
3967
502
4094
-4581
-777
-3635
2386
-1630
1630
-9677
8587
4343
-5880
7883
-1077
5035
8718
6204
6848
1814
-1299
-426
-794
1374
-8600
3612
-9064
-3424
9578
4712
-6654
-8542
6134
-9190
4639
7446
-9294
-6908
-7172
2717
1122
229
7581
5281
-9337
-1004
-1491
-4914
529
-8933
7953
9465
5455
-306
-8323
-6801
7249
-7923
4759
-3537
5499
-4391
8433
5488
-8367
-2958
-6004
-5524
-8053
-2711
-9366
-2064
2905
2768
5217
-4140
-3716
8250
-8522
4345
8423
6856
2706
4356
3181
5010
-9538
-6083
-9532
-2471
-2022
-5319
-2818
2445
5986
-1499
9814
-1598
6038
8161
1934
-9961
-435
-3101
364
-1438
-1242
7822
-4884
-2400
344
-6152
-4874
-8893
-7619
-5178
-6728
-1352
-2972
-9996
8751
-7488
3578
5345
-836
5075
8242
-1152
8485
-7971
-3818
9045
-9388
2757
-5382
-6596
3699
-5363
3262
-9869
1559
3770
-6998
-3223
-7430
4262
5498
5158
-1743
-4342
-8329
-8396
-107
-7744
96
-4104
5740
-1959
7518
9235
-7590
1869
3892
-9918
1219
8599
-9031
4958
-3276
-6487
-4318
-4373
2458
-3897
-1711
5870
992
-8526
-6813
2495
-5193
1246
3560
6075
5593
753
-4193
8588
7643
-3739
-1024
-7080
6988
-6819
7815
663
3534
-6566
-5555
-2296
1053
-788
9501
-2078
-447
7936
-2973
-1779
3312
-1000
-2336
-8688
-1806
-238
2479
-2091
2339
9893
5270
7407
5131
3799
-8177
-5067
843
9088
1717
8708
9506
-7111
-1231
8031
-271
2228
8707
-623
1577
1447
-6651
-8996
-7788
-4360
-4487
3856
-5240
-871
-4672
1722
-7803
6909
-302
7844
-155
-6797
9615
-9886
2350
-3160
9006
-5056
1294
2241
-3792
-8718
7129
7905
-1049
5270
8941
7276
-7158
-7317
828
-1769
2486
-9667
-140
-4439
9810
-2813
-7062
947
-1793
8834
-4877
6456
-6563
2024
799
-9675
6609
-422
-8790
9996
6076
-9747
6509
4250
3141
6599
-4455
9394
-1378
-6783
-5279
3441
-2057
3224
9194
-6582
-2847
1993
9145
4716
3069
-6480
-7638
5988
-9181
2266
-9988
-1497
-9474
-4831
7647
7318
-1044
851
-1212
-6317
-2413
6525
-6011
-9749
7451
-6782
2230
-8099
-6197
8228
9493
-3609
5955
-4539
-3226
9554
-6464
-4826
7873
9378
8136
-5154
3957
6602
1385
999
-7813
-2847
2112
4970
5110
5247
582
7583
5494
9436
-3615
-5201
-4416
8403
3489
4475
-4625
-6170
8938
9839
-3881
9057
7023
5650
-7135
-3725
5836
-5757
2330
-8269
-5222
-1125
-5632
7542
6786
-757
3028
-2432
448
-1612
-4882
-7216
1525
-9322
-6940
4644
8720
-9867
-4268
1115
-8416
-3107
2081
3061
-3490
-4699
-2266
522
-7800
2907
-4905
-8502
4800
9680
-2472
4945
3717
5118
-7191
-7823
2249
-3836
-6483
2307
9301
-4371
3312
135
-1212
-5357
8976
1492
-5716
-3816
-1984
-8790
-4470
-6760
4529
566
8127
-201
-3715
-1205
2361
-5933
4982
-2651
7878
-8987
-2155
-3087
-4833
1823
4049
-2960
5007
-413
-6252
2713
7899
-6324
9693
-2050
-128
-6785
-8616
-6538
5652
7631
8777
8217
5276
-6717
-3328
-5982
-8858
1
5228
-4371
5895
-6220
-7705
-6548
5934
-6884
-4976
-8878
9649
2933
7515
9716
-8138
-9956
7247
-3238
-1464
5081
2409
-307
-7437
-3042
3240
-6615
9151
-3900
2923
-4154
-7984
-4331
3091
-4961
-6665
3184
-5500
4903
-8529
7920
-2005
1101
-6175
4104
7787
-8052
5680
5802
-1542
-3309
-4886
-4822
-5665
904
5432
3057
1397
-4436
7753
157
6151
-1995
2030
-2324
1396
-4278
3122
4545
-2632
716
-7941
9869
8440
-1950
-1833
-5993
-8793
-4413
4925
6478
-4094
-7113
8818
3412
6955
4601
103
-3968
9794
-1520
-468
-9076
-6017
876
9594
-862
3811
-8843
-6534
9637
-5447
-1830
5349
4643
6716
3905
8246
3849
-3205
3375
-2209
5416
-6420
-2429
-6564
3094
8308
928
3102
6527
-6092
-5214
-537
-894
-8921
-1154
-7894
-3971
-3437
-3589
5171
1739
-4361
-3623
3104
6476
-2716
2395
6947
-3836
3691
-4286
6393
4921
-2242
8288
1533
7082
-6072
3034
919
-6543
-3146
-7895
-9328
-3533
1597
1008
-8406
6902
7755
-4078
4368
-9166
8054
-9938
1740
8424
1306
-8512
7743
-9825
9554
-9026
4385
720
4450
-7655
-7580
300
-8046
9599
3429
5687
2546
3182
-8294
454
-3124
5138
8331
-9118
1900
-2437
-3671
4322
8921
-4943
3307
-4132
-4681
8352
9474
7757
4678
-2190
4161
-705
273
9655
9253
72
-8816
9236
-8826
673
5354
360
-5001
-2581
2734
-7524
5464
9792
3231
-6701
-9783
-5605
3431
-6551
-6773
-8985
360
-1022
392
1316
-8024
5523
-2523
-1322
-6833
9877
2754
1086
8638
-3227
6121
3542
6921
2793
2439
-8549
-9397
-8613
5507
2125
9243
7743
-5583
-7054
1559
8550
-91
9711
397
-8585
3831
8466
-3979
-844
2673
-3120
-8665
4910
-1732
2302
4482
-1420
-6696
7259
2255
-7084
3880
5944
-9656
-3732
-6669
3861
3864
4877
1278
9483
-5061
-4879
22
8817
1292
2791
-1467
6339
6948
-2997
-7565
5588
-3918
7790
5782
-6253
-57
7421
8244
-9326
8686
4721
-7842
-4500
-9329
7303
-3508
-8798
3691
4366
9051
-2578
9461
344
-7681
-7117
-122
1433
8427
7464
9243
7932
8036
-110
1614
-1273
669
9743
-8905
149
7209
2163
-9415
-6561
-3296
-9611
3303
-2121
-9848
1045
-738
-3029
4093
7379
8859
4809
-1600
5257
3442
2248
8519
8896
7925
4998
-1873
-8021
-9527
933
-4605
-4559
1059
413
-8677
5224
-4757
5121
-2861
-3817
2550
895
7051
9585
-2091
3617
-4450
55
-8236
9442
6703
658
-863
-9591
-2037
-3128
11
3117
4626
7737
-3082
2096
6832
-1031
4330
-4764
-4979
-8981
5883
-7771
-8772
5890
3227
4175
-7390
729
-2596
9615
3734
-8060
-4815
-2924
-5869
4612
-1965
3732
7907
85
4195
3521
-9966
7502
-9422
-3812
4391
-2694
-6244
-2858
7954
-9740
6871
6292
-2586
-801
2275
7978
303
6756
-3388
-1128
-4069
2965
-8545
8995
2611
8312
-3419
2077
5061
-9213
-8934
-650
1683
-22
20
193
-4104
587
2713
-7531
2861
9325
-7445
-7813
-4711
7315
5476
-6343
2951
-6291
6261
-857
7709
9066
-7431
-1767
3044
787
22
-2981
8317
5220
-4722
-9038
2337
-519
-2312
1093
-9914
2611
-5107
490
-3103
-553
9332
-496
238
3133
3273
-4947
5395
-7388
585
9068
-4830
-3909
9504
7823
9288
-8000
7530
-956
6602
-825
3451
5518
-355
-6153
-9775
7087
-8025
9273
-64
-802
-1712
-3640
-8743
1032
4015
-4322
-7115
6571
-808
7296
-438
3012
4525
7387
7195
-2628
-1182
-1213
-624
-4784
4934
5275
2106
6958
-6333
447
-1266
-8637
3244
-102
-5081
-3173
-9807
-991
1469
-9145
-3796
-8813
-5223
1342
-1260
-1829
-1042
8661
9042
-5074
-7031
1347
-8229
152
1732
-206
3542
-2050
-4532
8592
-8617
357
450
7759
3104
394
-8516
7374
-1939
-3763
-7284
-2342
-1350
3011
-1835
6434
-1096
-1889
-2186
2794
-5839
8082
-1158
1600
-4331
-1051
-5423
-7314
5628
1869
-5855
637
-4351
4905
2448
1302
8380
4016
-6055
9161
4755
-3402
-8671
-5139
270
-2847
-7843
4835
6331
-8584
-8285
-1223
-6784
4548
-2209
8432
-1699
-7265
8262
-9177
862
7906
8432
-1394
750
8641
7589
9907
4294
3444
965
-909
-2036
4434
8076
-2521
8586
-1730
7296
4130
-8414
-5783
-7166
-9712
9273
1236
-6476
-6168
-2059
-7590
-3707
6600
-2049
3276
939
7274
9337
-4520
2352
305
-6876
-447
4790
-4509
5878
-3074
-8111
8831
9955
-6397
7707
2867
-7277
3648
-6641
1969
6693
7916
-9183
-4795
2105
9105
-1532
3023
4040
4822
3073
-7509
-6330
8970
8361
-9152
-9629
-3351
-2159
-3772
-1211
5501
-321
-564
-1285
-1049
-7605
8861
-1688
8847
7330
-9319
7200
-8635
-2446
1099
3897
-198
7508
-1653
-7602
-8991
6646
4944
3794
7538
2845
-4139
-8817
8088
-1308
258
471
5284
-8352
4245
-2236
-6096
-9733
-9018
-6617
-6139
-9329
5483
-8241
-4526
-6380
790
6950
-2996
8951
7602
-9015
-1507
-1299
4680
-6888
5612
2620
-5253
-3421
-1797
-8482
9849
2566
-2884
-8209
-6368
-8706
-2580
7888
-8606
-8101
1400
5833
-327
-649
-5981
8712
8187
-2750
-8243
6791
5887
1255
7408
7350
-133
547
-1090
-3062
4130
-6077
-9083
8527
-7740
715
-6377
-5378
5054
6602
1802
-9984
-2880
8159
5936
2303
-7338
8857
6274
302
-2778
-7526
6802
1632
-4240
7585
-863
295
8860
-784
7091
7784
8461
-634
-9353
-39
3920
-2041
-8892
3908
776
2132
8272
-6302
-6300
-6717
3932
-4878
9497
-4936
-9687
2242
-6016
-1086
-7858
3827
951
1104
-1108
7944
7963
-7523
-6823
9279
8259
2777
7697
-4597
7341
2128
-4583
-8560
3776
-7210
993
8261
9131
-9541
5865
8335
5319
1215
4820
6381
9644
923
4351
525
5799
761
329
4189
-837
5651
-8814
5957
1358
5380
-5407
-528
697
-6784
2630
553
-4916
-2042
-9745
1105
7836
-7452
-4173
43
-1682
-723
-7891
-2413
9848
-7068
-6570
-9360
1315
9425
74
-4742
4172
-95
-8543
-9283
-5330
356
-3745
-346
-2740
6485
-9086
-6304
-2511
9275
299
-3109
6019
-9105
-6188
-2747
-8244
1924
-96
-604
-9455
9697
1766
963
6366
-3509
-5770
2169
2846
7261
2127
-4620
-8954
-754
2649
9376
-3376
-7037
261
-9253
8878
-1739
-4295
6362
5829
6553
-1836
-9364
-8223
8160
9320
8302
8899
-7463
-1732
1199
-4684
-8106
-880
6779
-8487
3621
-5225
-2345
-1870
-6264
-5629
-9840
-1706
1797
6805
6150
2254
5134
-141
5203
9110
9323
4545
7728
3380
-4350
8963
-7223
-5893
6184
-1605
7727
-8764
-1948
-7482
1038
-7956
-234
6433
9250
-9830
4723
5856
3883
9127
-9638
-9847
-8949
-1095
-5196
-7960
1610
4754
-4534
7262
-5501
-1050
2780
-7662
-8880
-1633
-2962
-910
1043
-8026
7347
4441
-1201
-9339
-4745
7186
-9213
8203
-7714
-5743
462
8476
6027
-930
-9658
8446
-335
2808
7642
3695
-7302
9122
-6651
6668
6565
-8961
5496
5615
6457
9018
3820
-1819
-8426
-8133
-3780
2236
-4380
6618
-3898
-8925
2427
-9354
9431
-9266
-4129
5558
-9631
1611
9346
-8535
-6105
3577
-562
7925
-4874
1864
-9191
-4011
3639
1479
2662
-5
-9024
-7845
-1842
-4914
3678
-8149
-1006
-6177
6775
-8169
-9503
-2494
-1715
363
3829
-1762
-7302
-9691
2809
624
-4159
-9352
-7505
-51
795
-6648
-8020
3034
-3122
-6915
-947
-7664
-1925
-1080
9519
3814
468
-4409
-610
-5993
-3708
-7349
-9348
4393
-6252
620
-7883
8146
-6625
9928
-8564
-5340
795
-8966
800
8466
-9334
8075
4080
-3377
4742
-9510
8747
-8128
-9630
-2257
-4210
5164
5022
-2729
2424
6726
5384
-9196
-1402
2719
-301
7022
-6169
-3195
-5344
-3016
-3057
5062
7318
2667
5312
-3878
5526
-3097
1183
1286
6380
9404
8774
-1032
7021
-8136
-7424
1892
6837
2143
-6326
-9709
7837
3093
-4929
4399
445
-1476
-2358
3430
5839
-864
614
7486
3266
4259
-2951
-662
-8545
-9162
6433
3687
-8492
-8304
6836
7170
-7541
6724
9470
9675
-6054
-1632
-5945
-9401
6265
-3377
6730
-8400
8947
8086
5176
9929
2298
-8390
-6019
3011
-2486
617
-8996
-6698
-5907
2496
3505
6353
-6503
-8782
-6568
-7636
-4068
9663
9226
2841
5014
280
-9756
7708
-3953
-7976
-344
-167
1368
-7421
9623
867
6889
-6574
-1118
1281
733
-2005
-1829
9527
-5898
706
9260
6617
4951
-4710
-7642
1684
-9054
-6342
1428
2217
1880
3630
-912
-4120
4723
5000
-1588
7877
1084
3815
6251
-9479
-8088
-9164
-278
780
-663
-8722
-7551
2419
-4969
-5827
-7224
5986
-7518
-6257
-702
-8850
1283
2782
3865
-6339
5340
-1280
-7920
7121
2425
3996
9457
-577
8450
-330
-7113
7487
3090
-4062
-8525
-7282
-4177
2596
-2995
-8806
9139
3663
-4318
2423
-4717
-3572
6687
4742
249
-7180
9798
3820
-4780
7677
-5389
-5268
-4100
6284
-8884
3316
3508
9868
-1912
9776
-9032
-8904
-288
-9357
-4203
7554
-4050
8847
5003
-9271
6911
-2093
-564
2265
-8916
-7152
-1649
1
-4046
7988
-3543
2039
-1789
-9866
4141
-3155
952
-1528
8033
5849
3074
-336
-6984
-3552
-813
2720
-7279
7675
2573
-4454
5917
2127
3050
-3792
-2943
-3489
9252
6706
6537
-7749
-3539
9173
4171
1801
8255
5319
-9334
-3985
-2813
-7990
-5653
6962
7862
9118
-9797
-5186
3051
-2336
-8223
-9090
4515
1985
8681
-7912
7081
-6036
-5218
-4810
2404
1613
-4746
-2089
-2171
-263
4377
-4533
-7342
-6606
2598
9654
1381
6366
-2899
6272
-3798
-4984
-789
-8755
-7305
1597
7806
-1275
-9343
4319
6396
-4632
-5875
2693
-7360
1483
-7236
1312
3778
9779
8967
8082
-4835
7036
5293
4207
3129
-1726
4857
6933
4304
2900
-2470
8434
-4903
485
5115
-9611
8535
7421
6228
6844
-458
9928
3522
143
-1303
2650
2726
9228
-7348
2533
-1095
-685
7524
-35
-3674
-9113
9072
-724
-3886
6834
-1882
-9691
8203
-285
-7156
6237
9467
4487
922
9858
1665
-8758
-3398
3564
6169
-6706
8401
-372
6301
1769
-8568
2093
6264
-5023
9094
1452
-1295
-2907
-7632
-4189
-6804
-1732
6311
3471
-6253
3490
-5333
-6411
9175
-4574
9938
9152
4753
-3358
3978
-2473
-9913
-7698
-5142
-763
2558
-8369
-8499
843
-3654
2858
-392
9576
1351
-3746
-7331
8927
-3346
-1152
6301
6659
7605
7192
-5986
-2344
9004
-2708
-9144
-9939
-2893
5786
9631
8202
8725
8201
-9532
-6367
8929
-3279
-1239
1177
-9138
5147
-8339
6552
4167
-61
-2919
-9051
3769
-3540
-747
6739
9690
-4934
7032
1307
-1986
-6224
-166
-8149
-7326
5468
-592
3623
1174
5230
-8761
6129
4650
9510
4013
3699
-6375
579
9655
3904
-6575
966
-1172
-6706
3421
7899
-5902
-3823
7746
-9338
1860
-7102
4706
9470
5558
-170
-6134
-7492
1033
8627
-3071
5697
9300
-3287
7997
5728
-3956
7992
-3832
-181
-8369
-9711
-408
-8329
8214
-9936
7004
-1719
4284
-624
-1825
-5318
-6782
2292
6170
-5306
946
-9551
1410
9333
-6566
7616
-4505
9108
-263
-8077
9873
163
4960
-4179
-2143
-4280
4775
-628
8535
-2731
-9992
2868
125
4643
-2278
3670
-728
-5331
-5793
-5897
7365
-5363
4148
6185
-9354
-7668
-8473
6856
2180
-6659
-9209
4621
-181
-1030
-5510
-8583
-6538
-9830
-1759
9513
7957
-6141
-6982
-6918
1905
6104
-5490
76
7974
1226
-5993
-1451
8579
-2046
365
1100
3412
898
9454
7456
2647
-3055
-65
4244
5482
-8421
-8440
7930
-1217
-7861
8753
8793
-3179
-7030
-8538
3105
-6733
-792
-4456
-4765
-5127
5098
-8942
-286
5515
-5080
-7900
-7850
5699
670
-8755
-1889
-3473
6010
928
-7803
6919
9133
-5755
7050
1457
6022
1593
-4484
1073
9124
-4728
4797
-8761
1757
2137
-9105
2033
-1340
-9780
-214
-798
7138
-1433
-4962
6490
5099
3047
3308
-3791
-7999
6026
-5295
3527
782
7240
8845
4029
864
221
6959
5034
6855
9163
-8391
4496
-1334
791
-938
-7381
-5411
5607
1893
-4433
-1978
6321
1270
-6179
5273
-6629
9512
-6767
290
4009
4469
1412
4531
3701
5775
7299
9751
-2407
-7054
9461
-154
-8710
-1228
-7003
-4569
-9576
5052
-4311
-7239
-7719
-8240
-9265
-7768
2179
-3952
-7059
1326
2314
-1675
3848
-3629
-3372
6210
7762
-4000
-6857
7098
7753
-1032
-5299
-4440
-6410
6321
-7822
9437
716
-5311
-1451
8347
-9999
-1717
-8288
8001
3561
-5763
5071
-1088
5205
-4652
5376
1200
-3258
-5363
7804
-5684
9951
-414
5640
-2531
2758
-2159
9684
-7665
-9600
5567
-4226
-231
5203
-7469
-8632
-2632
-9205
9882
1402
9547
2344
3714
3643
-8434
-2834
4069
-5994
729
-1352
-6490
-2596
-716
-3057
4654
4087
3151
2366
5088
5465
6118
2026
-5528
-7250
3175
4203
-693
754
-8754
-4625
-8958
8721
-9930
-8971
4976
9776
1735
-346
-1314
3503
-6794
-7669
6037
5545
6651
-2
-2255
-5621
4209
-2353
4150
1506
2819
7637
-7138
-1303
-6137
-5477
-7416
-8925
-7878
-509
4965
-3643
-416
6195
4469
820
3132
-6788
-992
-5278
-2112
-2698
3153
-4174
-8854
-6650
4678
-3625
4480
-6025
1734
7743
2134
2791
-5318
-3877
3172
-9423
-7515
973
3215
-976
-1100
-796
2623
-3338
-189
-2452
-8213
-7889
4497
8497
-9989
-2008
1257
-4224
-7665
6364
7356
1404
1208
627
746
-549
9647
-48
-2113
-8104
-1913
-6048
314
2454
6116
3307
4945
9764
39
150
4167
632
3510
-1489
8812
7416
-367
1042
1424
4588
-9335
-8974
3077
5462
9719
3066
1432
5869
-5130
-1727
137
-2473
7650
7979
4244
-8274
5425
-2504
6976
8179
6172
-3578
-706
-9818
-8599
-4747
-6122
-1140
4821
8804
3509
7340
611
7420
-3923
837
4558
-1827
-8614
-2038
-8536
2477
-2113
3568
-1056
-6938
-1497
7136
-382
-1173
1852
6633
5446
4789
-9477
-9076
-5151
9356
-9910
1456
2686
-1646
-9835
-3724
8924
-671
8706
-5475
8998
-5675
1949
-7205
4190
7811
8844
-2563
3299
-3919
5616
-8423
3984
8806
-6595
3917
-1136
3024
1597
-712
-9430
5171
-6035
-4774
-7449
6977
1279
-5523
-3357
7519
-4378
3031
-9958
8110
-3232
7979
6997
3980
1502
3437
7253
5413
3515
6699
89
-2723
-7777
-6712
-9198
8247
-2566
9908
-9341
3858
6134
941
7933
2452
5383
-438
2902
-7906
121
7735
1213
-3227
7537
-6480
-3111
9758
2361
8096
-4252
-8470
2136
7351
-9932
-985
8718
-7087
-592
5033
6642
7884
1854
-9177
-6023
-1048
4627
3388
6634
772
-8576
-3709
7669
-9616
2992
-2175
9800
-9429
-9309
4154
-1268
-8034
-587
-6197
7291
-5300
-8551
-3761
-4808
9522
8508
288
2866
-6315
-8881
-6081
4376
-3015
5569
2907
-2080
-2998
-1860
8996
4519
-4857
4324
-2798
-8972
1146
-5745
7667
9680
-9713
4036
-5861
-4190
5155
7549
7506
-5371
-3080
-5890
3347
4897
8674
-3744
-2001
-3954
9416
-6440
-6886
-5222
6526
7834
-5216
-8930
7958
6372
-6773
9548
-8625
-8641
7828
-5908
-2713
9085
-7767
-7638
-342
-9640
-7498
2996
9894
7763
-3048
-3928
-4044
-3850
427
9701
-6635
3847
-3220
5257
-3350
-2812
-7263
845
7237
-1948
5651
8695
5889
7343
-8361
-4459
-137
3393
-6984
4331
6468
-6371
-257
732
-4344
-6694
-1680
-3216
-9130
4551
-3208
-4305
6552
1598
-3625
9965
-1980
5013
-6564
3662
9388
-9217
9252
2259
4639
-5998
8353
-5002
-566
9808
-3021
-9001
-3852
-4143
-1303
-7364
7176
5629
-215
-6901
6356
-1866
-9854
5368
9361
3748
6629
279
-532
9225
-9538
-7336
-9462
-8651
499
-4879
8579
-5452
-6521
5777
-3637
290
3741
8311
8546
-2361
6244
3711
-8708
5679
-1755
-8280
3903
-3201
-5364
-3485
6114
5193
7533
-4388
8820
-2997
-6148
-2935
-1242
4086
2651
-2201
-7684
-228
-597
-5842
-7204
-4826
1522
-7167
482
-508
3778
546
-1084
1367
-2611
-5802
4632
7171
-5162
-6410
-8059
6216
8872
-9664
8585
7745
-2379
588
3924
-6426
-2361
-660
920
1362
7627
1111
-4116
-7044
7332
7270
2817
3711
4218
1436
7747
-5798
-2077
9491
9879
-8058
3333
2056
-7725
-7427
-395
9639
6218
-4139
9363
7900
-7501
-7012
-3167
2610
4110
-2750
-7784
-714
8457
-472
8979
5935
-4584
4234
-1880
-159
6785
5170
4605
83
4333
-3294
1440
376
-7006
9638
-760
5019
9092
-1329
6199
5359
-3878
-1413
-8873
947
5837
-8652
1194
-2978
-5012
-3357
-9965
7315
-6175
4212
-2812
2200
-7705
1263
-8502
4456
-1365
555
-403
-8311
9765
-6860
-4604
-6382
-7156
9575
-7400
5199
9317
7128
-2020
315
-469
-5623
2627
-4727
5863
-3006
4417
8371
-4375
-2056
-7139
4541
-9075
8481
1913
844
-9973
8946
-5392
-6413
3217
8719
-491
-1495
2523
7600
6429
577
40
-795
-4235
-302
5326
-8773
-9659
-4185
1961
-683
8179
-3244
-9376
-6596
7013
-7604
-6966
-8878
-1141
-8090
-469
-9669
-7538
6763
-2842
803
4952
-8358
-6416
1887
799
6894
-598
3330
-6536
1846
-5254
-7191
5570
9552
-5314
-6465
7432
-4062
-7260
-9560
8684
-2810
7385
5478
-6674
2765
-1877
778
-7952
-4520
4200
235
-4580
2236
2001
-8817
6364
-1578
6856
6463
3492
-8053
-7358
-5575
1480
9877
9820
-4539
-1421
7464
6888
8412
9086
-9384
-6328
8490
-1703
-757
9479
-6257
9580
-7801
-4321
7731
-9079
8307
1808
3452
-5958
9911
9425
7064
-6975
-598
-5138
-1261
-9689
211
-5617
7944
-86
-1461
5038
6661
-1846
4933
-6641
7823
-3313
5918
-4017
-9029
-4383
5350
-4693
-9138
-7710
-4132
-529
-9664
388
7900
-9395
4451
-7487
-2172
772
-2837
-2179
9744
8012
-6348
-863
-9512
-5658
-1237
5213
4282
-4198
-5814
5354
115
-656
-2425
-5515
-5442
9496
-1652
854
-9102
408
770
-7157
1756
2874
67
-7182
-3259
-5341
-9499
9836
-1934
-395
-165
-4612
-82
-1344
8634
-3340
8291
5638
-7817
9398
-9253
2328
-2499
5833
6146
9017
6208
-6184
-3019
5182
-98
4729
-5196
-7709
-4246
3527
878
-3978
-2878
-1351
9611
6034
7838
576
-5264
-7817
3679
6109
-8569
1312
-9723
3210
-5835
4522
-9956
-3412
-2472
-8711
3359
3734
-3732
9516
1182
7561
655
-23
390
7031
-7242
-5103
-2513
-2427
-2509
-7579
2232
2322
-1648
9623
-1220
5385
-9890
6418
-4390
-1450
1750
-3376
-4862
1795
-1876
-8881
-2425
-4072
3022
-3952
-9185
-8185
-6131
-7814
9000
7288
-72
-2411
-4849
-4196
5801
-3338
7851
-6882
267
119
4417
-9984
8109
6587
-9308
9705
2519
8325
7215
9511
3792
6728
-407
8366
-5362
-5466
-4538
1546
-8605
-6252
-1634
1011
-5156
43
-2965
-5849
-1389
5761
7798
6077
9360
2102
-4669
-7462
7418
4221
6581
-7746
3648
-6871
-9791
2114
7713
-2840
-1046
-5420
-9813
5411
1915
-8461
-3187
-4713
3133
-5490
9378
-616
-716
-976
1756
-627
83
3461
-2227
-6477
-5930
6065
3711
-5584
9558
-2697
3867
1095
9094
2689
-6986
-1558
-9321
2696
-8704
5618
5215
-1339
-3794
-2288
5715
-1500
8889
-4770
9283
3768
8717
-6359
-2141
6543
299
-9380
-1326
8598
5317
-5006
6735
-2658
403
9046
-3
3466
8150
-7243
-4941
-3935
2832
-8353
-4020
-7040
4094
-6244
9898
5451
8630
-892
7192
-6073
4989
-6183
669
-943
706
-65
-8011
9540
-8299
9790
-2858
-7309
6491
4668
1667
-3672
-3098
8296
1878
-9893
1417
7749
8272
-7900
7183
821
-931
7133
-7954
-6941
5460
9726
-8227
4305
-2960
5479
9021
9867
-3271
-4872
935
-42
5799
5721
4582
8135
1424
909
7379
-331
8574
2676
-4884
2936
9950
-6517
-6355
1747
-9354
353
-2590
-9199
-6693
766
-4478
6115
-9756
-7626
2810
1731
4638
-2171
2434
7535
-6411
3914
167
-4951
-9712
1148
9813
4898
4542
4806
-5446
8396
-8035
-5189
8575
1281
-2980
2441
7521
-4481
9525
-6575
6582
-3041
-6585
-9675
293
-3744
-8708
7946
-5367
4477
-2697
2367
-8284
8196
-372
-6574
1374
-2604
-4827
451
-4679
1223
-6837
-500
-4091
7191
2687
3376
1171
-6398
-8226
-1742
3774
-7531
9129
-8554
-6640
-9554
3750
-9835
971
7541
783
7092
-6129
4009
4804
-4440
7848
-1881
9699
-4267
-5656
-3310
9597
-4548
-2135
2358
-3952
-1214
8804
-713
-2742
-8754
-4052
-5589
-733
-8538
-1894
5521
9653
5820
6863
1946
-7439
1245
3675
5517
-8333
-2292
-7479
9380
8492
-8359
1046
42
-675
5355
7434
1956
3890
8456
-1198
-955
9362
1619
-3152
-9193
-895
-5336
-5219
-1837
9149
-5
4968
-5841
-7960
-2303
-5797
-7812
2262
-4734
-6420
-8149
1429
9958
-308
5760
-5460
3547
-5143
5123
6306
-8123
-242
6661
8303
7420
3069
927
5051
4690
2693
-1926
1287
-2206
-540
-8830
7272
1090
2083
656
-2948
6988
838
2143
-6746
-1522
-3692
899
1293
5491
9390
8573
2383
7687
9706
-341
9892
-5906
-5494
4098
-3528
8189
-1098
3192
-8038
258
8963
-9953
-6287
-1997
-3256
8995
-1468
-9782
-6319
5391
-1508
5715
-3042
-2443
6566
2791
-6396
-7068
-9786
-7649
-5111
-7657
-4652
2403
4722
-4113
-7549
-5404
-8264
3256
245
6062
-998
6076
9956
-1829
9483
-8876
9294
514
2759
6720
-9187
-5710
-2506
-7177
1146
-2483
4573
-8779
-2631
-9868
3863
185
-3872
-2937
-3210
297
1344
-105
-5690
1280
-2647
1126
-944
-427
7033
3442
5187
-1706
-1520
2532
-7711
3047
5027
554
3824
-2646
-1785
6893
3779
7953
963
-27
1753
9436
-9115
7194
-3481
-6728
-3952
-1270
-3938
-1391
6716
8985
-7422
-1061
-17
4020
-3317
3127
8290
-5881
-6272
-9698
7747
3227
-4672
-7001
3905
6722
3566
8710
2831
-4672
9539
-9365
7457
3740
-9273
-851
-1415
1038
-4537
-546
2463
-3241
8060
7890
-4191
8577
9673
-7685
-3199
-8685
-4357
9684
3468
3132
9398
663
-9770
-9512
3600
3410
-2843
9689
4815
371
6478
3576
9314
7266
-5902
8899
-2300
8076
-4067
8538
4221
-1573
5195
3156
2461
-3669
6389
-3486
-2170
-6280
-4212
5852
4441
8924
9462
4744
-562
-9457
4722
-4511
-7053
862
-6703
-4795
6382
9058
-5201
-635
7723
4772
7635
-5653
5091
-9560
-6239
7567
-2657
1999
9087
-3291
-2840
-2800
5454
8973
9773
3125
7838
-159
-7269
4283
-368
2455
-2377
18
3728
8066
-1962
-2136
-6001
-263
-8662
2370
-1772
-3050
-235
-4400
-6789
5682
1803
-2267
999
4743
4327
1974
8354
2802
6995
9740
4899
-917
2065
5573
8501
-5205
233
-5510
-5211
-7716
-1038
-4825
-4934
-9963
-4091
-4254
6257
-5323
-7608
-8269
1075
-6991
-8289
-5005
6460
1428
8380
-9071
-8730
-2352
-206
6918
-9955
3437
-5444
-6509
-2321
-8853
-348
-1761
3696
7628
737
-7753
4419
9364
-4440
-7251
1974
-1924
-5786
755
670
-7018
5328
-2968
-2903
8778
-9157
3067
-7330
-2393
5327
-8205
7122
-6098
-6327
-5441
-549
5406
8597
-3236
-9956
9977
-1185
-3620
5818
8513
1298
4965
5962
9438
-97
8433
6173
6762
5790
4934
-6120
-2612
-6431
7970
2827
2822
-8896
7364
8137
-3969
-906
-7490
1878
-1057
3397
-5234
-2327
-1954
1665
-4727
-8686
-2540
-2853
-9645
-6634
2382
5663
-7834
-8155
3906
659
6390
3672
2993
1613
5570
-4011
-1976
7061
-6221
-4360
6395
6107
-4994
2643
-4683
-1035
133
-6810
-4542
-4021
-9074
7033
-3141
463
-1861
-9938
-4498
8832
-4640
1975
-7040
-9465
-9901
-825
-5576
9627
-2315
-2606
-8702
-5151
-1140
-614
6280
-8058
4104
-3600
-5594
-9275
5706
4933
-8153
5606
-7393
-5347
-7943
-9378
-5577
165
-9320
5682
-3172
5606
2374
-6092
-6453
2627
-5335
3589
8405
3213
-2697
-6882
2987
-8677
-288
-5721
-6746
6612
-864
-8660
3223
2940
5486
-1841
-2691
-8544
-6518
-3453
2521
-9442
-3906
-6029
5402
-3158
-8550
2502
5032
-363
-2307
-8452
-6107
7852
-8994
9495
-1439
-2120
5099
-636
-538
6414
5107
-286
-4513
4718
-6609
2280
-8973
7281
-7153
-2760
-6765
5900
543
-5465
6010
-6936
1108
9463
5270
963
6553
-9035
822
5480
3157
3943
-3304
1606
-6661
403
2463
-1998
9389
5933
-2167
8435
-4451
4621
-3741
-1499
-5045
-5481
1396
-7234
-836
6936
-7166
3809
934
2922
9741
-1637
-5213
-8682
5797
2934
-1744
-8582
-5447
-2530
4354
2639
-6816
-5728
-9472
-3580
1757
2135
5363
-5585
-7764
-3742
8266
6799
-6156
2461
9654
8311
9535
5973
9227
-3537
4284
9345
3553
-9046
5365
1297
5582
-2700
-7196
-2390
1914
4946
-3697
-9385
4719
6012
8722
-5189
-3724
2969
7356
9473
567
8451
8858
-2072
1448
-9618
3193
3723
3767
5175
3081
1080
3392
3409
-1679
-5098
3741
-1872
1473
7969
5179
288
-3217
-2512
6523
761
-9481
1185
-8336
5591
-5043
7911
-1372
-9709
9622
2446
2637
-9161
-4463
-8663
4061
2001
-6016
1601
-4720
-5098
-4230
-352
-8913
-5827
1726
8371
3266
8097
-9960
5005
2312
-9794
8351
9523
-1140
1697
4781
4665
4673
-792
8368
6505
4436
-1178
7723
2154
9120
1555
51
-6902
-45
3802
3618
-8182
8356
1076
3201
-7890
1124
9861
2300
-5282
-6395
9785
6423
-7701
-313
5311
-6931
-1566
-4752
-7255
-1064
7275
8813
-3462
658
3035
-5392
4789
-7371
7141
6321
-4544
2333
1457
4517
-3338
-8663
-7059
6153
-1744
-5589
-7672
3497
5261
9510
-3620
4586
-8586
-2251
3210
4247
1494
2825
-4095
8964
-8793
-6462
8016
5386
-7984
7062
-5415
7982
9226
7843
5971
-6503
-4668
4847
-543
371
5315
-702
-6137
-9473
-8104
5399
9385
-4615
-956
7962
3665
4968
7440
7860
4900
8936
-4032
2404
6509
5703
7418
-3183
-3969
-1310
5277
8268
-8390
7205
-5352
7898
-6455
2471
-5774
4878
-8900
-4822
4573
-8803
3781
1745
6051
-3899
252
4651
8321
-5588
-8848
4362
3805
7685
269
6744
756
-6499
5304
1239
-7230
4783
7142
-1262
-8191
-6013
-7809
8241
7943
7549
3298
7842
-5509
8039
-4349
-1677
-4191
-347
-189
-1334
-6026
8222
-1327
-1334
-1317
3457
-2763
8302
-3528
9420
4678
7382
-8623
691
565
5641
-9266
-7839
-6124
4033
5191
7051
-7105
5875
-3535
5231
4175
-7843
-5702
-2116
1553
-1817
7093
-2694
182
6209
-3159
8328
2913
2269
-2580
-9575
9580
5489
3232
-7444
2461
5704
4230
-3479
6228
-3702
-2476
-487
-2223
-3215
-1259
-5802
6746
-9918
272
-3931
5198
4524
5674
-9834
-9641
-4351
-1794
-6615
-9878
-7434
8375
-5830
-8085
-8157
7575
-2812
-7556
-4156
-178
-3738
-8123
-8123
-3936
-6023
-363
-8078
7101
-712
-5665
4291
-5938
-1587
1110
828
-6441
-1639
-9074
571
-9569
5683
-6274
-4431
2772
-8679
-2789
1969
331
9108
8067
-615
5007
-5829
-5363
6669
-5856
8244
5179
2379
5236
8817
-717
-7481
483
-5831
-3770
8390
877
-405
7439
2305
8598
-7799
483
8723
8241
-8261
-6178
-3467
5165
2727
-7986
-362
6150
5110
-4914
2661
6443
-4627
-104
2340
-6082
4826
7578
-2091
-8214
3350
1257
9270
-662
1011
3333
-6868
5428
3065
4210
2216
-3075
-3868
6923
5053
6777
7288
-55
-1272
-943
483
5565
-2920
-7303
6762
2181
-2682
-5875
7614
1072
-4347
7089
-8554
7136
-8584
3523
-3082
-3824
9341
-8899
5870
-8098
-275
6890
6566
6389
895
-1375
4198
213
5022
3163
3207
6340
-7459
-8739
-911
4279
-9915
9816
-808
-7333
-6644
-9545
9691
-4396
-8033
-9680
6885
5286
-2341
-644
662
-3545
7941
-3321
-3308
8074
-551
-130
4824
-2217
3823
-3645
-734
-1406
8179
-525
-5508
-9649
555
6908
-6113
9066
-9666
-5690
-6669
-791
6437
-8079
3728
7768
7647
390
-8261
1041
-7813
-1799
-2808
2674
8736
-6705
8738
9942
3563
4653
4334
3340
-6595
-5129
-8788
-4762
8736
2611
-3756
-9748
-8181
-2504
-464
-5358
1132
3041
2101
429
-7444
-8596
-6472
-8441
66
-1612
-5549
-966
3122
7744
3587
320
-9945
-3693
-2304
-5201
6800
-9255
2564
-3982
-3906
5688
-3420
91
2768
6338
587
-3092
-1968
9255
-7584
3077
-177
-3084
2724
-9846
6240
6842
-4192
7812
2996
1281
7911
-1516
2390
4362
6981
551
2339
-5359
3025
-8516
1290
4288
3791
-9233
-370
-3136
-8261
487
5396
-3554
-2757
-9696
-7160
1229
446
-7845
6372
1611
-8857
5553
342
-6116
-8411
-9115
3611
-2152
-3785
1974
111
4343
3098
2465
3435
-8822
-1496
-6056
3867
344
3902
3868
-454
419
-2955
-6120
2702
-3806
-1549
5029
3237
5019
1547
7760
-5873
8879
8744
-4894
-2955
-2681
3425
1257
922
-4530
4401
-1246
-2986
4044
-4596
151
1194
-7089
-9611
8528
7892
7597
-4059
-4252
-7523
-7098
-9130
-2991
-5507
-1361
3704
5326
-1930
-5030
4041
3364
6676
-2566
3847
-1929
-9782
1066
9426
-8432
-1120
-8094
-1401
-501
-5685
-9266
6147
316
797
2955
-4407
-8886
3830
-9466
-5306
2988
4643
-1890
-7
-6906
8097
2686
-5022
8553
4725
-5760
8764
7513
673
-4184
-6975
-7810
8675
-3897
-1400
9324
-2257
-2797
-6676
-3969
1070
-1823
2386
7810
9807
5867
-9020
8391
8015
-5154
-9131
8322
-7759
6916
-6207
-3683
8503
-5733
6211
5263
-9964
-5085
-3471
-6454
-9643
-2787
9573
-4881
3126
6630
-5275
-1583
6397
9229
3267
-6040
-7503
367
4004
-1172
-5431
-4341
-8521
-1876
2564
-4472
5217
2471
-6798
-6087
-4324
-7332
8886
-2974
4876
9394
-7563
-6183
-6425
-7202
6490
3690
6600
9526
6775
-3832
-4572
5108
-5969
5706
1785
-6225
-7096
9099
9448
-3735
1356
-4812
5064
2217
-9626
3700
9576
716
-4444
6341
-552
488
8309
1999
-1715
-2448
-6387
-4289
-1485
-120
-7333
-174
-3841
8165
-3063
759
-59
3436
1669
9132
8605
-9394
3222
3806
3790
-8686
-7808
-8512
6961
1881
-5220
8708
4879
5275
-733
522
213
5122
-8253
6025
-218
7537
2744
-5570
4149
-6614
9486
3406
2623
3305
3581
-8444
3532
6554
-5052
6358
514
2441
-9608
-7006
3031
-7395
-6353
-8825
-5872
7573
2360
-3173
5664
-2365
9080
-5280
-1711
2425
-9151
2223
7948
-9068
-9044
-1225
3164
952
7190
3799
-5259
5871
589
-5560
1218
-6921
-1361
4773
4977
-7908
-3024
3665
1363
-1791
9351
-9030
-6006
4799
-7084
642
8417
-1891
3035
-9932
-7533
7978
-1490
9639
-6285
-6159
2281
-5438
6093
-3228
2731
6340
-4426
-3653
181
-55
7806
-3534
-8953
-6432
-2133
9381
8255
478
9931
7507
4378
-5137
3816
917
-8902
926
9089
-1344
-1604
7722
-5025
8658
-4692
3470
8793
-3891
-7930
-4081
-3465
-5369
9466
-23
942
683
6630
5183
5588
4342
642
2814
3201
6271
5160
3933
6970
2701
3054
-1212
-4455
-3022
7259
7023
7192
-5025
-5467
8637
7474
-1961
-4347
7710
5562
-7079
-2028
7172
1907
-9348
5716
7229
7907
4685
-8504
-9766
-2317
-7837
-5765
-8606
-2038
2380
-4129
8140
1517
8964
8652
8124
-6140
3630
-8072
8776
6284
-9629
-7818
9693
9559
-3411
4315
8759
789
957
-7087
1482
-5943
-1640
3140
6968
9578
-7256
-4860
9758
-3813
6500
9867
-4116
-2726
1003
1320
-2833
7713
2311
-999
90
-2355
-5908
-3365
1911
121
2462
-1800
-257
-5944
-2328
2592
-857
-9820
5974
5315
1437
1603
-8210
-4445
6007
2207
-8553
7218
2987
9462
-2941
3010
2794
9986
4173
0
-2509
-472
3401
3373
5604
5270
6024
-609
9237
-6293
1279
-2241
2188
-101
2324
3475
8087
3195
-7631
-8199
6832
-50
6764
2232
-4594
773
-164
-6666
3877
-6640
-3915
7689
-5676
2676
-7135
9338
-8469
-4477
7068
628
-8834
-6907
8360
8005
4631
-3994
-5675
859
4681
5605
7724
7321
7543
793
-8632
7136
-3602
-1395
-2487
-1920
-7996
-5397
-2832
-3516
-5638
-7097
-4025
9418
1419
-1008
-5698
-399
-7210
-6482
-4376
-5108
-1955
8382
6989
1769
5109
2118
-7579
4584
9262
3050
3539
1442
-1112
6687
1090
-6871
-7233
3287
-5620
-3875
3317
526
-8314
2805
-8783
7115
5978
850
-8816
3858
4301
-8231
7530
-5626
5801
7234
4336
-4546
-8453
3871
-8562
-9012
4873
-2409
-8644
-9368
-4442
6041
1688
3746
6948
-5719
-852
-3625
7669
-123
7930
7440
1669
-2023
6439
4498
-7018
7069
-6552
-1179
801
2928
7659
1700
-4559
9719
-7946
8617
6016
3941
-3668
8998
6319
45
-5570
8412
-8163
-9474
7692
-1023
-1150
-2228
-2195
7855
-323
-2654
-4022
2280
-3047
-5465
5691
8199
2614
7137
1970
1269
-2140
5460
9755
622
-8068
-5128
-8950
7421
-3714
-8379
-7977
-1418
-4059
-8543
-7916
-1043
6223
-631
2633
-4011
-9168
6971
-2235
5582
-420
-3584
2140
3841
4771
2241
4447
-9007
412
-3682
-3936
8165
6700
577
9452
-3892
6773
-6341
-2965
-6924
2003
-6720
6452
-4576
-1348
-2205
-165
41
-6773
-9835
1526
-3632
-1216
-325
-2162
-2848
-8861
4255
-1233
9992
-7597
-7046
3021
4933
8336
-3463
8770
6
7033
8572
9317
-7248
4810
-4890
-6368
-9338
-6861
6241
1418
-3116
-4932
-8912
8357
-6051
-8205
4720
4674
-9609
-3467
-1548
7844
8393
4726
4962
-3127
5793
7597
8557
-4653
-5715
-1343
-7643
4675
1896
-3860
8298
2791
-725
-6429
-5451
-3777
-4016
-7964
1332
-497
6700
-9430
3088
8089
2206
-9692
1444
2123
-5269
6850
5189
6398
8195
3247
6774
5051
-4351
9028
1989
-5034
-3617
2320
-6521
1661
4234
9696
8142
-3378
-9071
-3848
9008
1886
11
-3065
108
3003
9966
-2277
5218
-5286
-9216
-2411
149
-2570
-8592
6
7072
1098
-5925
2334
-9248
1852
8963
-5917
-3796
-9104
8445
748
2493
-5111
7371
-3588
4130
-2790
6517
4908
-2914
-4515
1464
-4928
7122
5377
1746
6259
7114
-4549
1290
-5493
9434
6556
-894
-226
-7564
-4943
1811
-1124
-1385
6838
-7847
-8129
1375
3978
-2403
-4444
-1369
2615
-8105
-9414
-884
-2863
4337
-1215
-2214
-7316
-9363
-9223
1185
-8552
-3736
-7180
3991
-3826
54
7997
6414
5448
-8509
-6288
-531
-9997
-3713
-903
1677
-2174
9894
-6047
-1083
8171
-337
-8347
-3282
-2638
9221
-1396
8450
-6861
-6132
3673
-7686
-9548
8399
9236
6826
1560
-7640
4086
-3961
-7440
4309
-4779
6544
-142
4394
6411
-7970
6575
-6081
-3886
-7555
-4673
-851
8591
-1559
4857
-2079
1298
1189
3935
4075
9151
7716
6809
-8130
-1386
3334
1473
-6641
-2513
5387
-5636
2249
-1187
-9201
6731
4663
-736
-7864
-4788
-6862
9295
-5651
7031
-1458
5201
-4104
4113
-7574
-5021
-5065
-1287
3103
-5137
5979
-2311
-9516
6503
4470
5837
-6131
30
-1630
8575
5402
-1271
-195
5068
-5448
1375
1011
7475
4560
-3889
-5828
8108
5711
-7869
6164
-6840
-8243
6819
6062
1807
4113
9203
-2045
2586
-4261
-5361
7303
-8833
-8973
946
9285
1314
-1872
-2826
-8523
3851
5685
6135
2109
-2327
8866
-1508
7653
5835
-7710
9515
-9190
6330
-2268
7684
706
5698
9637
-8102
-3967
3030
-8837
-2939
9867
5037
-8223
768
-1395
-1946
-8124
-4654
9954
-1823
3308
-8464
-9275
-2631
-9950
897
9065
1733
-4698
-8640
122
-5644
6863
9262
881
2780
-6652
7055
-8425
3716
-7214
-2811
8130
-733
-6284
868
-7808
-6373
-990
2168
-9300
-9885
9479
1140
7190
-602
9120
-1870
-4967
9885
2077
-2168
1970
3442
-5316
-6517
2959
-6242
7761
-4773
3436
-1863
-9350
-3270
-3860
4908
2675
8783
7490
-2930
-6330
9162
-6836
-285
-7993
-1027
-6250
-8293
-8717
-2552
6849
-62
3999
2840
9960
7404
-1125
-9645
-5352
7569
-9010
-7344
-2557
1357
-5634
1095
7409
5415
-1229
9447
-2486
7375
3711
-841
-6007
-3284
-9580
-7198
-8706
3384
-4009
7292
-5341
-7782
5122
-8973
9092
7797
-9761
9265
-5845
-6064
4770
7405
-901
-5617
-8366
-88
-1033
-5806
1628
4961
9191
-7738
-7447
-810
1675
7164
5117
-8246
1304
5270
5321
-4785
6862
-3495
2230
7164
-5160
-4554
-2502
802
-8283
-5309
-8040
9822
-9664
4623
-2148
2014
-166
2441
-716
-7510
-5635
-4653
7099
-7916
-6874
756
3664
2321
9711
5593
-2449
-5518
-6901
-8400
-5364
-8324
6324
-6186
-2162
9763
-3331
-3364
3684
8582
3513
-316
4987
-2110
-3628
-3833
-1517
-4635
1113
7736
8612
425
7475
7121
-7957
6456
3946
-2302
9157
6545
925
423
4871
-5008
-4609
-8743
-6136
3327
-8425
7193
-7944
5852
-1900
-3156
-5059
-790
8738
-9059
598
-7523
-1482
8614
-5224
4671
183
7357
5374
1164
-8298
5957
-1739
-5969
-8904
2491
3361
4598
-7578
-6543
-1144
7387
8685
3995
789
262
-7992
8123
-6580
-2287
6955
6588
4814
-8176
8506
-1352
667
-7052
4166
5786
-3175
-3011
-8845
2316
-5110
-6623
3460
-5319
-3433
8699
-4278
4964
-7927
-1235
3501
-364
2159
5401
5233
-9926
-4490
9917
1848
5373
12
-3868
-8984
3141
119
2100
-9290
-2738
4728
-4115
4471
-615
-6930
-727
3393
9287
-4687
-7382
9255
101
-829
-4325
825
8034
7785
-2892
-4536
235
6326
6282
8076
-9625
-8591
-1905
3706
-5196
7050
-4154
-3871
1682
-6052
-4205
7356
753
-6356
1582
2365
2984
1196
6569
-2434
6509
-4634
-1386
-9663
9438
-2844
8648
-4272
920
-2429
7757
-941
1705
-7429
1676
2442
1471
-8985
1189
6949
-8759
-3325
378
6411
-9365
249
-3190
-2149
-504
7918
-8545
-7966
4648
-9832
-6203
9902
-2294
7602
-9061
-1142
7451
5356
3206
-2675
-5734
6658
2750
-2711
5494
-3271
1291
4105
-243
7890
4888
-1434
271
-7978
6231
-2489
5637
-3569
6806
9483
9046
4766
9288
-338
8257
-3864
2455
3346
6552
5980
261
5734
-4362
2301
4591
8247
2136
4937
-342
1698
-4310
-9067
-2915
-9594
-8797
935
7777
-3378
9324
3610
-5435
8981
-4099
-9187
-7532
-3417
2267
-2743
-512
7346
424
9168
-1103
5254
7935
-5459
-2715
3812
7
-4730
-4228
-1411
2902
7352
-336
-7548
6653
-9380
9919
6554
155
4649
-4809
3722
-9015
7885
3688
3774
-1540
7257
1119
215
4941
9233
-4463
7546
-8436
-399
2386
-9513
7686
-3214
-683
-8357
-5872
1025
6746
887
7628
-7303
2952
-9628
8643
-3526
7273
74
2406
-2509
6771
-9221
6111
-460
-3828
-9020
5190
8483
552
7664
-6818
-5765
-9964
-967
4317
2599
-7622
6902
2741
1595
-9819
6404
2751
-2112
-5516
2526
5563
-4189
-9964
-6829
796
-1473
7401
-2779
-6249
-5797
-5475
4294
-2923
-9364
2494
-7086
2419
4815
2396
2271
5634
-5598
5764
-2950
739
2858
-8001
829
1944
3758
8102
-3676
-6947
-4277
2326
-5094
-1888
-1087
1877
-6470
-4356
1335
7090
4565
6906
1835
-1433
-3164
-5463
8211
-9988
-1661
5203
9211
60
-3209
-6034
-8137
-54
-4151
-4488
-8341
-288
5816
-7480
7047
-5148
4640
7502
-7758
8324
-8232
7090
-9032
-3569
1462
-3817
948
-5181
-6936
2642
-322
-6462
6555
-5188
-3914
3770
8833
-4695
-5760
-3415
1751
-9111
-9314
-8056
6027
852
5200
3280
-5426
-3067
-9044
-1501
-6285
9067
749
58
485
-8451
-2470
6920
1016
-445
-7093
-1533
1327
-6306
-6533
5991
-7429
-445
-526
-3063
-8137
7470
-5110
3922
6335
1312
289
-3149
-9333
3708
6880
-3147
-9260
5633
6693
8816
-1314
9491
-5569
-7573
-29
9523
-9365
-1698
36
-5983
6565
-6337
-9297
-1082
-321
-7384
3461
5830
9678
-2275
5058
-9121
-9799
5632
-1123
99
-9148
5548
3582
3346
-439
1298
6835
-4114
5998
5474
6120
-405
1196
8865
5713
4268
7851
8815
8446
-4094
-3223
3066
-9796
-7204
4363
2927
-7659
-8780
-712
2588
181
9623
-4068
5078
-3528
-209
-2477
5185
3223
454
2256
7307
495
-8348
5834
-8802
3776
7145
6738
9934
-3633
7573
8415
-3935
-7802
5389
-9072
996
-1654
5028
8610
7630
1730
-2377
7613
-4844
-1769
-9271
-695
6213
-737
3509
-6942
-7059
8052
4754
5679
2551
1607
1070
-3474
-913
1704
-4967
7135
1336
-8929
7925
-1843
-4342
3164
-3164
-3133
9710
1622
5344
-2557
-3723
-7513
2097
1673
1487
4888
6706
6773
2286
-6686
9712
4
-2560
2545
-6639
-1847
-2671
5068
8015
-4630
3909
-6861
6206
-9247
4672
6998
3622
-1845
6086
-7075
1463
-3742
-664
9489
-8856
-6679
-5792
-949
8803
-747
-7001
-7790
492
1051
-3565
-4591
1920
1018
-6477
-2496
8911
-3473
-1775
-7163
3834
4271
-5762
-6899
-3273
9190
4823
3488
-1160
-3784
-4282
486
-7396
-2467
921
-5244
4107
-9138
-8303
9621
-1190
-4490
5356
5791
-3577
2387
5972
356
-6351
9987
90
-6511
-1493
4249
-6995
-9591
-3532
-4924
2589
-4690
4096
-1346
-2343
-2945
-2618
8098
2392
6069
6657
546
-712
-8754
-6546
7803
1339
8177
3412
-1171
-5881
-8834
886
4112
-1666
8727
2837
1132
-4221
-1236
-4815
-8397
-642
-2070
9765
-9565
-7764
3858
-3111
4458
-4688
7336
3216
8168
-6129
-8037
1544
-1447
-9820
6121
3924
8772
157
-7655
-3524
7016
2218
3845
-1002
-1021
-8707
-4600
-8424
-7434
-9031
-9411
-9280
-8863
278
-2563
2967
8641
-8382
-5723
4177
2926
4451
6855
4895
9740
7294
-7266
-620
-8039
-4182
5403
-436
-1675
-2705
8974
8365
3310
7904
-1397
624
-6514
7910
7974
4714
2630
-1506
-6310
1480
-243
8725
1756
2988
3358
8163
3444
-6521
3981
6688
-3430
5397
-2716
3077
8142
1414
3436
2063
571
7733
9317
-9189
-7224
-5852
-7494
4223
-7056
7876
7082
347
4212
940
1946
9734
7325
5283
-7362
8817
6535
-6699
5809
-3419
8235
8629
-4723
8729
-7460
-1379
-6276
-3125
8068
1227
1410
5685
4338
8643
-1792
-5389
8149
-8360
4822
-3257
-9149
-4397
2317
3750
-5082
-5431
-6098
-9183
-1908
-6914
2786
-5186
-961
-8870
-746
9488
5063
-1472
-4782
-642
7790
-5004
6655
6965
1893
-1487
-5590
3314
8483
-7482
6283
-2565
-5300
-9051
-4006
3687
3664
8814
-6107
-4180
986
-8311
-8366
10
6658
3109
47
4790
-7303
4251
3340
-1344
9415
8349
-8864
8331
1931
-4535
-1622
6284
4568
-6459
5878
-6633
3659
8190
-7144
-2733
4000
4689
9402
-4177
-7903
-624
-9499
-8286
7551
4441
8108
2073
3510
4878
6723
1139
-1525
8950
7395
-5201
1643
-1208
9729
8015
-2258
5985
-7261
9289
599
8534
-1082
-6839
834
8504
1346
-4659
2223
1936
4596
9028
2394
1620
7862
-8939
5951
5023
2407
706
6303
1110
-384
-2253
-7258
-8385
2990
2568
9728
8699
-503
7489
619
9938
-6354
-9340
1823
-7906
-7783
8650
-7269
-9268
9297
-4075
4262
-6719
3265
-9014
-2243
1758
8923
-6507
-283
-6613
1479
3216
9391
1764
2696
9166
8789
3180
6158
4200
4388
-9266
-5304
2521
7714
8084
3661
5330
3351
-4518
1984
-4511
-9599
4822
-5669
6814
3216
-2731
2687
9253
-3406
-8820
-796
157
-9843
-9320
8090
9944
-7778
9665
-3240
1461
8292
-8398
-7247
231
2265
-9096
1787
-3732
9107
4355
-8223
-4102
-1645
-8227
-5314
3305
7515
2406
-8922
7196
-3698
7982
-558
5567
-3902
9127
6315
-1918
3232
5673
-5937
-9448
-5412
-6224
401
-6658
-8012
9237
6188
8040
-9208
7702
4097
-463
-2866
8196
1781
-1495
2271
9778
1401
4186
7941
1916
3242
-2753
8440
-5468
2436
-9869
-5164
-1788
-3045
3761
-7399
2580
4654
-5615
5529
7166
6073
9234
7615
989
-2128
-6372
-7753
-9567
-5975
-9963
2859
1476
6466
-4284
4202
6337
-2552
-411
-3189
-2269
-1928
7708
9588
972
9166
3038
3818
5835
7373
-2557
5087
4930
-9762
680
8006
7521
2889
3024
-5639
-1981
9802
-7813
6807
6587
1938
-2380
-5250
509
904
-1866
-6700
5931
7750
-4137
-60
2196
-4873
-5689
-901
-3130
9782
415
3016
7291
-4616
-3337
5836
-6719
2276
-3091
4174
411
-7879
6133
-5121
1312
-301
-4617
4211
6860
-3393
-3152
-6053
2032
-8316
-3049
2081
48
1234
-3477
-3050
3839
5121
-1299
-2278
-2899
8861
5116
-2359
-8522
-8575
90
4010
4792
5626
7103
-4676
-8073
1732
-3484
4853
-5404
-2745
-2705
8385
8732
-2129
-9954
-3475
-1164
-848
-2062
4397
9253
3003
98
-2187
-6198
1065
-4171
7057
-5493
4925
-1888
-4667
2402
-134
2492
2801
6529
3674
-6138
5896
742
-3419
-9988
-4632
9720
-5736
-2360
-6107
7446
-7124
-9568
6962
6665
1770
-4347
9378
-4650
1863
5763
8005
-2432
2352
-4181
-6184
-8834
-4253
9484
6716
-4382
-8190
1004
2928
-7494
-2102
5386
-7552
-5537
-2799
-2236
2963
4741
-6110
5665
2244
-3868
-5736
-2342
-5626
-7919
3332
-2027
7484
2921
-8202
-8080
4572
8953
-9605
1123
-2139
-2824
-1939
41
-5049
-5257
-9427
-6867
-9426
6077
6521
9524
-1336
7370
2728
-6329
4341
-8930
8604
9437
3961
8063
-7086
-7122
6832
-7564
-6295
-2449
-2822
-4668
-2182
-6271
202
2375
-3252
-8992
7311
3143
-3729
6460
4199
-5107
8323
9785
7038
3348
9381
3989
9830
-2918
-8502
6497
3560
-2740
-4375
490
283
-1055
3005
3728
4384
-7742
-3634
9324
-1069
3176
-4511
-2249
6153
-1781
2367
-1643
-8385
-1329
4108
-2998
-2041
-1934
-8601
-9749
8547
-7345
-1069
688
6848
8884
-6580
5776
6402
4485
3539
-444
6819
-4597
-3452
1597
1815
4048
8073
-1228
4077
4993
751
-5578
-9371
7670
7064
9530
-6260
2456
9494
-5741
8299
-7885
2602
1654
9250
-5515
8096
-7486
-3882
1267
6586
6367
-5064
-9616
-5317
5082
7906
-921
-4585
-9035
-1563
2432
-3623
1489
7293
-4548
2989
582
-1314
-7557
-8882
-2217
2473
-9561
6484
-4850
-7363
5366
797
-1665
-5648
-1088
-1956
-1745
-572
-349
-6831
-2432
-3417
359
7459
-5918
-5435
9459
3427
-7717
-2964
4103
-2953
-5367
-9944
-1191
1789
196
8390
-7900
9429
9179
6906
3590
-5532
-151
-7330
-2927
-5706
7825
4425
7835
7034
7418
4398
7233
-3691
-8876
-1782
-3486
-8878
-5047
-6092
-6495
4939
-5383
-5119
6856
4837
-4553
8971
3161
-523
-2699
-2419
-5843
-119
8861
-405
-1958
2224
1560
-5815
3340
20
7131
4518
-9569
5869
1441
8552
-8366
-5836
-3959
4851
-6284
-2097
1467
9114
-1239
-5820
4707
6867
-8801
-294
-2965
-6915
-6714
9241
5979
-2750
1709
-7468
-8136
-5365
-9064
5689
-5594
-7338
7697
3777
-6061
6790
5939
-4756
2965
2352
17
-5664
6259
-9293
3427
3684
8649
5769
2953
7957
2601
-9353
8719
-8349
2228
1199
-455
-3744
-6573
-3663
2885
-4579
8369
1607
-930
-3746
2539
-1991
5150
3207
4632
-6555
-2211
-4285
-6561
-7580
-1262
-5461
-4304
5598
-6447
7733
-9759
4187
-1914
2347
6718
7431
5821
-6171
-5346
-1108
3858
8103
-1654
814
-194
-9696
876
6153
-4183
9887
-5956
-1779
-783
-7631
-5118
8758
5360
-1083
1081
8575
-8939
8227
-2997
6353
7912
-8384
-650
-5819
9556
5912
-7318
-3181
-8757
7822
6439
7954
4644
-4661
4883
-1988
9206
6444
-7988
3160
3747
-6533
3253
1928
-3951
-8695
-7620
7607
7622
-1703
-3344
5556
3574
1783
3082
7534
4411
-9557
2471
-6852
535
3632
6534
4199
3386
2265
-4638
-4957
-2308
-7777
5558
2849
-134
-8693
-2643
-858
-7619
-836
8481
3912
5138
-5842
3439
7071
2846
-338
-9720
-8085
-2759
2444
2248
8178
2706
-4019
-3200
9753
9068
474
9042
-9321
-5072
-458
-5129
-6205
-5202
-5657
8408
9355
4307
-4335
7186
-4356
-3321
1443
7748
8532
3924
8077
5659
-7965
8869
5625
-253
-7187
-8220
-3469
7224
-7305
-1775
-1242
-2539
-8618
-6042
8893
-4697
3334
-5870
-1369
-4734
-936
-1808
6397
-2151
5087
3324
-6999
-6262
-9224
-4336
8001
8374
2365
8543
-9000
5644
-9627
-3013
-9762
3100
3806
7235
-2995
6838
-201
4037
6349
3612
-5614
-4629
-3584
-2167
-4730
6418
7596
-8262
-7242
-6226
8459
6972
-7324
7063
1154
-2164
-642
-9194
5973
-9174
-9722
9951
1509
-4616
-6032
5698
6776
-9486
8713
-2239
6040
-4533
5661
-6000
-5362
3269
-7422
-6942
-7983
-8396
2618
2948
-2216
7502
3280
-5754
362
6677
8261
-6727
9568
4977
-9296
-4582
-6110
6638
2653
4571
1217
-545
9851
-5695
-4893
-4248
-3077
-8279
-2291
-9268
2072
-1076
-8888
9838
133
-1762
2936
-2786
-3737
7646
9426
3702
-9511
1165
2490
6644
2659
3834
6137
4618
-2650
5327
-2888
-6622
1772
-3009
-8599
1065
9038
-7999
-5033
333
1995
-8710
-4382
865
-310
-7318
7090
2373
4424
-8046
9311
-7050
1932
-3689
3024
4207
-6507
-382
-6245
1861
-2604
1506
2201
797
-7227
-6542
-6439
778
-7568
-1003
5899
8966
-1772
2230
-9503
-7974
3149
-4956
3660
9557
8538
-752
-9481
-431
-4148
-9407
-5683
8805
-6883
-3672
2988
1102
-7120
-8273
3651
-7462
-2869
-8006
-1474
-6410
8301
4343
4051
-8439
4913
-2985
-5220
9792
-9041
3516
-3263
-3993
-3031
3072
8240
7878
-2742
647
8314
7221
9969
5467
3050
-8977
7162
8858
-43
-5274
101
3070
-7858
9507
2850
3160
-4876
8589
-5572
222
1578
2478
9233
-6238
9236
-9090
6023
725
-9125
693
-16
-1001
-2157
3170
5099
-5747
6962
3260
-539
-3033
-7289
-7822
3863
-7156
-84
6949
7706
2304
-5231
-303
-6799
18
9238
-4902
9841
7953
-9348
6087
-6769
-7722
-9973
3720
5996
6123
-89
1817
-269
9983
8576
9991
9559
-4124
-7966
8442
-8527
24
-2044
5017
7479
-1862
7381
3922
6168
-4916
-3925
-5565
-5009
-3370
3925
-3024
-4209
-9601
-979
302
7678
6813
-4759
7962
-1446
-4845
-9731
-3265
1045
8746
7957
3838
-3221
-7311
-2707
-6033
-9786
4836
-344
-5266
2995
3372
4965
-8170
-7039
-3089
1451
6671
-6565
6843
1066
5758
-9677
8530
3877
-9681
9496
5133
-3305
-8675
-5570
-742
-1820
4651
4965
-3236
3130
2752
7832
3838
-1018
8819
-4586
-1175
-9574
-6139
5598
5387
5123
-6065
3317
-6268
-4095
8102
-2637
3377
-4911
6675
-3578
-6101
8033
-4847
770
-6297
1891
620
6739
461
9985
-8572
-6781
-8528
-6406
-5948
6576
137
3674
1890
-7248
-1654
-8316
-2115
-9171
-815
-2562
-7098
-233
-27
-4338
6975
6334
7762
-1260
2824
-2382
5445
7446
-3810
-3522
-7518
-2020
-8890
-3080
-6581
3508
5446
2216
9733
6424
5651
3739
6603
7742
-8408
-8783
-7048
6512
-743
-6632
-1440
6113
-2791
-5416
6017
-5698
6972
485
-495
-4040
-9702
9418
-6734
1209
6303
-7559
-2063
-5987
1129
-776
-9043
3798
3289
7657
-1851
2687
-1347
2955
2435
-4862
4992
-2832
-1879
4715
2095
3730
8375
6963
-6891
-8979
7163
5094
-3651
-7978
-5676
-3762
5396
5414
-6051
1219
-7478
4252
9159
-3036
-1861
9560
-6964
9909
-7689
-6675
5899
-9078
1534
-4222
7005
-3836
5268
9897
7956
162
9427
7086
-6025
-2900
-7084
5380
9652
8230
-6867
8737
-834
6913
2674
3654
9501
-4251
-9501
-7018
-4092
8387
-6145
-4011
1156
4201
3911
-2538
-60
7371
8522
-2458
-1874
-9960
-6191
-1776
-4438
2417
-7150
-6982
3575
2541
1430
-8578
-6068
5486
-8014
-2553
-3912
1414
4251
-3253
1480
-5341
9206
5424
-8807
8801
1873
-7032
8631
5534
7190
-3499
-4955
-4535
-3830
2224
4322
-9960
-8837
-772
-6870
6097
-9831
4262
-5105
-7933
-3143
-5264
6030
3633
6434
-2748
-5030
4851
-4873
8580
-9542
-2371
-2793
9741
6384
1941
9952
5162
5015
4727
-4219
-9121
-1309
-248
7611
-1536
566
7331
1197
650
7962
-699
-912
-5120
9392
8079
6507
2875
8572
1360
-9722
-5819
5142
-2822
-2303
-9866
294
-6406
3775
7514
1951
-571
-242
7704
-1305
-9851
-8827
-7928
2152
-7809
-4067
-1833
7582
1620
503
-678
-3918
-4346
-9880
6041
1849
7023
-1728
8215
3042
-9348
7436
-6634
6483
-5055
2234
7134
5469
9260
1487
9975
-4457
6124
-3141
804
-6079
6707
1526
8417
8036
-4061
-8332
-5064
3908
-1480
-433
-7858
8293
4244
-3134
5877
4591
-359
266
-6379
-5900
485
-3828
-9557
19
3296
-3937
9478
-9931
4760
356
7205
7345
-1373
-633
-1176
-6813
4616
3668
8574
2773
540
6778
4012
1518
9251
1897
-1622
1967
-7684
-3389
-7298
456
-662
4042
-6765
-5943
3560
9327
-8904
-5583
8234
-9907
424
-140
1351
-6701
-55
9172
6468
-8788
-2052
7057
-760
-6446
-7659
-4969
5779
-2411
-3114
-640
-8847
-2630
-4421
-2712
-2228
-5947
4671
2955
-479
4337
-2391
9779
4193
-1485
5668
3429
-4587
-1430
2031
1410
2887
-3409
5373
-3033
4980
7171
-9372
-4265
209
-1989
2683
-897
-8329
5003
6264
-3885
-1128
-4790
4525
8427
-1283
3783
-6119
7295
-1461
9651
1371
7286
-5174
-382
-676
5958
6164
-8439
2817
-8066
-6940
4877
-5118
-9730
9607
-7459
-6882
6349
-7076
3516
-5759
9880
220
-3836
5223
9117
2132
-292
-9996
7526
-1683
-6558
9303
4994
-1690
-8083
6105
-5414
1902
3314
3330
8467
3012
7667
2525
-4544
3390
5387
-6263
9081
-3347
1603
-2102
5704
9166
4049
-5152
3912
-3967
-4445
-6565
-8751
-1376
5737
9347
3877
-8272
-4242
-3874
-2585
-3217
-641
-3880
-1725
8299
-6715
5460
2913
4595
-2603
5129
-4665
9510
9030
-2099
7567
-8254
2258
-8129
-2585
2034
1043
-7876
967
-6131
9949
4466
2779
-7872
-9732
-8832
-63
-1235
-3803
-870
7172
-8014
755
-5305
2900
7728
-9492
108
7160
-1744
7028
-1334
69
-4369
3867
-3415
-119
-8131
-8386
665
6736
-910
9680
9703
6455
7795
-2367
-5191
-8707
-1450
1056
-3042
7816
-7981
9550
4376
-646
-3486
6526
-7758
5224
-2190
-4923
7918
9160
-6681
-482
-6024
-6413
2107
-9194
-2709
3352
875
-3970
-4327
-4663
-9794
972
656
-9584
-8252
-9668
-6036
-1960
-7189
-9730
2665
3945
-2517
8849
-4756
4148
2788
4959
-7775
5165
2330
-6341
6223
-7706
-4072
3210
8514
9459
7407
1829
-4324
3954
1659
-7083
-7382
3332
1231
-3431
6962
-9255
-263
2896
-699
3585
9533
-5571
546
-896
-8956
-925
-4870
-6179
7255
-5999
3357
-6396
-8876
-1768
-6082
-697
-7144
8238
-3522
-6424
-8681
495
-7586
-2886
-511
9305
426
2648
9297
8280
-1464
9700
-6974
4669
-5454
6879
9951
1068
-5933
-553
7018
