9726
16229
51297
19781
61560
69911
5909
36060
36769
68391
79271
43101
377
96919
22829
12048
91399
3444
47044
2499
70233
83705
18200
9745
11789
297
40922
89822
9929
23590
83087
24743
1335
89124
95861
26653
33453
51845
12605
95612
43492
64298
26518
4924
35337
3787
35460
5606
90750
98451
44294
51130
76272
56546
26494
3786
77848
97293
20732
91948
34778
95154
28001
35821
28801
95364
8211
93831
5536
16952
41561
77635
52691
82624
94693
95281
5020
55902
96706
83084
26742
12596
72512
49344
13174
12447
793
43406
69082
28437
38725
5022
62708
96771
77203
34014
67864
28252
12922
7817
92404
98477
64002
3940
15169
27858
75494
32019
99883
79964
52649
92966
43903
61841
1272
14074
64327
84586
10506
80112
44467
41494
64710
26755
24498
44927
94432
73612
99721
24568
81577
83909
45891
63129
75779
80302
57710
73972
3072
83854
30522
32402
73948
2942
8021
91400
32364
70269
3641
46839
36905
64898
17393
93725
90402
48944
85630
13243
21530
2309
36587
44420
75239
11577
77627
58869
75056
6013
82501
58638
16780
3084
693
63460
55558
66772
11460
98547
51202
77615
3300
5003
99562
59322
37056
21003
34320
52249
33526
94905
7205
78886
6619
28165
74995
40742
78846
86242
91560
53634
98837
10054
29430
20486
37645
31302
93569
92543
83249
58253
13795
17991
35604
98215
69373
10210
34312
15634
64970
30685
37120
85720
92493
70071
26290
67520
90517
82295
95283
34631
91397
81048
8972
21830
74010
75837
79791
95460
25477
67596
87185
91973
78218
42236
23696
62962
93970
99717
56825
59250
61218
49079
24297
64760
10875
99119
27852
8893
22621
97151
69285
38802
7438
45367
84816
25993
195
80548
56692
32104
97175
79794
38550
83292
44009
21004
46677
52276
71228
16674
60047
88873
90999
3063
73848
99037
42805
97052
68509
66846
83314
99257
23755
46863
48521
26638
92012
81915
89173
5877
6932
45086
2838
333
3281
44016
76289
5902
23109
26735
80431
76501
4349
61357
81726
41016
15724
69967
1334
40662
77269
70554
17856
20425
27399
84830
44898
49146
35316
54411
87491
35674
16548
58587
27441
94333
183
50865
12448
77607
83837
91568
98847
46903
40497
91049
65112
18078
81284
19436
47481
30488
42443
71019
60765
68678
28556
35058
44339
95249
57039
97410
36385
17259
10193
31869
41753
80512
13520
18220
11240
6249
67255
54199
47999
42244
76138
61915
94367
3008
15337
27900
23355
66002
91579
40399
20467
55663
51210
32809
57238
41708
67147
15900
61197
10726
35027
30519
98598
72515
20910
47903
42
66272
75064
88462
84267
56933
63372
30207
1428
68772
40051
56325
70086
69617
28402
79596
21733
11214
94557
62704
60047
85465
12126
47625
26532
3115
50711
50774
91497
74770
41759
81308
446
17999
73569
82664
21108
10691
20577
37334
45430
87144
96804
24791
59189
78259
540
80544
8311
24849
68545
23019
42380
8594
38048
42923
56042
65982
18634
42562
25800
7112
44931
71849
71221
42303
48418
64960
69079
17599
54003
62672
61081
74814
83365
15087
1937
78654
39280
42707
99905
32344
33553
29569
8728
54409
85146
35495
22133
81849
30139
2318
83246
69135
58397
90177
60520
6610
65177
61968
22045
75747
69695
89326
77429
45591
34449
33726
93394
86046
29517
60760
44100
94177
55515
14736
18052
20503
29251
95830
56309
89258
36391
52788
88894
97426
65772
24495
98953
56700
46214
55411
61563
22332
8419
38277
34855
39616
12802
27846
3541
63208
52216
26492
23462
70206
13354
66315
66421
28370
14323
32934
45873
99491
84577
3160
31067
54742
18171
76040
47444
28290
83588
14787
97811
61013
85487
49926
89120
51843
58209
14289
53225
93446
52473
29010
7107
14619
26886
99181
58725
67147
11431
32227
16683
55388
95235
7323
6891
4373
87528
76152
61524
70559
31598
82451
35148
45248
47726
6336
63573
82732
40019
50727
34870
46602
39130
91081
88913
82819
43665
79048
21315
65939
50376
48186
76243
34995
81883
32678
77587
72320
64696
97828
78050
20055
83023
22249
17959
33657
23154
32370
74322
19716
47703
48855
78225
93235
31239
83213
39546
96923
79659
64821
61400
90786
5297
9915
49525
52479
47336
92454
63932
23461
11577
93935
45393
46940
10208
60750
39910
42788
61838
48292
49258
48606
99690
77961
17270
17227
87034
53416
61651
52438
98667
58759
68706
3721
77701
4693
29860
27130
41002
97017
44700
29783
78012
96685
7121
57359
93070
4405
64106
67287
44511
70212
77126
65875
21851
23027
46795
52358
71407
78474
65846
43823
23896
44469
82241
19557
789
63498
13694
19809
14570
48890
63958
20120
68969
86890
85382
64581
89738
41006
21886
17396
48789
39132
62372
60044
79095
9428
53543
91177
87207
57700
10667
89241
49448
65716
57981
55842
68618
81905
56379
82961
95310
73231
7024
96184
48292
98344
2970
28589
99320
39234
56899
40105
87406
18229
97480
36051
81565
19253
70790
18775
65398
68583
5070
97005
16223
29104
51199
9081
75012
6100
42759
672
51249
91536
27075
27312
14987
35412
42939
47217
4851
66921
31872
3219
62177
26983
96020
56941
48021
79825
69762
37994
77146
42750
63172
22382
75692
75836
19734
25442
15096
6017
35106
6910
33523
25373
56105
19669
68915
45027
17570
27928
54121
45006
30271
65469
11554
88941
46059
73089
7149
93983
56012
22171
90951
90632
14907
703
92552
7100
19544
83345
28578
91069
50464
83773
3943
1472
23205
28077
79712
3444
24711
45949
83538
23168
36322
8354
75161
16193
53821
24189
91230
17219
54918
89872
38958
68110
33607
68576
93764
92250
25920
67993
65640
34391
81867
72901
56456
12457
40541
93861
92177
52155
90751
79411
97895
30679
78281
72058
64183
47672
7366
29023
38604
43846
81934
33842
26015
56722
62663
95268
4216
31238
69884
78030
95502
53397
76452
6185
48258
49944
13274
19684
37318
84618
57788
90814
87340
25936
87229
70813
28888
39197
42743
42861
88091
86657
38329
69294
87534
37254
81977
75326
55497
20625
98877
39062
34135
83072
88240
32987
18328
76245
84512
23191
48990
79586
46911
96607
97336
97326
10993
61623
11093
48565
59651
33590
2393
91025
7464
38873
85338
96226
86461
98825
4658
75386
2794
10154
99759
65967
44176
15222
76301
36658
23976
54726
26673
63495
57699
19068
72624
36185
90874
45823
7119
1970
90844
80186
52955
81883
73520
34382
68474
61648
27960
69913
83874
36532
28987
69691
84790
10318
89634
73218
18478
92387
97549
98584
13329
39309
83429
79340
51767
47877
94121
69485
19497
97089
35751
75404
1489
55808
70518
61555
78816
67345
92644
29038
60367
57663
72067
96243
80334
98163
17622
39128
32107
96139
91043
92960
15484
62885
17787
22575
32256
35285
57653
22826
99562
62012
50142
64030
16617
15233
38459
74013
56853
3711
85331
32325
37166
49969
55582
67107
19432
71087
92324
15400
42821
95207
5219
96004
47608
18744
72310
61043
22567
31566
93467
2923
34210
13689
91698
72616
43031
93569
98883
88904
86232
92842
831
20885
38572
91439
94392
8103
51240
18846
50185
8606
29598
69595
79613
35915
4099
37436
86568
22323
22757
92039
64337
8952
24055
37436
63998
45540
21750
96358
99496
6168
1649
86039
84403
72228
13235
93328
22403
11190
86417
8981
3406
95214
96309
2974
57792
34535
77540
6179
71496
5597
2676
55330
10457
21063
11403
66479
51312
99645
47621
79546
7925
82259
7395
31511
8044
82807
91941
80614
58196
4258
38373
58918
38093
91214
84330
31726
17657
54687
26785
9985
20776
15417
39988
22611
16862
26708
13274
74549
6962
84989
77900
81688
97537
19143
63637
43863
26110
71667
34151
57870
97201
17724
32839
85267
75266
1460
95941
97727
87582
94866
30472
59697
87133
67122
91780
70281
39364
26163
6169
45230
90032
77978
70584
3692
30717
15623
24479
65992
78253
68715
79703
56628
10548
15364
721
49544
76441
17655
28267
42303
64858
16561
83750
96621
36912
94366
84705
5188
36544
95181
3657
77774
35667
59237
59667
23546
84239
66179
78075
34607
31773
87006
47032
89788
5078
58879
393
32161
43572
54930
33009
71771
81942
62696
53264
39618
3873
36731
97280
6773
77207
85834
951
2957
77175
31602
15561
88949
37640
79776
79752
96443
1384
45240
16921
1764
37211
35139
38838
20059
59473
3439
54730
16042
43742
92830
98952
26203
70694
26294
97342
18730
85228
90693
36189
31756
10423
29242
84263
49025
18629
27666
15105
31904
46501
2015
17871
28170
67693
91766
46902
39742
16210
50825
62250
80805
53471
2993
20447
78394
16889
64010
53732
6280
63704
54289
25458
27749
38063
58895
7070
86951
66336
44258
83302
26318
67913
44591
17746
99371
92417
34392
89730
11328
90773
77590
21786
56231
5278
184
89616
21258
97761
52788
57894
30462
35654
48367
59360
219
94818
78568
50682
21368
95149
27317
3751
49250
25376
78895
40820
70308
90259
36414
66823
19020
99072
52282
13204
73199
5679
56144
77372
83646
95122
52080
37485
52216
34329
89538
31807
25873
39370
12418
83788
91193
48384
65294
18810
40903
57115
83335
44560
34729
82269
48334
54402
66110
84795
39822
58648
69544
98613
11373
3260
73772
87378
89760
73177
86599
85112
67696
43495
76100
91837
41447
64429
60535
79385
56273
24365
68579
80867
70374
56664
35389
41086
29680
34262
75856
49241
60427
62040
28016
78874
77792
30861
75879
55045
19185
55137
86987
93280
36490
70090
91089
37156
47283
88053
19238
86886
11666
49182
9784
22693
42113
44835
32778
2459
8174
34394
17413
99065
64285
39079
90327
64064
14733
47202
39506
8647
52396
53987
82948
58505
54047
33728
25413
37255
91413
13185
93778
15189
34353
58465
22843
15229
63795
32519
62274
39656
39974
6142
25844
33955
29318
1454
30501
51479
73770
71462
41209
10107
20717
46864
80333
42556
83631
32603
20528
36314
46846
73142
90620
37604
14273
99167
21882
78501
49907
46895
46130
25812
15460
26932
974
77190
68449
34757
62718
15733
44788
78873
82914
68352
64918
25416
76694
2711
82226
93793
88647
66221
49266
81715
36392
72337
71791
51053
96832
59654
51672
22639
77500
79425
12787
51235
87344
71967
24495
34429
82961
45307
22183
36493
72577
55993
50353
22605
62373
54599
55761
28667
70318
96883
78352
27159
26548
9668
62806
18285
22008
58408
37096
22570
68969
52139
72360
77160
93645
44992
446
27262
13160
67881
97687
5175
94550
95131
27385
83134
72104
90723
33552
12388
72374
81482
80256
30299
52900
24408
91177
52371
97161
36556
33738
63194
57760
86305
69063
56606
87607
50942
89227
89914
11244
71002
23736
40367
45342
23978
92562
93456
5029
85448
6737
65482
95149
20934
52488
72603
71655
48810
30831
85937
10528
66379
1379
38753
79484
2918
23784
57875
30864
54562
49883
7323
69137
83473
58798
3300
99018
99848
58732
8829
20017
60297
50939
53213
41927
68123
66190
61552
33029
63584
42930
45913
25759
78699
31256
3619
24391
77820
45826
58057
39080
11954
73282
73722
20350
50502
84254
27415
79472
69143
37103
53263
1375
61233
47534
97611
95737
46844
38764
48970
50643
24168
24051
77304
99420
56797
57592
33734
24162
92483
54611
1227
47608
17117
82098
92702
73708
17957
36872
19818
16360
39533
64679
92101
10222
54012
94314
9079
74363
43579
23143
22698
90898
7153
49073
51000
42937
20840
99318
95150
32035
23540
42925
85882
64806
36758
18630
91600
45704
526
14931
74318
72298
86656
58248
58515
42503
88634
93950
98877
48186
16580
16733
89861
54078
58344
16822
86437
4729
53148
28385
51789
31139
93344
40065
69503
16838
89817
92684
72207
90630
68016
60158
12947
86569
44805
40719
68887
20692
40985
54877
78769
74153
12995
46786
76468
55073
92611
32223
80663
33615
9492
18398
3502
21104
95737
61403
37255
48433
59537
99646
96516
80776
82068
99432
5214
62008
63485
24221
79223
25604
49154
35273
70745
92714
92514
32566
65091
48464
34996
84890
85175
68110
32105
91767
11965
4182
7998
24590
68544
92806
1485
18606
58656
6646
49830
9952
67700
98552
80867
23638
71535
33307
59968
39145
96242
30965
85616
62436
87988
19582
81564
31230
87140
24360
93748
92989
69878
33940
4274
15759
20457
91181
43532
64245
9366
25762
61555
54862
17571
97973
4139
24031
31148
10990
48514
52079
96070
75248
35544
96007
72023
89952
41860
86779
31631
49200
46442
86691
41237
60253
92938
34269
3014
96059
14391
3513
84981
97005
84590
93487
71412
16099
93534
93663
63810
21084
6921
58116
23448
47996
92820
83045
9993
20858
89853
13789
63053
50130
75469
91593
12774
735
42408
83812
37187
71177
44975
85797
32905
61895
33749
28207
67989
76602
39561
49666
42245
96160
42682
77399
97325
94169
93222
37481
21443
29682
32855
54474
37418
85517
48556
30393
5902
6960
62368
56268
19496
41438
26872
88143
29679
99509
45357
64624
79092
17878
24902
29274
97767
56278
68745
19721
31343
39425
20679
49842
11602
20890
39408
13419
1634
21731
58666
14621
62621
6328
1971
75332
72236
93133
71048
68057
30716
6597
92255
86754
5386
19279
47956
25689
82855
29609
38341
41889
52602
78000
82014
93613
17610
83539
92767
22626
54392
52917
90438
39197
73224
58311
65884
28298
61811
86349
57680
9001
32057
21624
13354
64897
13494
80669
95180
7750
24133
19909
99121
85815
98503
52987
6178
33744
87317
75377
77472
74635
87032
99967
85771
75358
39139
65509
96581
7613
39017
26137
30609
83476
97134
47759
56327
49294
13872
43527
31829
47059
61424
80497
26466
39289
62579
71173
6900
20791
52433
7688
36376
9651
87939
53085
30750
911
19785
67740
2799
55536
17719
36290
56620
20788
44494
99461
3781
37388
85283
24629
99487
48248
63866
24403
18909
71987
29310
75319
8735
54304
99822
81740
94635
15136
44035
55906
57790
13049
26048
69224
58644
79008
56458
66094
24789
99090
67482
43795
38315
94944
46120
69189
13152
4720
38329
63971
39723
15677
46709
97609
70970
49581
21135
87073
5969
1217
14792
88215
72010
127
5545
54197
35661
70132
99303
91772
67557
70505
71987
75537
12831
25203
25508
22600
54409
39531
890
5642
59512
93555
61865
42626
53709
16828
3532
1958
81444
72584
36096
59615
72301
593
77922
91126
14423
67737
1565
67116
28996
91652
90129
59076
19186
14810
39893
12863
58680
41442
56157
46898
80498
7780
59376
40458
64010
25483
47235
95675
21612
33603
7958
2165
50475
91068
87521
60438
58955
2250
76824
15635
13162
65441
97924
13197
77144
52613
26950
64258
97193
58319
87211
31509
78589
15936
35261
47987
67200
21998
41884
28016
59757
34546
75531
93823
46681
36794
47529
48393
21170
75393
52025
47995
97982
75500
15467
24493
87657
84634
32934
53477
87559
94991
84290
73151
13104
46809
42642
20100
74592
81170
54088
89767
89382
5574
38135
76407
49795
43930
89724
79794
39366
25300
2868
83344
7919
68669
76631
22157
41905
28653
52506
56186
50365
51179
70147
51512
10795
66767
87261
42530
71102
46295
54094
49003
54448
53321
53694
38234
3087
32380
55460
51869
58694
33558
15587
67108
56761
534
1508
71635
89536
17164
18095
76680
43841
15743
97462
63066
11118
3592
38948
96470
53598
9212
21613
22675
99402
76140
89815
76034
64765
95658
75940
68033
75192
48563
92942
11375
75838
39180
16239
92441
17096
82133
47740
25252
18025
47382
32359
64960
32494
4915
18729
54430
41680
86349
52295
93927
15328
36966
34866
5904
52508
35008
16237
45258
15293
91157
77669
44723
88610
2934
72889
83232
78620
30838
2907
82425
96485
20887
63190
68677
32545
22330
91182
81613
78861
11621
13283
64985
98739
12861
19989
47325
32992
73989
6658
86758
94877
12395
13636
50402
65725
44468
18114
97783
82793
81751
55341
71582
700
2242
44276
39910
80327
45976
87704
60317
7803
44412
60373
67065
90867
32737
8261
83763
38473
60442
17080
87330
32222
27460
81331
72448
67913
78018
10800
46906
42516
99164
72018
23619
23064
43705
58577
78499
33551
43651
28170
16621
69617
24070
51519
56932
42842
73011
11459
74018
94753
32208
17342
49599
90532
32656
97278
92652
2116
5111
27738
60141
18483
39930
3813
20567
12442
24733
71168
61825
4484
20044
87603
31172
44235
18594
57508
12914
66599
46117
49567
28556
43097
6250
41222
52978
51021
28742
83994
86951
24262
23284
98386
3723
19857
18292
86468
73818
33367
58879
23395
64156
27817
90209
63235
5108
3238
11754
55100
91290
6878
6666
38936
97107
88474
3205
13793
92028
45608
65540
22467
67102
34407
75680
42627
83825
13654
66184
599
13484
91363
7183
21120
44297
1341
35571
24120
90784
33847
76222
42959
4190
12789
30777
91356
6085
34751
89531
94105
11889
47878
97353
62468
19614
2473
41672
33306
81413
16954
1986
42739
21087
77594
79453
23426
38957
29950
69653
53058
64192
37562
23705
56632
75071
42299
94875
38150
38587
18119
18738
42361
18718
58676
33466
45210
14029
33715
119
9937
65239
25161
77795
99063
99552
11100
3676
54491
51313
58721
29040
64721
11688
11625
4692
80864
47585
46142
21290
49207
37165
32718
60467
70409
20664
36474
2821
30204
88954
60656
2838
18419
15594
67642
32224
55373
82134
10842
54197
72769
55799
66193
75247
89330
40005
79649
15819
88339
78457
44086
38851
45567
21725
6675
96329
10008
28559
25158
95671
69734
47827
80575
86804
30978
95
20975
37139
37402
1077
47598
14999
74843
86098
82144
92263
75323
78742
8222
24219
11942
31205
34630
66814
38600
5703
53738
16450
90872
7641
30077
72999
49039
96516
63183
21053
55408
75853
6422
60213
50343
38869
58449
31880
10093
56213
78753
75578
1913
68274
70728
54085
37270
34168
27626
8034
74260
69211
21155
8375
90756
8237
9610
96884
20068
74218
62932
63687
80437
44028
42003
30172
57449
80801
93354
95770
56424
13200
87610
5828
85343
48100
33395
77339
64458
81322
34084
58753
38274
25092
67990
29774
14958
82242
3491
48609
4443
50164
8054
47591
52741
64431
45783
75035
73294
68740
64817
40426
88168
75958
1927
60577
17876
62964
43546
88358
41487
7172
22588
79728
84693
54441
28007
2868
6217
2717
91456
76059
23167
20462
47850
56982
85041
37699
35694
76417
10538
87048
60809
46927
55505
70498
27795
40319
86068
66601
37633
94075
54112
7852
68082
89292
15030
2720
70533
62969
52004
38277
53069
38480
80274
46119
57587
12518
66098
66211
67283
8549
71641
32614
31005
72140
99312
98857
91219
1617
20985
25903
11936
47334
57137
99933
80784
51917
35973
96414
90677
75504
87850
53089
18756
85229
43452
79425
40321
57225
37608
27584
50519
93386
83164
46394
19663
54419
24223
58844
15490
38799
76509
53062
94769
7566
88273
10915
37588
12535
18206
49178
83550
25288
77751
52475
60861
20473
99038
79539
73209
2068
98665
95338
76549
43758
89127
24462
31475
35790
85392
11697
45118
14250
69739
33667
43820
32346
45560
83460
61291
44691
44257
15119
65754
5915
68289
10410
68066
14670
7026
63469
52276
70932
64472
20246
93816
81066
79823
59961
75518
96628
61757
99410
32859
70834
30895
2844
60830
48807
58749
82874
16752
59340
18801
40290
27281
51289
83867
31572
19162
89627
30249
61475
74512
1684
5104
44024
77118
76285
44241
63271
38317
45119
37381
93417
83786
38817
44471
79801
93863
68685
63611
20196
72411
62287
50616
15405
48739
36585
89685
90012
93915
60711
23847
40053
84590
33134
56323
5843
99949
86664
92575
40612
26569
88905
56834
42502
58747
23461
65690
1090
71306
63080
95105
97262
33765
37896
72038
24138
29008
50475
691
86832
85374
59074
93244
69046
36767
96478
27571
82012
74326
34621
8002
96318
24036
98485
36960
98219
10649
71514
76152
78001
92315
7267
71498
66777
16382
82076
57963
67986
15695
9939
603
3985
58145
31948
72057
28796
74784
91866
38971
98116
9787
10604
79918
52343
91937
66964
23928
25321
7466
58571
41293
72941
67441
71471
32478
36608
51598
59668
28828
30915
53630
47869
4741
57154
58116
90751
10845
38705
66864
94151
94375
86362
40597
67826
42263
33446
2169
56395
3494
44153
2845
25762
46679
14337
8912
19640
71965
33159
7688
83779
283
33825
83089
26847
62636
39140
48139
37581
78158
30016
19672
57310
60270
72276
13544
18016
34625
9386
30053
72737
40067
7837
1826
96397
20600
87959
87
38131
44873
20816
61068
65260
7436
38760
27471
9905
37369
63901
90254
31743
46719
38216
45068
45420
79809
54548
55659
96349
66671
82013
10188
16345
28251
85606
48903
41895
82445
9447
97426
82982
21905
67302
66307
13735
69083
36970
25431
87520
48208
13291
31397
28950
39650
46236
27662
19736
93317
26421
34434
89197
16128
91997
45631
37379
75769
89343
14572
99389
14379
55556
61898
98668
16502
9825
84888
1239
75325
24454
48754
51511
46338
54372
69001
65055
22598
13548
69753
88550
89117
46580
47
63136
61980
44182
59471
77958
55966
93265
7615
78652
19497
26339
87601
2937
39300
94900
57076
4399
81109
94867
7819
68017
54236
56035
82987
85583
83832
11465
68689
53465
75880
38966
50338
34305
16445
92831
6174
89963
15681
89587
5591
9977
10685
83987
87693
93305
62813
11972
60063
32744
8664
29039
34433
57947
15789
85037
75280
64499
17229
87738
41203
23709
54272
9895
61949
49016
96044
22415
13199
6408
68119
64717
98724
99231
85876
95485
44571
84572
71126
57407
31565
53334
92175
21057
8525
85656
86436
75173
67781
99067
82254
37985
2080
87647
75638
80942
73228
52717
31168
80781
38786
74059
72849
38159
51260
4917
5770
74134
77897
71548
71534
62292
41674
8558
44076
54807
78588
86119
89882
97712
37186
11782
46905
6119
36067
40843
8390
43253
75384
75409
3922
73241
17916
35545
79566
28346
26380
11776
50525
45963
78029
95676
42696
2189
39792
95912
78020
89500
55923
59036
37976
75062
79520
86052
79768
93378
49161
57350
35768
82494
26305
58162
70163
29141
92693
5975
95941
42460
2938
65918
53538
85000
43848
85338
7763
37478
78283
86613
48284
20080
37797
97652
39603
75038
89476
88135
68031
98457
3351
95232
81157
90517
4824
84665
43354
95679
91202
65521
20718
41185
67949
87423
54777
57040
13781
6061
87031
41194
94495
75852
27954
18999
43511
50698
27297
55986
2449
60236
53583
24571
98006
69486
82006
37932
80846
9470
17001
74128
74730
48576
51886
80524
74159
63544
70510
20429
57344
87616
32126
27981
44557
74740
6518
27597
26225
97999
80049
78903
59159
86563
39337
81563
64801
58403
67562
55903
81672
84415
47203
51627
75176
61690
42635
78842
50100
4907
21528
36301
18552
46104
3409
59147
4417
89018
71025
57422
78175
28172
88382
82670
63799
63871
58173
21403
19771
96981
30100
51449
54657
92837
62270
86439
31740
70371
8446
10396
97146
50696
97055
85606
32174
79902
39358
60039
12212
6377
4651
31837
39679
82136
93259
92395
9626
89438
72703
98391
11157
44769
66298
67287
52783
12918
6383
43866
15783
31367
96321
47819
30285
73788
1537
60620
71252
92234
85846
52051
62210
92275
72716
21477
44539
6841
60006
35162
98650
40463
39621
83359
46230
93849
4201
13648
51982
14324
98621
2490
55741
49148
52065
8745
21643
15617
17402
17564
85469
24029
24481
63785
99147
2616
12063
34404
34810
88683
30993
82994
38400
58609
40096
97541
44842
4042
74109
46604
83378
44660
83277
51553
37005
15444
15285
83033
59721
14524
19269
69048
84991
52857
95799
50676
69947
17430
92591
14939
21331
51528
15491
8925
93316
6816
45401
29143
99743
88580
96769
81670
24662
44042
39247
13383
23162
73445
78625
60920
76539
34437
82252
19324
44309
75479
15882
92963
81977
36995
13178
1381
63365
61024
44273
43108
93071
51124
10833
4632
15349
3033
16175
99735
94399
58319
24209
87388
49249
514
88104
66329
97504
57583
68120
93611
30900
77252
53275
59085
74518
60254
18662
99048
15667
48413
26359
25420
76186
55636
6990
37548
44621
90312
76825
79238
81760
54114
47142
33339
66809
2227
73287
94241
21732
90866
18363
73053
47424
40250
89055
58433
85853
69223
20192
41705
50166
8892
20623
62226
23684
24422
36477
87750
85731
21513
54959
61012
78945
10797
40881
9871
27277
43217
49093
62788
10551
99387
51890
89202
41081
42735
56201
77325
56450
12529
75083
7559
79866
40725
90832
15053
79353
32449
8486
47277
64494
56165
94461
24328
33477
79566
35319
81858
26211
82045
26245
17821
68568
98052
35704
27263
96342
76063
46397
47556
11164
31962
81813
13768
37610
2992
15860
6818
35202
77002
2807
6946
58140
37259
75266
74130
78759
9088
60384
39906
31548
14569
14110
82754
88272
8189
6324
83642
1900
51843
95346
832
41772
79685
19129
56976
53959
14295
32151
69439
43335
12203
26680
65030
85449
58601
97483
58813
85357
3244
20290
91083
84931
19705
46179
66296
24344
93101
17247
37044
16127
82908
47493
21852
59802
85325
78342
8791
68988
49343
25298
6779
66468
26561
48524
70078
68525
10086
60637
11005
31482
93767
12771
37770
53423
33657
29446
79313
91594
52282
92504
43896
2260
30240
25302
38199
70686
14777
27241
99147
44769
85020
6827
87940
90565
65399
9357
82909
76786
242
19647
39022
67945
49555
18512
88973
72074
52426
40912
9076
97351
74966
48868
16982
44540
2687
51112
86422
94360
64534
92307
95905
6516
75204
39973
34542
38790
58760
60152
53859
24650
36198
25952
495
68271
63885
45742
14688
68468
98305
13108
40964
54842
68348
13050
53749
1720
78993
7568
25667
91168
33815
98921
45470
44933
21623
52384
69719
20836
34028
34706
54943
74434
73044
31044
14785
86706
7267
7568
99151
8796
79703
17167
41478
22303
23018
65791
96353
80495
9465
89995
70078
34705
15430
27156
27504
15552
46963
26545
76077
1900
60320
15646
84172
81612
32171
10150
94321
30948
32230
77399
31096
33857
75427
3483
86118
76668
78377
78394
44299
98205
73350
83389
69767
17360
16595
53670
90978
61635
45684
30956
10631
5587
51713
61071
63254
69279
88732
62901
8009
82210
54433
28814
74668
44944
20141
15884
81403
16562
54347
91649
96589
81238
20475
44111
16006
90627
88959
77302
3129
72203
42114
83994
19707
92096
92514
84903
28645
41874
85111
37584
4531
44714
44067
98296
34655
25835
22885
55968
26065
59747
49884
51169
58279
16445
77192
41967
25628
49748
13279
3040
90960
81428
57886
19327
73079
15671
88808
67629
61129
98581
47233
37007
35173
60903
50233
99706
91221
21308
66121
36440
90823
55397
34539
12051
80051
87611
72359
63163
90378
35180
67910
72832
81207
75981
90094
90259
27377
280
7456
14115
80770
28105
7856
18962
14045
170
49765
69873
30563
49183
61859
15543
63986
29120
44567
2964
34809
94171
92194
98520
37253
27596
53352
77663
95516
61183
824
6918
58607
29670
50919
9743
2815
83935
56083
6216
3043
79941
66206
99469
12120
90793
85120
8314
92128
3547
2087
8746
94507
57866
12308
40204
97779
99393
12276
66191
73485
59426
79538
97577
51836
58812
77813
11463
64227
84563
36216
5936
12220
18024
19124
75118
66900
88949
81984
96297
15640
58585
53522
22351
53584
11153
80814
37058
11889
76613
56101
92588
57263
6787
20044
64368
81692
55595
49499
54298
15972
37148
47467
38746
26457
8995
24451
52523
55889
77320
46248
69663
96369
25028
55514
17101
35501
74763
42646
64789
12024
12794
96761
52696
55994
83989
19332
97145
43717
47140
44531
98904
89047
85341
59844
32491
16506
11396
42846
16208
9246
90824
6451
15307
83165
84839
45907
33579
60106
3571
51384
95517
73400
37148
21166
8991
31240
35404
38613
76806
90789
88392
61998
65186
52508
25436
28085
84015
54005
77930
73176
9612
14458
47777
68665
59695
30268
28906
73735
85957
52214
47182
55027
43593
54474
84521
81981
19918
40081
14335
98452
393
40882
53960
75804
11463
549
82187
50968
40689
57448
47679
98907
73969
37788
33538
56442
56654
17257
89591
94241
7409
11601
24705
80060
7666
21213
46533
44292
36086
40740
79379
52261
74561
75423
30625
39860
76132
13056
9315
19574
37835
47941
30027
81384
25366
99676
9060
82143
87690
7710
41265
49209
42721
6843
42551
98352
61181
89348
78267
65666
43248
97188
20826
5738
58330
16757
58040
26418
89202
7705
37389
670
92714
52678
51380
87148
72540
13287
38347
16091
5352
66706
4364
49120
6243
72822
27584
23280
77278
92756
30953
35638
16617
55172
97558
84287
11959
89251
64156
86415
66822
33997
53651
4754
19266
77368
27826
63273
47089
97464
68705
99875
66287
84469
78248
9480
89478
94150
29270
54427
60349
11092
71485
25347
18602
56143
27802
58095
88701
73427
37707
38399
73702
6250
14086
8572
98794
63811
14491
15266
32891
63690
79093
1931
40931
19781
22967
8741
40376
55065
38439
17343
58385
39616
55961
37673
62386
24527
27715
82067
25508
54267
44637
50128
66007
22823
67853
50394
4609
33627
96409
34971
58092
3448
44136
34554
74091
89775
30216
6517
64439
67633
18832
49396
84089
51054
16063
23951
7137
37317
67839
6551
78686
30458
57333
36248
54584
996
42970
55262
14225
99102
78070
80059
27433
32109
21285
88681
61833
36476
53431
9365
2938
6974
84201
35874
98478
48694
20420
74388
75506
85659
32172
60694
85892
25128
6623
84492
67912
8328
13914
19230
17390
25899
84223
60069
97351
40776
39212
56755
11784
56890
67603
11740
65259
10922
39051
92869
87741
92720
68547
54757
28246
31085
61359
65612
7196
14375
51241
35305
72333
19984
50249
24230
17022
86689
54658
89436
6725
63939
16070
62017
47448
16368
28039
15232
34483
93148
81013
42741
64361
64538
67275
40141
91978
21707
98512
56308
66944
10984
7811
26211
75015
81674
59725
46270
34340
92672
53056
2017
39697
51936
25608
84975
88532
77552
61446
29884
47660
29376
51232
1156
33904
65073
77845
70840
11879
87562
78530
79335
78015
38230
50159
89699
22978
83017
7397
25146
87009
28287
43757
68788
11926
56216
86180
24176
92657
63735
80974
86252
67482
17398
26542
96813
31510
73833
56432
10017
46912
20955
84051
64607
60665
71619
83388
88701
40008
90525
78641
52753
87823
86577
4396
9655
31652
19353
4293
95743
83501
71249
13578
47903
21472
76984
55182
40591
67539
51338
63351
86616
64594
52737
23544
64087
87716
42016
50737
19289
80833
79299
7508
18218
52920
39379
29707
36286
48206
62196
2865
80495
59170
2875
77623
22908
14120
89488
60917
81187
46413
89653
67811
41598
53202
13812
84336
68833
77902
35398
52784
23553
25579
18642
68496
83209
32092
54559
43844
23603
20963
82426
15005
7172
30706
47867
2315
2556
16924
70006
67617
7733
69110
34810
70293
24542
71387
36605
87390
37505
30063
24819
93394
97949
13050
98349
11689
10121
59021
88102
50813
16368
28604
2008
12764
65187
35383
87260
85942
49215
77009
48510
62591
30619
62130
62061
47181
53057
61174
3845
50052
35199
85314
84547
9995
97734
41456
44805
94411
76824
5233
67319
34179
35463
76528
11952
38284
35889
82351
91074
53240
90766
61711
34729
86856
32878
79050
16776
4145
15635
35230
2905
73729
13617
3290
58812
86360
8761
3037
48273
60976
82265
11608
82483
14464
29248
7503
82526
58831
7777
71422
97032
82423
39135
3203
90550
30805
92419
7102
68457
59709
21705
77976
87842
25395
59919
79749
74807
30596
8911
4156
51817
66567
14393
87364
49863
4384
71163
84889
92798
57787
17088
75844
93408
13850
94574
76816
53777
39384
42563
88471
67284
49075
37586
25990
37557
33477
40634
28989
62509
27232
24545
48110
26871
44097
51228
80507
5716
57748
91964
88674
40143
19512
79192
52179
51783
30827
41459
89294
76405
17300
29998
74592
3646
75588
62000
50244
82831
76573
47702
86429
36714
27247
51884
47432
31390
92039
78273
27525
67041
40360
38483
52734
43282
40413
46684
47943
18626
31403
5417
87233
27701
31629
80298
776
47832
16597
31367
14611
47199
75635
16694
69338
45487
70609
66688
79183
11648
7301
92675
40187
52063
43514
88274
45593
64857
52291
57394
30486
36530
87825
90020
85747
5888
96933
95394
8677
57915
85728
13570
84605
77064
56792
21304
51076
64857
30939
64460
