72390
17685
-68324
62699
33504
-31259
89166
86486
32262
14299
-60344
-29212
-47902
63518
50
90207
12077
9416
28957
84973
-59585
45448
59064
-69283
88316
67831
-43010
97779
-34420
370
32865
53012
31088
15006
9896
88583
16808
-31661
-32890
-38941
-39284
52734
-39011
-38871
28376
-17920
85229
48365
-46420
-34924
25439
-33876
60070
-57259
-10011
48077
48154
-16030
88920
24020
-18411
84132
-32061
2028
-73752
-83465
21961
97455
-35232
-1833
78607
-18405
54417
-58365
-10425
-76490
-20682
20109
38799
64507
-38440
78181
91431
75260
9685
-48975
-43250
-54364
-58208
12194
80136
-25247
-7496
46092
77057
-60574
58044
87541
60925
-16668
38887
58730
19579
-39855
-93393
-71842
46226
58652
-69451
-2706
70904
-59263
36223
-31889
22454
11490
40023
-77935
32480
26688
-51207
-56641
93342
-82628
-99448
-16424
60453
-31796
13881
-69792
-30896
75676
-99075
-76077
-74528
-92531
-47945
35690
-5903
-95775
36311
40905
41004
76361
49602
85351
87379
23771
79762
-70078
47311
-71154
-12527
-19666
97577
99959
-67155
76303
-25254
61691
87112
46652
-32657
-42395
92152
-91959
90907
-76493
9094
-47355
-39424
-80440
6173
-37703
-45261
-5129
61212
42056
58302
5023
63846
99390
38198
-40288
-77644
50770
-19602
95430
47144
3465
32723
-29971
98738
25104
-34134
50755
-69603
-87337
41026
70580
-53977
61229
-86749
36350
-90882
81254
-73345
-60058
84237
-77083
-44666
-69148
96440
31292
-90309
83613
-40567
70892
13628
-62965
-78686
-84449
-80074
-10767
79533
-83625
96825
98845
-53706
54843
-50404
-24827
-67455
88368
-72235
-97110
-61518
-74564
30816
35997
-5749
37711
80676
95253
97248
1111
-68986
50367
-2867
89049
-83588
-88771
-10864
-55444
-36070
76931
-61471
-86760
21670
32175
-38503
-78112
-60000
-77989
-57621
-77577
-82723
-50005
-26113
-15620
4825
-10589
-47584
38307
9078
84795
-41705
18276
14835
72655
-30366
-53122
-49986
-37556
95232
-94322
45403
61478
12508
76804
-87403
26564
-13333
96445
96420
9219
-21182
-53915
43026
61899
34401
38651
-94669
69924
29599
84811
92817
51620
-33479
20096
60320
-20306
-21707
70053
53268
-4253
-31741
45102
-23952
-10524
24745
-232
97094
-61297
33108
89557
72270
89316
-42234
-75033
7868
69762
-29812
88942
-12608
26019
89404
-59591
-62903
21777
88067
-28811
-92623
30798
68276
41600
86234
-49015
-88729
19752
-83636
77145
57103
-71137
-48564
-11663
46437
-89760
32840
7248
-4314
54872
46518
-3920
-34003
53183
3596
93821
92677
-46899
-72403
-89929
94507
50731
11630
-50901
-91586
58713
841
3375
-51624
-29329
14083
92336
32778
26151
-93503
-32170
55396
67067
-24373
95430
-2511
-2002
-91758
-20508
62918
58309
-89542
85375
24133
-17086
-32870
8547
11311
54533
39039
-98951
96933
-94761
-31103
-81496
99287
7204
-41125
37596
-9880
1621
4176
53512
-90200
93722
-19795
57850
-72546
-44551
-22390
44633
91780
-11853
-15016
-28630
80591
-92624
-15660
52901
19100
34084
-36041
65437
75869
91833
-70104
-99776
-6207
80907
9753
69320
-18597
25530
16718
-58443
94243
54333
-59420
80457
1723
15341
-71125
49352
48881
37762
10160
77762
23216
79863
59647
-38664
30803
-99547
89063
-22009
-35862
57590
56740
44587
11601
58213
22927
42528
-75702
17667
40731
-9792
21362
-54489
-998
8731
3536
86318
-17462
-75493
-25681
-74007
-39210
14784
19784
-77774
-75433
66642
-46855
-3658
23763
23589
-24252
-91742
75579
-69831
-94267
-89882
17927
-78400
-24758
-87508
-91651
55129
76149
-12033
-52256
96983
-57106
35415
-49580
-5083
-98917
-24286
97196
-30206
73495
74530
-95769
61286
-32926
-42665
27655
-4973
-33362
-40859
92668
13670
94456
95720
96647
-21972
-26559
80699
51514
69288
-96646
12998
-78450
57738
-28931
-48164
96644
-30149
-80918
-25324
88325
-44779
-61506
-45025
-59027
70826
-1197
-24208
73910
25877
-54240
97532
20153
63113
-16601
-18811
25649
-57081
-25749
6178
-10585
25264
14086
75594
-78801
-93887
29200
85505
-43082
-66970
-52115
-50658
35200
-24029
36168
-87488
42847
-65713
-57477
-6326
91355
-50101
-84725
-17706
23812
-92913
-20362
-45993
48992
-42124
-50673
-37850
-10795
67033
-40497
81673
-23276
1906
-66141
49239
76440
79489
80785
-64667
78268
-66878
97200
90240
23371
-68523
-90990
54526
-27377
-16868
730
-15372
-51069
-99903
-29905
43220
34234
90972
44579
14355
-70038
-27938
27733
16102
57571
49880
-10286
82915
-19935
17882
10584
-53785
-3803
-9186
-16947
8028
64868
-80009
59692
96467
86759
65753
-17311
-59634
-31009
-21064
-80268
75020
-45110
66021
-91469
-15735
-88477
-99136
16065
-56275
41013
-59328
-45030
-97043
-3904
-93601
-28858
1662
-59402
-50103
50216
-24372
7161
-89796
78901
-82997
-52668
5977
-7808
69757
-70428
58836
9312
-45260
-83812
88720
30689
39601
-66977
-37998
14762
-87278
-4984
-5241
36372
-65405
37029
-70469
95018
-94789
85302
-62013
42183
30234
46689
87496
94451
15086
-402
-11556
-54861
-6346
-40515
972
3805
85950
-95676
-96032
-73928
-18222
90023
18952
-48500
70964
57958
15228
-40170
-28320
16566
-4523
-2362
59599
-70452
63533
40798
41665
-84978
22060
984
-11705
97021
7893
19683
-372
18287
-15569
89009
34539
-26166
16458
-85068
-41369
9174
-81053
44249
30429
-32987
-63347
24048
-7940
-50690
97238
35844
73523
-57427
35009
94698
-3007
-71305
44093
-24671
79420
-65571
10237
-11178
43879
-22587
13175
-45824
91269
-73511
-78709
20803
95819
-37412
-17377
-7889
10074
32933
-96981
85443
47998
38631
78172
33089
94849
-55493
64224
46014
62573
98507
28366
29230
3414
-99396
-64408
-97321
-62275
77287
-66013
-90525
73557
-61622
-4938
-86165
-5404
-89317
-62713
68558
-97089
-73190
90133
56499
-32401
59764
79845
-99628
8844
-91188
-43032
-70475
-36569
27375
53898
-28076
-89895
-96980
-78455
-29995
-62817
5778
78981
14360
34592
59062
-76218
-31514
-46878
91395
-26276
54310
-54970
-71133
-39455
60681
13416
99355
20071
-14399
-80049
63294
-34183
34609
18153
39728
64141
11962
-35810
66707
43660
18312
-59494
-30285
-66847
48866
-76775
-44144
-68040
44572
-47582
56227
47254
95793
-90124
41740
44265
24135
-90712
-31703
76007
84162
-76452
-96626
-46233
-88188
-17028
89848
-34722
81022
-22379
21361
-22729
-86728
-30868
37990
-50172
17871
22350
-38583
6652
46364
20495
36607
-39796
-52024
-10533
-57064
79335
-53844
51155
68246
83980
-46061
7250
-53229
-47993
-21740
48896
-73426
68705
69185
58321
98960
34899
50237
-44752
-44189
-7700
-65394
-31740
-56105
-16316
38487
-63347
40050
45663
-50613
-77211
42224
-56066
74156
-6851
24462
86703
-35795
23591
9136
7101
9857
-95412
17962
-20565
91396
-3563
-4826
-50342
63998
54605
-47537
28491
57574
74406
-58499
69548
-39191
-31286
6571
10317
-49112
19813
-60951
-84387
91126
77712
-28582
-40929
-25820
-77488
26387
93966
-68352
-46976
88495
-9650
94610
-19695
-63712
30123
-67637
97254
49730
79627
-65308
73348
52005
-96050
-1057
-2476
68797
54813
-58305
94397
-18533
-89866
34125
-76921
-15298
65719
44267
82976
-14594
21764
-84371
50970
20878
-64042
-34850
-6791
-81558
-42795
87164
11964
-68303
-45948
-2769
32881
-78272
-30252
37647
53889
82214
-9848
-78300
86711
-19696
89328
69321
-209
96401
-22411
48527
-73120
83084
63384
56211
-65753
49105
41010
36127
-12389
87637
-44888
-30364
-78655
-1656
68740
15586
16958
-24925
86272
-73671
-20785
-60704
4055
70956
50886
-69750
47300
58984
-45496
77373
68708
15198
69999
-25291
78292
-60963
50193
-50499
50798
11264
59692
-45442
99873
-42139
41573
-3066
-17526
9837
5742
-12873
70546
-868
56927
91665
-80551
-23948
66486
-48798
91628
-98428
64141
-46395
65033
69126
53135
-71297
47712
71773
80457
18589
47742
-35057
-35709
16378
-72607
17026
4881
-39920
-56156
52169
-40254
-7268
59855
22022
-88571
82304
-29947
36282
-9646
9116
81477
-88180
41062
-14309
31675
82618
-41617
33660
-94970
26105
59262
85342
78349
-39471
89255
51487
70112
36374
74982
22738
-63417
35668
32959
18561
55673
-18099
1241
-76250
94119
-67891
-51524
5997
-67181
-12369
-84811
-11902
55027
92550
-24133
-85162
-13728
12071
-68570
-85684
-9288
98341
86719
-67208
3145
-17137
-7869
-59365
-75729
-29951
73567
69418
-90733
-61541
-33330
-68367
10167
27814
-50988
-19113
-2967
19904
67176
15369
-56935
31869
10806
-9615
19285
35730
-51136
90398
29505
-25619
34154
-40457
7776
-73125
81288
31317
51031
-24901
-21126
-28935
-76955
99522
-6274
-91904
-7199
-6821
-86162
11414
23326
42891
67975
-66122
-92106
-64364
93000
1092
39938
-37396
46281
28477
54862
20680
-72985
8547
-36394
-56086
-57144
-52569
2689
42474
45328
-64229
14509
-89050
-29793
5053
-23434
-65620
63312
-70767
-86107
74873
2328
66906
-19813
-18442
89136
38217
-76591
-75205
-7650
-11246
-40029
43054
13536
72837
45311
-25742
-59183
-1890
-15084
21644
73034
42727
21566
32141
54657
-77839
-87980
-60696
-37062
-69226
-40786
-20311
45052
99654
-75815
-41371
95263
88058
-70524
98110
-63763
98241
-91205
-19323
39498
-4947
84257
-60359
-24850
-6679
-97035
99512
-11611
-45808
92294
82964
81132
99640
-86482
-56915
39558
14011
-97709
-58950
78697
-61774
55747
21141
1118
-67674
-3554
-75964
-92047
37242
47021
-92705
-3578
-70645
69616
77694
-63230
-18272
-26416
88027
-93487
-72147
-33258
91495
-26995
-71321
-66298
-50769
77224
87624
-36878
21091
7860
64497
-47254
24107
66573
-49896
73377
6768
91917
14642
63052
60338
-18307
-51005
-38730
51012
82849
20865
-58536
3397
-9877
86761
46676
20777
-63995
-82669
16292
-88925
1100
44930
-80545
-62355
76517
28772
94252
47078
-44813
1077
96531
-47848
46574
9850
-43414
-54089
-7305
-6569
-26017
-33771
83388
-70989
-62897
10725
42102
-19025
-77691
21091
73652
-94844
58233
-8273
2105
-61346
-91003
-41584
-62644
78356
60161
-91724
-75494
-40061
76769
-73282
-50132
-85680
17330
37349
-21543
-29949
-78680
-6365
9834
38032
45313
-953
-61309
9092
-86728
77809
54539
40679
96039
79333
-69627
73591
-74635
15642
-59678
-82476
93725
-33833
10214
97353
48958
72722
11845
86141
4809
89825
46570
56126
17219
5064
-33243
-44960
91900
-92243
-63632
4168
-39078
-25509
-75138
10567
10074
-92177
15135
-42730
-34435
16936
-64557
77341
29199
-89302
94619
97538
26574
86820
-21404
64817
-53970
3998
36808
-3923
72494
-36217
11343
44267
39166
18317
-13122
-74735
33343
13461
9955
-1381
96851
-91700
40555
22418
64741
-64165
93982
25450
68710
95341
-10871
67737
-20738
-26955
68165
49830
54532
35232
-76701
-58836
-14489
-27544
26015
90074
18072
-23454
64278
1465
31211
-49891
53516
40287
-95775
32624
-79556
-63999
-49219
-99996
18858
-63041
-7141
-89158
-76422
20837
-72689
-57868
-57477
-99793
-34887
98651
87832
3245
-63838
-55994
-65585
27584
72424
-698
-32051
-86720
44938
78460
-88562
-30827
-91567
72418
-28024
14577
72787
18823
-91111
64729
44403
-92564
-4787
-44410
-96681
-87828
-57251
-97364
-25958
98337
-34632
2416
-16122
98061
3763
-78171
34971
50265
-89331
8878
70160
82080
81691
82828
-6448
-29588
-43027
-77748
67975
-28256
-20486
66162
30616
-70626
-49335
8572
76984
227
-41214
69212
-93040
-90598
-96476
-46549
-39345
86229
-17453
-84450
-9716
-69390
23533
-4065
-87208
-76532
-18816
-94489
-90499
79168
-4975
64506
-64490
-49074
-57548
-45675
7161
-29160
5708
75680
-68342
-69
-68745
-20557
26100
-65068
24191
-81857
-92028
-45864
11446
3684
59974
-57908
42726
86150
-58958
7798
-61732
-98259
-88695
-16594
16960
20585
27110
74314
-48619
74861
35791
2160
85438
88025
23332
-43782
17992
81209
-2238
89022
64028
-15169
76328
-85442
43025
69992
52415
-28476
78768
-30289
12679
71471
-73109
-30317
-42250
-3846
-67978
-55233
-3686
14980
40681
31727
-33891
14295
-99445
-67416
80949
50637
-21909
12933
91089
84343
83700
4078
-51356
-74377
-80832
-50249
-64288
-13447
40290
53039
-50284
34260
-36896
-84474
29262
19430
25409
-59337
-51318
91823
62134
54435
6815
-13463
-45427
-46417
-21219
-8646
-62351
23980
56749
-17969
-53640
-86966
27132
19326
59268
71734
11478
43626
-91948
-8978
-57168
403
77294
35995
-23281
-57597
-38631
-20866
-3961
46909
-13439
45049
88758
94172
-23493
-4356
69664
-66323
4246
28087
54296
2239
70714
92360
8817
-20919
-44257
-11779
-18921
-16489
36715
-31346
77547
-41540
-48872
-38320
71768
79780
-93180
-18965
91427
42653
33755
-14448
64475
-28365
58420
89774
84140
85915
98124
35991
-25049
-6606
43591
37934
2618
-31438
3111
66065
-74977
76378
-18898
84368
-84219
-5639
-2332
-25264
-88168
21529
-42259
-22380
17854
4396
75226
-30303
-38509
-38571
-26245
42981
-28280
59140
56908
67352
-52979
-31356
20095
33681
14591
-50579
63297
-68472
51208
-71619
-99772
86723
-34100
52102
5978
12652
-12068
-42714
80307
-53728
-17217
22404
-41391
-28469
-29022
-35533
-56494
-10998
-72109
78727
42475
-87862
35975
-78901
-1805
-19415
77074
-27779
-12615
-32419
-72123
87314
67365
69397
60915
-25671
36447
-34621
35364
75887
-45010
-7584
52799
47321
-91033
-82623
-72047
23714
45138
-92092
-65350
52719
-74834
-51280
76890
57333
3356
-13277
-38733
-7450
50455
-26410
57631
36495
67473
87062
-62510
62212
13798
-21883
76186
60926
-96767
86167
-14169
-57133
44268
99953
-93
15047
-63667
-60500
-85004
38192
-19729
-94236
-97875
96684
-61899
-84046
20206
13344
-34984
37508
26253
99059
55373
31087
5050
59433
-37
59210
-6069
-79650
28212
-17609
88276
87125
-64103
14793
-96296
-43732
92037
-25547
71117
82787
34260
-75437
-58219
90539
-37320
77849
91916
35810
-26308
77045
53500
-10814
55874
18342
40964
25521
-39520
46687
26743
20134
-21747
-82237
-74201
-92983
-9974
-38804
56765
-68392
90544
-62888
-98289
-99110
21750
-45451
-45210
-6223
13228
32998
-35689
-10522
-20424
-18690
12086
2357
19249
10790
-93578
94741
92260
54414
-81197
35470
-36685
-96163
-85711
-22463
-95279
-46772
26899
-34981
-18657
71369
-11894
81187
-41826
-94733
76346
21614
-99853
-46752
38417
-95567
-7305
-76714
58591
-54894
50232
-55877
-97245
68452
-47663
47614
-79973
48840
-52652
-35899
-64526
77041
2070
24814
83850
-22600
-20274
71807
-6743
-24572
5814
35193
-99689
49235
-92079
-69829
52537
50939
41691
-58211
-7372
-98895
-53836
35621
24596
-70813
95995
21539
-78959
10542
51161
76682
-66596
-22547
-89918
38939
93357
-76455
89440
71469
-96255
44393
-41958
32820
-20578
94651
-57693
-27366
-67095
23481
-13208
-35916
-17956
-35873
-5549
78583
-29618
-92250
61713
-29978
-21743
-52541
56506
-85233
97215
67427
-60787
-80969
1350
-26085
22448
93866
90646
79133
38242
89394
11305
64660
14548
-8660
3965
8996
8373
91635
-54854
-94620
22276
57770
-35561
-72841
-85013
83605
23567
-92061
-22916
-74516
77055
-58857
22546
57690
54459
-93785
41032
-55474
48306
-74800
20145
-15580
-25694
69647
89379
85365
83345
-78861
-83364
-73073
39812
25136
-380
39351
-86709
-89158
-3400
57423
-33306
93090
-47299
55089
1590
-42048
-58268
-22596
-18004
-85256
42430
-61730
-7668
86413
-8689
76898
-27769
86801
59288
15302
-89310
-52649
-8521
91027
-93882
-31516
-60315
24015
18843
-70020
-70095
66330
-55240
-31521
-76871
-9949
744
-85533
-35733
-43841
-9416
-372
-27005
50940
-8105
-2593
-96470
62099
79542
30313
15972
15521
-58992
-97992
-97071
-49958
-36612
891
-60111
92534
-23302
-88903
12840
-51452
70699
32240
48712
-83494
56565
-34944
66292
-56331
39287
56896
-97323
-36676
-37725
-32222
19733
-37496
-35438
-76065
-17618
64792
-85977
18865
42315
43420
73894
94910
-68127
80019
-95384
95492
-66753
-58645
-11123
20020
-98344
3893
-76672
6833
-27235
-74637
43738
6270
-82432
17242
-79619
80102
-26745
-34934
88164
-35049
74399
-55159
-4019
-331
-31424
-26802
-58989
-48585
91170
-43505
-60058
86048
-99180
13258
55991
-34813
24688
49216
68492
97820
40024
-41208
-15581
73189
61947
-24570
-27010
-78785
17753
90156
27220
-43470
82232
-9047
51073
83654
21304
4087
64837
42828
28056
-97854
5315
-36854
35735
-71697
6576
46024
-81791
56051
62028
90381
5352
-42056
-85687
9858
96905
47849
788
82737
60117
-18242
86087
35650
-65118
-64526
31158
-2229
69923
-43235
30223
-25273
-81712
84475
-54832
-49327
58573
5993
-33909
-87287
-22648
17235
-64129
-2343
46846
-60643
-95732
-39756
-1232
-77622
11373
61959
72781
22882
-45209
-85941
-57473
37157
-54860
-54059
31166
47007
-30518
80722
-9600
-17636
-61217
-31826
83161
62793
22865
-30405
-94134
-83250
77050
54125
39709
-56040
-40966
-70935
88000
57622
10352
-6204
88032
-60150
71883
-71224
13445
-3399
-73228
49575
46363
34784
58024
21043
64051
-47295
-90948
-60197
71587
-8639
-97761
-2145
-74568
-48338
-58446
94912
57598
-19916
40300
-77344
-91350
20267
99612
-93595
-789
19237
33145
-77106
46746
8105
35096
-32728
8692
77099
20837
-86879
-32370
-63972
-18118
-46684
56094
-70040
78358
73407
-62928
60267
-64202
37062
-80262
-3727
82879
-97309
-73345
86091
-34741
-15743
60923
13465
-71533
57208
-89518
56464
-49978
-56700
-84406
71069
47424
36481
92186
61910
-59746
-48675
84129
68682
-35732
88623
66081
80840
69561
-91025
64730
-65399
-63197
-85462
-63861
17363
-23860
-80396
84057
12679
-88980
-12834
-90172
49068
86615
73312
-82340
-6331
-19028
31035
-30100
3768
-11914
-44710
-68793
50043
27103
81289
-71360
-29425
63420
-60563
44339
-34314
-34705
-13789
19632
50824
87707
-18865
59408
69492
62384
-92766
92825
84799
74820
-39153
22141
-33236
85969
27747
52979
-9223
84941
-47604
-84383
81111
-33277
1704
75279
10016
50400
44106
-69506
-33705
11137
-68240
23504
-40223
-10636
94640
74559
51488
-90876
55509
80981
63081
91705
97147
-46632
43281
3527
-23224
-49842
91817
-198
-6427
73305
-90394
-80834
42132
45721
95996
-48680
83136
35175
-90116
71035
-72262
-66283
-13033
-32434
46262
-66990
-1048
-59934
-68880
52729
9667
9359
8376
40555
33768
-16771
15687
44823
25557
7445
-29539
92751
-49243
53794
70326
19370
-5254
53339
28850
-99071
96001
41130
-55446
-49578
71447
-56348
24701
-93055
49077
76210
75607
-62804
25516
95040
61478
-91572
-64733
-82818
-96966
-21187
82962
-8944
85054
-63925
-16800
-52242
-55685
92565
51979
-6790
54026
36877
-64303
26272
21083
-53242
-3821
-35002
93256
76148
78464
8567
-91205
20487
83040
60567
53817
-66997
59985
20190
-45223
-3201
-28825
97423
-38629
-51480
-9583
40951
-93986
-22786
-83403
-74068
78113
86450
-60610
67787
-34029
54762
85144
25747
-13073
67176
-99594
79232
57918
-64904
-34514
-70427
42478
-22467
52057
-74589
-22797
-73313
75168
-63273
67115
29134
-37313
-88244
-10864
-88969
92436
-94499
59611
-785
-41773
96676
-58808
-14423
-23038
11959
-50443
-9845
51097
-14973
-65037
-27621
61226
-53663
-842
73870
87573
39799
6979
89220
54459
42083
-34624
19451
1220
-19625
-33694
25707
-4225
37969
76673
-15486
66803
-97606
88721
65127
65281
-59296
5528
-47390
-82753
36777
-11798
-67318
53642
10924
67032
-11800
-11490
65385
85545
95606
82184
50683
-97698
-51051
71303
14388
-41382
93727
-87424
97049
29269
92609
48727
-38037
-50818
39157
65772
99127
39472
70038
-77489
-7601
95041
9902
-70431
42416
32371
-71847
-12444
-66373
-54784
86161
-41503
-23345
-25871
-96738
-46662
-93488
-34851
-24159
-84799
50906
46140
99012
-16323
-72558
-90750
49059
-2758
97806
93254
-77427
94163
-81682
74322
83564
-49492
-25258
-66298
-62497
8888
88434
41991
-36258
-69308
63646
57539
-88624
-60584
-76857
18806
-50317
40200
-17801
-72652
-35118
-30770
56449
-50292
83670
81061
-84906
-11151
47391
18999
-31413
47385
-4505
-50149
-57691
-77817
96964
-69718
-40689
76102
-18374
37158
-61512
5346
-73431
-58642
45413
24007
-36214
45166
28068
8742
-66563
93368
14076
81633
30602
-73290
35859
41427
99565
-61191
-89414
-66800
-89285
-81804
34373
-84363
70642
95543
72990
-87941
88230
-50620
29453
-49339
-34261
-12134
-41116
79013
40768
-3335
-59556
53161
72945
38494
-72328
-86361
-42620
98867
-31836
-99817
63943
-41063
16663
93099
-95209
39303
-35245
-4444
50915
96903
-80980
23621
63633
-30020
21005
42749
-99791
-36415
-56793
23057
-38105
82997
-24801
-34931
-93539
-49727
-6465
86143
-28266
-71124
-60927
74308
-20422
-90851
17999
-50359
8948
69642
-68498
-15623
86789
7915
-4394
62139
78697
77900
-10985
56539
-61590
1319
87924
-51653
-98992
77519
-81460
40129
30786
7022
63452
16891
66584
45632
-74584
-40444
57127
-56558
71856
-96745
33866
-84813
-76351
-15532
7932
-98701
90234
1788
-82783
-55281
-96638
95755
13377
-38119
31135
83043
56160
35215
29398
84752
82207
80927
-51950
28025
36502
-70701
-71465
62551
-24136
44013
77126
-16129
-61439
87627
-54092
-27723
34418
-93274
9939
-44423
-7841
-10436
-68810
1265
-96921
26755
-47599
-80580
39242
80998
12595
24055
41924
43872
53181
86636
-91604
-7143
51949
-29725
-78110
15539
88337
-96345
65472
-58332
45135
56931
-30000
-71413
-97307
83032
90958
19937
-67190
7155
-93200
-60212
77313
51226
19125
23316
-94023
-90201
-75950
-79960
-57220
80283
33868
56288
-92955
-78748
-94425
-87668
95976
25002
37825
-7970
-81297
-55022
-39289
-63925
-40920
-9452
-8818
71596
90787
-25230
-4054
-10229
74151
58848
-31065
15591
90055
-37058
3118
64594
24806
74815
36603
-93257
66125
12774
-34544
-7906
-19829
8210
25685
-67424
-21383
58472
56565
44846
-87774
54392
-46982
36815
-16117
-85443
20766
-4419
-65078
21441
75712
-74208
-79096
-61035
37272
31639
-79752
22248
71237
45034
50076
-45835
88007
-65381
-98376
-32216
-59537
18946
-2784
-22742
-51033
-17759
58095
76143
-81374
93300
5112
15888
92178
-10394
-40978
-97975
82487
-92398
-1247
-14213
-89733
-86520
-32961
61599
4908
-14835
28515
21895
34281
-74138
-48645
82595
-53323
-61938
54064
14479
85083
29155
-96335
-8149
78331
69707
-67099
-64838
30618
13850
51938
-39570
-55604
13566
30088
1274
-46076
81192
-96502
27270
18135
16810
-59939
27135
-29985
-77519
38048
-64870
-23565
-95413
-29274
93697
-65747
-64291
-95418
-41800
-4906
-18671
7310
89370
-6252
-60353
75826
-42752
34585
-24573
-81593
79530
31187
-85657
-85757
-98274
81515
90324
-87848
76427
41849
22887
-40902
-91924
60738
-82051
62659
63680
-58543
-9807
8504
-44291
-19855
-89761
55387
99631
32184
80576
67427
57592
30002
-85402
79494
-82587
81617
-5202
13542
70433
22639
22774
73738
-56692
40516
-25028
-60073
-16206
62674
61633
-44872
38553
-73318
-49964
-41601
-68489
-27835
1347
-39983
-26025
91147
68530
21065
-13363
3710
-52148
67978
-38482
56940
-54253
-9105
-84115
20503
41779
79001
68261
-26198
-33118
6301
84110
27581
-30288
85413
96006
14328
-70569
-29533
72300
95178
62757
31651
-25102
-84159
-19083
20221
-7034
11483
79669
-33657
-51397
-6506
69839
-98275
-86343
32431
43061
21565
9460
-77307
-97841
586
-77301
60050
-55954
-30798
-33323
-98007
-55311
-28219
-34304
-91285
58743
-47399
-67668
13782
8619
63579
73278
-4908
60713
-87528
70354
-34143
-24620
89948
-37992
85806
78644
43689
69914
79291
86879
-93182
-63579
66581
12565
94162
-32433
95772
-40165
83909
60196
-18901
74483
-33783
-87306
61540
-9325
22322
42997
-3587
-55231
54475
53363
-47329
58984
4779
-69187
75600
46017
28927
-77412
24534
-55496
-54012
-81653
38516
84520
-59486
98077
97574
75383
-80237
77963
9757
31973
94528
-16968
-59267
66263
-74266
-81490
-46938
-92
55778
-9509
80999
-24996
-54652
56245
-39096
-4505
23539
58270
-63852
23804
-33741
96360
43410
-26218
-809
-69561
-85565
7325
78743
-83684
39530
-26348
-71090
23114
57899
-84129
35048
5288
-56260
74922
-71027
-3806
-34276
-21527
-94836
94994
-13246
40898
-43583
-39402
78138
-9573
-20404
-29358
16817
-44943
-31025
-15190
45277
-56769
-21423
-86544
53341
56704
96166
84082
33168
34150
6175
46202
90004
-18997
51415
38412
42241
-98044
-7509
71642
95023
57511
-82429
-63265
-76852
4393
-73192
-30356
-68193
84314
-479
72877
-54697
-70747
2388
61572
-99900
35141
-86305
-22928
81899
-46104
25457
-48552
-58696
-79701
24914
-76072
2831
-40509
-94929
54590
-542
6810
-78795
30430
60162
-27947
-13430
-66867
-71262
23379
62159
88931
-51486
68782
82625
-2975
-88245
-48729
-48246
-84340
50393
-91971
85031
56906
16931
64647
63327
-46522
-84319
-60496
57549
99094
79751
-13721
-97371
76164
83887
-59698
-36584
2541
19062
81245
22971
7842
-43956
82473
86785
62637
6098
65461
-1039
77207
89711
53225
84130
87146
-69436
90046
81578
-95399
-51266
-35971
-28696
86667
-82196
81337
-81685
64791
84238
3915
59027
-56473
83637
20483
34101
55514
17706
43902
-59974
-95949
55170
68418
13825
25601
39015
-31601
92015
78650
47575
-33523
-47115
-51684
-25597
-90170
33825
-75912
81524
27046
36452
-70743
-35750
57058
-4658
47318
-6544
-38146
-96809
-59470
25409
-42857
-33829
16053
6353
95930
-14700
-20293
15177
154
82281
-24961
78
-37008
-56907
-12449
-60039
90042
-30878
-82718
-99371
-56679
-13880
85244
-76239
-52288
-98117
-68395
39279
-19271
66189
-97587
74678
12798
87315
-32089
72749
-39770
-64296
-49970
64939
13042
23424
56398
-48710
-6448
-4539
91905
-95154
66656
86017
-76939
36553
86944
-64860
-32002
54119
-36441
-45148
47818
-84163
65043
36699
76874
63979
98807
40623
25939
-73519
-36106
61053
-19468
51986
-67197
-20154
-75243
83218
61870
80569
-81160
-88964
-71099
77669
-53757
-6979
-84496
13837
-88455
24440
29152
27544
13251
-44801
-93352
-27593
-66274
58068
63710
-31724
-29006
24911
-5085
36035
62346
-46055
22036
-10726
-84098
-17155
65603
17990
28989
-10323
-91569
-76661
-54280
76776
17882
7101
-67578
38500
-92958
-73884
-85096
-32778
-62042
-89317
64857
-85332
-40813
21929
-7769
19629
-64398
-48421
41389
-89399
-60450
-55604
-4835
-94256
41436
-56216
-54241
-70571
48644
-83555
345
-14338
-32457
22627
-81790
61382
78909
34764
97595
-1218
-37385
87910
-75615
-91862
-96329
4286
-12118
-6657
8309
30348
-1193
77259
91564
-43694
544
13030
-94855
70235
68127
16971
-47288
-39814
87152
31817
-9316
52695
37983
-45329
-60866
57376
11550
-68866
76575
-8655
-63170
-98663
10914
-86401
-68572
-78645
-950
-71724
96160
41868
72825
-83995
72723
27570
-11026
-23780
10144
38034
-3291
75433
5582
-30128
43525
83269
69470
17157
-73408
-81367
91411
34762
-86710
76484
-62186
62281
-33304
26866
77820
48749
-38043
-19911
17498
68405
-61448
22141
68514
19263
-88454
44253
-21826
-64731
27123
-48254
-95644
59002
-91170
68678
-73483
-52074
-40439
57922
41570
26119
32483
-55512
-90188
72149
82741
-9149
-93933
83501
-15126
91419
54510
-5838
63249
87571
53046
2998
3860
-71011
43607
82902
8444
-20546
-91096
95380
-99365
41297
56534
-59046
-19787
15345
65133
56781
39069
-81978
64948
-13093
-39418
-23220
-2884
55085
-57894
-41964
81112
27660
36520
57894
47027
-22577
95262
-31899
49475
-41862
85584
-66397
46452
82772
-13433
5061
-79501
93563
-35606
-79901
15959
95307
85153
-79216
23204
89744
-24715
84285
-99901
23168
8992
-2003
-19090
85827
50124
65685
9280
-64953
-95042
-22232
12687
-26283
37273
-7523
-4842
-12677
-46124
-56931
-86700
74217
-98360
-54850
39187
-69399
-98711
-72863
-80290
-6628
32126
-51278
-9950
-19569
-59819
-3831
-86130
42707
-43512
7990
31291
14685
14682
-37280
4003
17930
21067
52064
-88742
-26792
9834
-2899
-4676
-70837
13342
59488
95217
-13443
-95086
-86529
47702
-71404
-90037
45347
-1508
-77065
95773
-13160
-12316
16135
63884
84605
60323
-31785
-76391
80911
22406
-44191
11130
-7204
-6444
57559
90748
-28154
-93699
-39016
7806
-61135
21456
-94526
-81551
48360
63262
19834
44146
-67357
97197
16780
20779
39243
-81617
-72823
5490
38669
58327
44228
57582
30509
-88597
94563
-32566
-24873
-34231
17451
18030
-29013
23945
21025
61539
-67161
79089
14775
-28013
-79553
67833
57923
79060
-13516
25526
33131
59608
85470
-94083
-39342
93123
-16688
11801
24278
85044
-6441
-83544
-69624
-691
31986
53054
-46192
69695
-3423
69812
6554
-67589
-90632
-23057
-33251
47593
36206
86956
-92524
40701
83434
57212
84351
87445
33740
-86722
48832
29548
-44961
-58619
-80819
-24414
57966
-16446
4218
27901
10674
-40797
-89425
41996
-15867
-39683
39070
-58115
-9989
14432
35777
-92393
73805
-63902
-445
-62093
-43775
-15200
-38129
3144
83575
26402
-86197
46101
51722
27159
69584
58046
89674
-73366
-66125
85468
-50793
-9339
73530
-8898
19506
-80721
-55273
-2341
84645
-33384
19672
16501
-73795
30298
90157
85901
15544
-67215
78489
-5628
60574
36452
7495
-60777
-25377
-12261
-78512
95521
57399
24297
-51445
-98060
-10587
-33741
-48035
29683
73223
-7338
-4694
69564
-95319
-87876
-37695
18538
-17611
-76749
64201
92329
-77812
95760
-69787
-239
-38206
59601
-73153
37788
52417
-60964
68191
-86967
-26741
-18854
19616
-38860
-46208
37338
-83513
20179
5066
-16488
-81631
-87915
-9255
-57712
24829
6567
24354
92617
53210
-11842
83919
78678
-1312
-37576
-71022
-34909
-91180
-71341
30962
-99327
-93981
72737
52619
15929
-8180
35711
13927
-46942
-52282
-179
-64230
-97016
97761
7482
83794
-13320
34653
40033
94155
-13102
-89035
-924
79703
-66778
34854
-14981
45399
-218
-20918
21630
-79014
-22900
-16693
-50591
-87387
47452
-18492
56026
96936
-17564
-12154
33250
-32842
-16073
-44951
-73548
-52969
98795
-37753
29795
-50659
75601
322
-2269
25157
-29856
18025
-49404
-89559
-84880
11917
71129
-55410
88027
86119
66491
68571
-97922
-52879
22305
70280
-56995
-51445
98323
-48639
-8808
70806
80264
34992
-98433
48389
36653
-87214
-66879
83359
75054
25881
-55086
-31147
-81106
-62867
32219
70410
84510
-62659
-20374
11515
22195
-86614
-81556
-25261
-63219
-217
-5198
80452
18676
-81252
77857
-58843
-2359
79245
88831
-42770
3862
-42403
-7687
-25606
-35418
-40699
82661
39893
-86740
68557
-56827
-45759
-38214
16830
89006
55030
95884
99310
-73849
63167
-60769
-48701
58390
-15068
35124
-75793
37236
52423
23532
-12777
89928
-28047
-54152
-42062
-89769
14725
56306
58265
-6764
48635
-76344
89397
66163
78569
2986
1576
-71382
9090
62107
-89606
65190
67916
9665
86263
-54796
-75723
43834
43463
4204
-89621
-95952
58689
-36362
-44451
-33310
61746
-7370
-10771
-66342
-70631
-9304
84423
99287
38414
-24234
50285
-4764
-3464
-21003
-18985
17934
-23304
-19583
14180
-54184
39474
-43608
-74934
12402
-12692
12321
59816
-211
-89492
-76388
-99011
-5495
-50911
-35793
87979
62794
42243
95148
59624
-65197
21753
60495
-78017
69580
-56317
79235
-27854
75525
-24067
88278
48514
32509
-97548
-91620
-50496
-84110
-53838
-4932
-52559
83300
62922
25775
94411
-12985
23033
-40944
-43898
-89540
17088
-72828
84690
14640
-62285
-86758
66364
10868
29246
72942
-25646
-87176
43544
71446
77122
-6031
-30319
16657
45624
-48543
-23307
60722
-68569
47371
-35439
33310
-4688
24564
9004
-80034
-27743
15089
17831
-64230
71000
-2913
-33705
-72737
-30999
-58251
-20353
24824
67883
51662
64871
-46719
17212
-31279
-26773
-42879
-60643
51969
-46557
39815
47032
42757
-17004
-49034
96976
-21507
26811
-67560
41385
-72645
-84735
82580
-88198
-60285
-91070
-4329
-50691
17430
-71496
-8077
-66978
-31112
14542
-64277
-34728
45987
-91363
-87836
-13499
-3878
88135
43600
-46669
72901
-63631
46292
-3147
280
-39058
-31918
-4375
-300
-82245
-94863
-76309
74960
-77755
24905
35535
23303
-15931
-38626
36430
-40698
-28695
-54010
16788
82706
58285
-37876
51456
27883
-54230
-70835
-50220
-53078
75133
41567
-71599
15032
-3460
-17361
-89044
-12970
99087
20178
20892
-65501
-78023
-80760
16442
-84185
72038
-77313
-72926
25740
-32535
-85996
13554
-53492
99524
-93499
-69914
67872
-70562
-61772
95433
24869
-42175
-39125
-78052
-67820
74496
-32285
30150
46866
-84639
-78734
48751
-836
35493
33219
-76614
-63094
21484
87503
65149
55444
-74321
25615
21802
-62317
-46876
-72941
-13553
37370
-28138
-87023
827
45136
38976
14494
71828
-84367
30639
-38941
-87285
73601
16740
-71277
51471
28252
-1750
95544
20377
18694
15434
35243
-17876
8416
58699
23795
76581
44078
-86637
63656
-85976
-91763
-23689
-50923
98545
74427
6579
-5641
-38786
93639
-22970
-56750
-71292
48575
32274
-38677
27135
21920
30911
8335
-65807
65024
-38107
67352
-66762
-15661
-50462
35866
4180
-41332
-96642
-61303
63976
-65885
-77222
-36989
-1228
-29213
49513
-52602
44109
7618
67997
45590
85644
-4889
67571
-70083
28335
-41811
-68049
-94032
-62291
-91700
-96079
60347
-37748
2501
41790
-13337
67031
-58330
41734
-30751
80253
70499
12192
58925
26854
-80468
76446
-70139
21858
-95605
96033
51944
-72955
3870
28709
48
-75554
99802
70979
24956
-61030
29621
-61685
40261
18727
66389
-42487
-72384
-40710
-85403
35651
62968
44449
94999
10081
-50905
-82675
-63623
-70628
-74792
6527
-54727
-83797
65338
45219
78655
-59041
-60120
-63175
27538
-40056
-1026
-45914
61468
91971
39292
-31955
20753
4698
-77624
-53246
18562
47220
-42039
14669
38598
94494
38568
-80432
-66750
-3074
-93306
-31021
-70211
1466
-72905
-47929
41060
-39232
-92915
91058
-83969
45840
77381
55584
-23492
-3826
41163
77648
40588
86180
-82163
35071
-63959
46827
-91321
-49094
46650
-72956
64360
51328
61877
-73374
56251
-98542
-90555
-51211
-37959
-63569
98442
94013
6478
32706
8389
96027
-60715
76847
67120
-83400
-42437
-95192
-97019
-95586
-64587
90907
732
14801
-27035
89228
-44139
-7263
-95089
2579
-78443
-68373
17486
-47231
-74358
-62445
75572
-94968
-48387
-32149
-60100
-53424
-4588
-54833
18020
5702
41174
-30836
28827
-40703
-28959
40961
19751
-71833
-12604
49058
-51582
74785
-8825
97523
80014
16938
61990
25061
-11068
-69509
-15351
-21392
53107
56535
48329
60120
8297
-35188
-38549
-7518
-30771
816
-16537
37571
-80367
11929
-28959
58943
2993
4550
14622
-58807
-48686
-79286
28554
-45611
85986
97283
41796
-49939
-51829
65586
27718
10763
36399
-62982
94353
32806
-16588
36442
93897
28540
38268
-31880
8912
88456
-98504
38525
-8393
-14798
38473
-24876
-14986
-38
-87885
65926
-39699
25644
-68429
-57906
86768
-15947
-28644
67378
-33021
-36414
61844
-36671
89327
94763
52103
-95399
-51947
-19049
-42852
-69349
-90288
-3265
-76136
12794
52700
-9147
79302
-48006
-18093
-1207
43538
37174
16571
-81689
36364
-74674
94451
-21216
-42058
-56228
-41906
58676
95228
-60951
-54523
-12592
43068
40670
-66831
43622
19146
-31356
-69773
-82259
76561
-62830
26060
83074
-91560
-53876
57365
28308
18710
6416
97549
50888
-2541
7421
-53454
82077
-59459
38331
26855
-70300
4791
-26116
-19673
29245
85441
-96628
95334
2998
72870
-86010
-26413
-60111
-47678
-61502
94371
-51129
8451
79367
-86318
-53487
-64039
-84375
87868
-88503
-22999
-38125
-99213
-12414
-97286
91441
-19851
22873
25486
58096
58125
-96175
-82864
48862
68954
6955
76529
18478
-47646
-18118
36206
-88416
-20062
56880
76504
-25392
62072
18985
-71685
99135
-71323
97656
85198
-29630
8059
59090
-13192
-15951
73730
67900
-53889
57386
70362
-66791
92619
9592
81116
-55177
-57606
32864
31600
97981
-31154
97234
20945
99427
-75326
54322
-51255
87322
-19982
15436
78738
-55105
-89494
-73170
-82224
19068
41439
40524
-2528
13504
-54546
29405
96688
-48724
33035
49058
82289
95252
21860
14000
-36727
-1107
-74069
-33305
14098
7324
88707
42084
-78741
74666
-49762
-26601
-55878
-15623
-12093
34098
-43577
-43188
31797
56224
72237
49439
72362
42473
-58437
-46852
24150
-29461
-70925
-10139
-59666
-94435
30719
-12290
-12332
-32851
56346
-98487
-36673
50366
-8632
-45018
80162
83911
49811
95014
13232
-40533
23752
63697
-17791
-59403
-13917
-21642
4822
-90839
-70437
-2700
-41655
93172
63289
21689
-49766
86733
-79127
-13549
-39592
-59506
9732
13197
13823
-39233
88300
-33654
24645
57708
-58620
35259
81482
77903
59082
-96774
43555
-91781
-77123
54084
-26118
91569
-40870
-6042
28458
42226
-9956
-60624
66854
17051
40266
-69264
-44370
-72142
35505
-47771
-55245
45209
60832
-67068
86861
-42531
-65507
93424
84666
-28951
95205
32767
-45627
-35329
28744
-54098
2832
-53420
-97602
-9896
22685
-90808
17787
29672
-54476
-36250
69703
54902
-29431
-90054
29812
20734
-30531
22696
-87344
11634
-60280
67756
78929
-84776
43493
-96778
-71338
45271
53205
15055
42279
24395
50792
-3538
43564
-72761
-68070
-82371
31860
-54591
-60018
43063
53885
75852
51960
-32263
2301
-6692
-58936
25058
-92759
64527
56580
-13255
44257
2479
99304
-92964
-47431
99344
-52530
9337
-37109
9198
59381
9412
-84856
-29254
64167
10915
79967
-93622
66619
-72213
-49837
22614
20215
-39742
42398
86455
-70654
-83973
55033
35045
-86626
98594
-79696
-93073
-81038
56826
85661
87529
49520
63037
49279
-60873
69944
46970
-47476
1953
-19583
-50718
62458
77843
59572
78926
45640
37768
19271
-24940
68528
-99226
-9501
-73841
-47459
-69700
26774
10595
-4355
72388
31237
33611
-52784
50590
99696
78992
77524
-69275
76907
-50202
-74443
19939
16021
34722
-57693
-12353
99429
-44007
-28501
65426
39867
51057
-5781
-644
32514
36765
90603
-80267
-92033
-75395
-65509
-73742
-55896
-24668
-13730
-57082
-80511
-63476
-49997
-52010
64925
84363
-16286
57257
-7779
90037
-9240
92792
-84225
-99918
-31613
8096
-26465
-57750
-98788
-77099
-44688
67703
-16712
15284
-47008
-7928
-30337
-67659
-74240
-87039
31931
-6314
-90343
-71034
16188
7473
-41642
14500
4766
50589
76444
82646
78206
84610
-15029
72945
-80980
-27381
-75265
33006
76849
-42006
62459
-93755
-76282
-42712
19633
-86080
-57381
57815
-96858
-39332
75486
-52046
-90890
-90023
41159
-60376
-55523
36319
97863
17371
-65871
-12460
36657
-40199
-79279
72800
-60393
59318
-42667
-53923
23452
31680
-51614
-69951
33092
87426
39377
11238
-97289
-78626
-89238
-97297
64041
85285
-13345
-87223
8988
58579
-47568
92517
-39216
-23750
-80982
29568
96025
99282
-98846
26793
-15453
-57116
23053
-41801
-70860
-82358
-75941
-99554
47537
-97860
-48136
22570
31690
36619
-64625
-28808
96292
61141
23733
31496
-816
25914
-23428
-23370
39345
89917
-52321
-2532
94190
86939
-70905
31494
55534
62957
-24308
37874
2874
39520
54209
50505
-85000
-54757
96846
17777
-37289
38724
81014
76086
4414
-91812
-90195
-76975
69772
-13628
47522
-73847
-68616
87719
-14272
95717
49934
18792
98748
93984
-27205
49333
24074
-254
-21422
-70495
-67943
-23670
57232
68178
-61286
-88117
-40481
59359
84260
59798
96107
-29957
-97251
83013
59470
-39983
57257
-67090
-97598
-9554
-69780
93614
-42743
-80278
-38477
-88538
-4510
36335
-54419
54072
24377
22278
-50802
71714
-71236
-13207
-64442
-65316
-56440
25323
37594
-12113
-34835
33744
62735
81064
34873
-72753
-82842
36782
55078
74610
76153
57538
-85958
-59600
-2005
-24418
-50283
36600
-42566
99787
73513
80378
-3294
-17022
74594
19858
-12900
-91865
-65207
-67818
91084
55115
40862
97742
-3185
-77415
-65576
45412
-92283
-72458
58589
-32037
32547
44635
-22987
-37905
33816
-56273
92825
70003
56762
-50483
-58189
69973
84864
8786
17669
76484
-55096
-57357
5207
14856
41018
44120
-72136
56530
-90583
79437
-29794
42579
-58472
65502
-59371
43503
-82998
-64898
-91578
-4183
-15339
47222
-95864
-99403
-45257
72780
8443
-29975
-40345
87964
-81781
55693
-40552
-56195
43879
60561
-42626
-67269
-92352
33758
-16292
95040
32181
96159
90509
-78835
-65896
38432
3451
-72957
83234
69162
59721
53461
84410
-57777
33912
-45254
-468
-7823
84288
-73620
951
-38118
12909
-36157
26442
-9145
-97760
63164
15926
78644
47902
59715
37190
-91608
-58679
5904
14987
-4358
-4803
66347
-29289
23618
-76677
-61922
-81767
60166
20606
-56174
-94239
-28940
-98691
19791
68668
-32761
60217
-26892
-92184
35222
60946
-92103
-45686
35307
-37265
59574
84749
39802
-63662
-22309
52209
23177
95203
90965
93162
268
54661
82731
21142
-941
22612
-46908
-53044
89696
-50339
-87812
-14714
66018
6935
-36032
80687
-76087
-55207
-80885
28466
5504
-87838
-28447
76533
63092
-67685
17846
15219
-95794
11028
88122
-37289
-1404
-70209
18283
-44169
55277
-49623
31704
-50181
21207
-10761
-23775
-34918
-38396
-63466
88952
-21854
-43592
-97198
58772
-87450
-71938
33082
-3781
70589
26856
12624
-76653
42031
82706
-44165
32458
95431
-22022
-16225
-74954
26229
85525
-26007
88030
33414
-559
-28336
-76046
-63426
-29995
-89676
-75421
-19809
-94213
-69649
-45637
65983
78763
20438
-64983
-64468
59212
29371
-19124
48608
74536
81895
-24925
-25054
1739
-74350
-51519
-84587
-13401
88486
88359
-308
-99843
-38968
-39767
-23434
27468
-75271
-2597
-77020
-3254
-62552
1575
1547
-92378
-81350
99730
-35316
11794
-4018
52860
-49175
-37834
33732
-68439
81773
69122
42727
-89187
-35862
-55763
-76346
-99788
-36826
89777
-51339
70061
-61214
70371
82595
71217
20324
78874
55884
-79494
-82698
91744
46221
83879
95127
-24628
-22127
94562
-93985
52326
21377
-32289
57344
80405
17694
-38351
-39622
-71078
-86419
-59177
-42736
-1369
-92136
-91242
47358
53491
68380
13645
-50416
18562
-84874
4504
31367
-90521
83448
20211
81457
54782
60147
-74524
-56264
62815
15436
49642
-54290
-64990
72168
41799
-74493
-78036
-71596
8865
93311
-17747
-33665
-7154
35221
-63930
83660
-17607
14696
-69218
79510
12588
64910
99487
9666
61045
-35043
98426
-17373
39234
20895
10143
38205
-7569
-29012
-75633
56239
5387
24312
75976
26204
47255
-26598
-90975
-43874
9648
20962
-54511
-70124
-40967
91133
-6870
-54652
28373
-40197
58483
-47224
77033
-23838
-4287
31020
80908
19230
46898
29266
79745
-21072
-84360
-30397
95624
-61118
36095
2791
-78224
-23135
69282
-97147
-76417
-65021
42094
76921
91684
-35939
46638
67779
70944
-49251
67642
-87341
67714
13266
79117
38693
-8007
-13160
11726
78063
-86683
-19315
24954
-14078
-50454
75871
-35490
48740
-72251
40258
17001
16768
56977
27255
70723
-9810
70295
74057
55329
-56574
85667
-51016
-66300
-60414
72533
-40089
-8399
-99635
-52747
-76628
44117
-11039
-31118
3819
86543
-3920
-53876
12565
-70457
79728
8262
37653
-95224
84130
-32462
5535
-93804
-97996
-4298
64963
-72704
-99018
-35801
-83260
-93805
-48040
17417
-55294
-93904
88532
36060
-40108
-12931
-99395
-43380
-98830
48477
-78017
77818
-20680
-65998
24119
-49367
-78888
17730
27749
59724
-32044
43825
-71430
64336
95234
-60036
92390
76065
-77952
61589
68651
-11459
-4093
66122
90501
50252
-97565
62562
88773
-83853
-44116
90570
46998
67166
66057
85562
93940
19896
5157
-59930
-45584
-71381
-75849
38935
-35426
64098
44366
-50947
-17114
54483
-66345
73450
83766
87428
-48528
-84794
-91049
26209
-5482
-58790
-88276
-24617
-92491
33958
4727
-82426
-56976
67813
-35256
35415
17144
19329
55364
-28578
39395
25294
37392
49830
64444
-67848
-78864
-31018
23382
-60703
67748
9728
3730
28547
73377
12493
81763
95939
97212
87390
-80211
11430
-13147
-79478
-6437
-27540
-69285
-44429
-71554
75667
73067
28974
42101
-61830
-64259
-44064
-63776
-60880
-48034
-22918
1932
10221
31170
10231
-40382
-4753
-30340
-92649
38256
54025
-41320
-95042
-25839
56696
82174
-32638
26165
26432
-64511
-41487
-36284
6819
-42994
-25519
72669
-34079
-50026
81362
50836
63081
-61313
88184
30697
12240
36684
-95842
18603
-93308
-84611
-47078
28642
-99048
-69570
16625
-35513
-67552
-68859
-26918
92254
-14554
-38537
85311
-193
-63202
87492
-46051
37765
88530
-62811
32252
-7192
-49493
8826
-5418
-21074
-3784
-86242
-55223
-46364
-19098
72415
99073
-55101
36424
-77291
-23667
-95330
28364
97967
-61859
-92641
68140
56320
-71548
17297
98655
97578
-13875
-54629
-57352
-71346
32249
-14394
-46994
34586
53031
50529
11315
-65817
-18558
-93074
7571
-28558
-20683
-80935
-92131
-89587
32113
17638
60487
34128
-52047
-59918
-73454
42136
-91905
37078
-15632
-85154
48973
-82073
26702
65170
-49419
-56445
-40306
-93900
61413
-37022
9390
-75539
88523
-80414
-7908
-84711
-44006
58780
11462
-52623
17696
52172
69010
-69027
-31866
72482
-64149
-87657
43578
81539
55767
34368
94992
-44047
-85960
34483
-39428
-29725
81811
-12599
-11492
22125
-17801
22619
-14668
97641
-63465
60977
46140
-23190
38075
73013
-27519
-1341
-17771
18680
-34564
10184
73337
34765
43254
88857
-72949
25017
-16160
37697
-98019
-67023
-84035
40817
10960
45553
-9773
-96615
82974
13785
13335
-64179
-57678
22479
-54974
-56937
14082
-14500
64754
32885
89633
-34611
61012
-45066
74709
-43826
21937
95932
-18153
1565
-71687
29997
-14752
-61996
-59179
-94038
64712
60348
29350
-71231
-65884
-77768
-85015
-83468
26412
-14991
-2682
-74099
58568
11474
22809
93509
-99031
26858
65310
-97404
65027
-96154
-8642
17207
-45313
87039
44783
-55141
-12290
-77816
-80249
92986
-22294
-45787
41833
-57477
36304
-91175
67611
-91572
58038
86469
84021
74710
-95709
37660
-16116
-75767
41404
-11466
-70130
-76473
-8734
-46741
-87428
-93440
-7554
9817
-15350
98063
48730
46621
8638
-77708
80811
909
-44795
-88223
4808
77970
-99494
-80624
27561
-53735
4025
49499
73462
85772
-65787
61114
72004
-71651
-1651
-48495
-86539
4323
4926
68657
-8345
-32360
57952
75614
39382
72579
34128
3219
45142
36319
95029
-68107
61583
-96512
70296
-70468
22840
-60727
-19379
-95075
-65699
-29470
-26291
-44914
-44559
75072
-82596
53181
-41970
-88996
-86880
61471
39003
59199
74041
30625
-12148
42008
85851
70627
55828
99494
-9722
-32336
-27394
-90837
94939
15056
68439
99539
-73827
-96783
-13931
-93596
-66167
78757
96043
10818
-58948
8408
-95585
-58308
90399
3190
-94051
39537
-54925
57406
-12709
-17557
-92694
93295
-20965
-67755
90864
13235
-13039
55759
68197
-38790
63605
-25825
-35160
-92383
-53686
57158
20733
-24485
87905
-92816
-29979
-31114
-28733
-20466
-12813
21363
-36751
-25821
37974
32188
-21920
78476
-89953
-79091
20281
10008
-57665
16251
-4671
82371
93529
76143
-10466
4075
97608
29688
2181
32477
-72619
-44774
26150
-73042
2947
-41716
-17551
-12260
87424
-89036
87868
96319
-36313
-43328
-32435
-20523
64311
86645
25685
-73378
25763
-66552
-96803
-82543
-67221
36756
-56992
31246
-71784
45445
-90214
-50689
72598
22509
16517
-81247
-69920
-75599
-74940
-69411
-13401
-65078
6546
-19565
-82372
-24689
96770
78440
-58955
-12190
67244
-83459
94666
-33312
-61631
10564
95590
-99957
-33987
48083
-15101
-77388
-41545
17745
59605
73013
-81840
-76359
57675
13199
-68658
-89069
93899
-74352
2289
78971
-60308
11859
-86409
-49723
-26291
-47553
86365
-27121
24299
-18983
-52136
39501
-41664
-15550
-76665
-97881
81901
-70985
67201
-75183
85627
-77701
-46891
-13728
37961
37041
55774
21039
66726
-48730
-35639
-45157
-66904
77875
30234
84398
-87579
-39014
18566
-78420
17387
92362
40252
35239
35258
-78071
55936
76832
15511
-24297
-78111
-36434
-66626
89536
-45250
88510
86558
-54831
-261
-22517
9180
-9537
31829
-40392
-76240
-67095
29428
54578
-57684
92150
-16449
-40195
67461
21920
59195
40135
-1305
89869
65615
-10225
96175
-53823
-92409
740
-54524
-10238
31154
29502
76371
79706
-45942
-61946
30855
-966
-72178
-39028
-25870
70563
-20088
96649
-66835
-55053
-37688
77798
-35690
-32007
-27374
-45841
42100
9083
89300
-64949
3167
-11635
-11216
-13135
-90981
2485
12181
-56291
99423
-1065
-68116
-6834
-57072
65832
79839
80197
97335
59595
-83287
-86908
15680
-59670
27621
-88222
-1434
50024
-20528
-66048
-25565
-50285
-65391
12348
55108
28079
-36258
-20737
-82406
42658
58231
-1855
-22098
-13659
42356
4615
-15331
-35154
45664
43578
-32043
76786
64966
-80112
62267
-93473
59074
59652
82449
72305
51565
-35736
47954
-82607
-87607
-30766
-1800
65177
-49223
-63563
69081
-88589
-29104
-87442
55311
-53737
92459
-40196
-76816
-12531
-36688
-97810
523
81947
-53107
70166
41248
46243
28298
-24769
23448
-5877
60617
-45492
-45733
86967
45455
-2478
55306
72642
53703
-89603
12640
23523
74990
85204
-94280
-45416
11840
-25025
97070
-35309
-55074
60678
21654
34404
-62114
-53478
31121
82819
26708
-23107
25801
16017
20513
43980
-47304
-2163
43471
74851
-99067
-54858
-66898
38199
-59815
45608
85129
-37120
-68899
-74815
-63185
-29078
-60994
96031
-6126
79796
-66389
47515
59992
-62076
-65917
-25378
31659
26163
-56288
-33464
74361
27069
64602
-6811
17915
-63756
54374
328
4164
75390
-49384
26690
46531
-9796
78406
-78681
-99705
68836
-29249
26957
-84383
-475
88102
-74201
-6257
83721
-22893
19667
-45276
-782
64417
-95693
-57054
-2345
-27121
8026
63964
42536
-31688
-95115
45722
2362
60903
28528
-84740
75363
-82916
67504
2652
59063
77564
-89112
-86971
-72628
79964
-92805
8920
-58935
-34276
1063
92195
95081
-39933
33521
-7786
-32358
-85761
60100
48092
-95395
-22710
99188
-27534
80174
-96039
-20778
-97762
35893
-33218
20346
-63983
-32238
34812
-71083
30529
81930
50717
47213
74640
25506
-7164
23551
-94911
89762
8443
-71981
-17607
-61033
-51151
-38321
-36815
39166
85848
49348
54789
-17534
76671
-92072
-22762
81185
-45247
-93484
44061
13607
-85910
14571
92178
-41622
56197
-11160
63213
45251
-23503
-91820
-64435
21556
-65740
-54542
89614
98824
-32526
85142
-11531
80147
51706
92208
72023
43396
62149
15373
25766
-42328
-20735
17176
79959
-19606
-7713
-10478
-13630
72853
-13576
93819
-6047
95523
-79386
43390
15418
48848
32968
-84233
90683
59803
90047
17253
55716
-96947
-39630
-9004
65442
-53144
64436
59536
-25046
88776
-2035
-36323
49058
52286
-87196
-50356
-61637
28027
-5181
-96867
65214
-59820
-11662
-61729
37914
-51788
16090
96229
52988
94279
-40754
-10608
98601
72837
-33958
88434
49103
39592
-32519
-21455
90311
72163
-79222
-84260
-8668
-75909
-44684
-15133
44467
-62831
-80726
-64602
43613
-84685
-82239
71525
-88787
-12027
18324
-69938
-144
-87314
-24490
55073
-55838
20695
-13612
32329
41071
68283
-92589
23623
13703
-37533
-78687
90424
3019
96698
-63230
96664
66464
16985
72474
-78396
28646
-8215
-55496
-26941
21723
-35945
-86848
-46579
-45380
-30197
-9743
-69204
-44842
66421
12795
-12239
-71332
39778
-39528
-2009
67627
96874
-16863
13157
82341
-71325
62176
64860
-23807
-89746
18203
-99519
67215
-80342
53638
33029
-56686
-64731
-27176
23079
-78267
90445
-92112
-93301
-63632
84885
-85017
-47406
-97343
-93183
97412
-14770
77208
-88363
9075
82266
-5647
32814
19461
56715
-63595
96876
15408
-55150
82607
36339
90160
-15735
-11421
-28374
6639
20776
37037
-72273
-57666
-93644
-70917
74976
12034
31615
7360
16909
-60808
5673
91615
-18327
98138
72648
72902
79914
47669
-62015
-35834
-49317
63412
-18541
-85992
92671
-61511
-51580
75427
-84019
-78053
68831
-75304
-58157
7159
3425
-66029
28991
-97651
-99761
-66093
93737
5176
-970
-66908
1690
34374
93994
1488
41238
89102
-35917
91135
9591
-97881
-20733
38019
-4119
-98268
-97801
8294
-79016
-46052
96471
-33983
-64790
96611
60148
61004
21478
-67427
9078
-5743
-86254
-66077
-51525
-43956
-12006
50439
49261
-46560
-28037
-76206
-99927
8946
-32220
-46687
-27206
-12333
-61010
87759
-35676
-81728
-83810
67561
-52603
58047
43356
88290
-70048
33492
-27756
46755
38277
-14192
-8330
16436
-99701
-75246
-45721
59908
14407
47175
-7821
-45204
-91961
8748
-7289
-14970
-89238
-60114
10564
64474
89162
5503
92273
14593
-78749
88833
-20049
30670
35774
-10036
-99607
-87529
67375
26880
-3939
-39594
-20068
-86227
-91774
56939
-26330
69869
11257
-10574
-84138
-84033
-55466
38482
91709
-75817
-25345
88119
61982
63409
-30116
79086
25706
-50808
26190
-23340
-96185
60006
56116
-2602
95679
19753
78560
89034
-7891
-18694
-30030
-292
-27632
15656
-6844
-89027
48290
-36453
36525
-80116
20351
-68010
-76201
-17507
4995
19639
18555
-10963
20843
-23399
67141
35476
62366
-92011
68836
67103
-4238
15044
50143
1491
-46698
33075
-92742
-93077
-7040
48157
88469
36504
-41877
62942
62727
-62519
29457
5657
-38498
-80946
32221
-4613
24245
94965
-80656
-13343
85990
33581
-93642
53401
21384
34775
-34683
-15134
-22414
59543
93046
71579
43608
-21255
-6337
92050
-64990
-81313
16283
-86736
82439
-20816
-25001
-33489
-10315
-62446
77128
44142
62793
9958
-32515
55658
6544
-94063
57747
-59571
32966
68119
92296
-87248
8932
2786
79916
55992
65583
20096
-98679
-48426
-38301
-90316
64453
-38782
-11258
-38620
49910
-15331
37136
-89196
-20260
26004
80027
35807
-87254
-87380
-32813
-57114
18554
26974
-99073
-1797
14535
33525
-57008
13534
-61055
-73418
-6315
-63352
-64399
28568
18770
5270
22633
99825
-68299
55378
-2202
96853
34548
-34765
-87987
-56157
-73606
33150
-88235
98732
34903
-93590
-6657
-58979
-86075
-60094
94333
-49723
-27711
-62618
25810
-61956
35221
-22004
96883
-9571
92838
-44632
-77328
64771
37637
34131
-12163
60671
86511
99912
-14603
-52442
40639
53264
-21589
-50801
55392
-81195
-28908
745
64916
-36072
-29730
-8630
93384
61200
-48004
68949
80337
62561
-45083
86210
78982
3459
596
40417
88439
-71701
37295
-21532
-86215
6570
92007
96537
24432
-74528
-29518
36453
-79426
-18630
-90212
-81398
-47
18426
-22793
97345
62151
-91633
41060
-89348
-66090
-7683
66584
7010
53162
91534
34593
-21376
-28586
-31632
-2520
-72054
-7373
-35234
18684
81489
-56403
-53993
81287
11867
9973
-67299
-80090
71955
-6257
-35484
-11793
-46251
63218
17040
68930
-46846
-98980
44033
44225
-32619
-42134
-24020
-94092
-95150
-20998
87687
96886
51405
-13756
38657
-23642
-61259
40644
53221
11942
7334
-76939
-1984
12575
63485
-75441
-26945
22889
-13977
-77569
-91426
-5442
-53911
-95944
31065
20264
-19303
-42957
91029
-46518
61322
-59722
-95545
-33636
52254
20540
85424
91758
5565
-17903
18567
-43985
77500
82857
77879
13710
76772
49564
-61047
13199
77717
28925
51357
-73683
-76352
-5519
51396
74750
-83655
54300
-56671
-74368
-24381
-62664
81986
-28592
-74368
79011
87550
-20018
-51893
-70622
-95793
-5405
56355
15558
44730
-25431
28761
67971
-66102
82694
26511
333
-67541
-77428
-29412
-90817
16963
79483
-45196
85808
-26161
7030
-66919
-10337
51845
-90075
-1809
48361
27210
-88327
39456
-2832
-94431
-52361
20364
-22146
-41367
-25753
-68858
-69263
60993
-6971
12399
60939
77473
-51643
7971
55197
56351
32042
-49580
39561
73080
34374
63830
70324
48163
-66453
-6019
-80186
71800
85038
-64913
45143
-2704
93227
61396
-29951
-75670
-80429
-69419
24452
-79329
66635
-55704
66083
-43548
70746
-8713
69164
65056
18039
-50545
-85315
14358
-57279
-97468
4157
78539
29843
5696
55508
84473
-15839
-51524
-31714
56669
-61375
-79770
-21912
-25301
-67080
-36951
-94637
88091
74628
-40617
8494
-26069
-32759
12749
-3461
-22434
33637
87014
-62687
72616
-95397
-29184
-22351
-72831
-57074
72350
-73970
-76041
17640
-58882
-16419
91909
-73499
-72254
-71787
-40850
-66735
-75709
8558
25026
19804
-47927
-56997
-39645
19851
-20673
-1805
-73109
47551
-35079
63717
98953
-61168
27138
-36156
70566
1149
-73267
-14330
-42470
-83899
71716
-12070
23107
3010
87191
54186
85411
83947
-69739
66258
-1388
68415
-54446
-78892
58839
59236
-13828
79531
-89229
99288
83846
-42985
10905
-57571
-42970
-52981
-83927
85068
-13629
77043
-21881
22875
-67438
-91780
-12481
2542
-49074
-75878
-43985
-67489
-80490
31210
77794
63212
22011
87757
42419
-47318
-93288
52916
-46324
-61065
-65754
-61198
-95326
87806
98785
44720
-1869
9414
30574
-58906
982
52402
81014
95543
-10529
-32106
73632
-58096
46005
-93538
-15587
-60445
82844
86313
-10152
72167
-22725
83415
37874
-29569
90736
24884
75165
67304
-70024
25163
62448
-12228
26291
81253
-54307
-4346
-35339
87449
-23219
9343
8190
-23438
4599
95184
-92118
-41769
-722
-10502
-36269
55225
-23276
-81413
-12226
96177
29632
-82540
91869
-64418
-53908
1091
80723
-59586
13659
59600
-3358
-39167
-92046
53810
18365
-60381
71917
47933
66878
-48184
-63111
77920
-3476
-55560
95781
-45924
-51191
-32434
82558
6061
86758
3860
54135
-83221
-3426
-96574
21939
62298
49507
76942
-38578
-39925
-63153
-47092
-41520
-42752
-30337
-76685
-83043
-58140
59913
96210
-17008
-26718
84029
-5738
-37724
-84224
-3731
62699
19772
-82126
82892
32039
18251
-97155
-62468
78128
-235
15244
54461
75982
28946
73163
13081
-77747
-12650
-89082
-55871
-18940
57674
-44149
-82337
45027
13209
28603
60045
-81025
-81608
18687
-25172
-16075
-72212
17244
25984
98205
65538
-33945
-50801
-75917
-39947
-508
-52365
-37152
65947
13637
-38275
-14689
70575
9298
73873
81998
-40105
-97859
7125
28432
-44632
-55425
-36512
-69898
83377
-38183
-50452
86467
-7121
-44110
-75809
36698
26891
46285
69085
-60404
-89711
-88900
27319
-36755
-90548
-69087
-55121
-39655
30474
-3565
-33606
-33029
-85200
19980
7399
-64899
95868
-47147
44542
-89894
2888
-54698
97227
-55163
-63813
58901
-94252
-52082
78385
52699
50731
-86114
-94081
26130
39728
-27834
26000
-43589
93907
-40291
-64072
18440
32792
-41030
14512
-97337
-13368
-25760
-56173
71032
-98911
-99801
-68220
98456
7352
-88781
-53705
55538
-71109
-59814
97877
-2689
-95683
10482
-35199
-1331
26799
-26822
-53485
85096
-7634
42148
44047
-71866
-60753
-28029
53867
64930
-83440
-58166
-60275
42312
-40473
64877
69730
-51103
13797
15065
86980
-67745
-58824
-93794
91197
-88004
28263
83116
-82823
91396
-97208
-76545
-4075
30056
-28456
91562
58738
22622
-42764
45109
85392
-47349
57984
79195
97149
94938
-2380
29077
-65550
23614
-95826
-14301
27287
47611
-29797
67575
-2982
31440
-25336
-65907
6250
60666
-34749
-20114
-63256
20940
52948
-5086
-25170
-63771
-3276
86671
13811
-25989
78627
-9396
-83360
-406
51186
-19081
-71665
-74394
95369
-29928
-31041
77514
-73131
50793
30751
-60139
-36257
97185
-64010
-25328
-40518
-60962
56678
23838
-80392
-36669
-53089
18836
-90804
37315
24098
-82304
92839
-43069
24193
24717
-51068
-41565
-19389
11608
4199
51891
55815
39107
95087
-68058
35736
-8215
49397
-97481
30859
86661
51661
81243
-50295
82985
-24229
76754
25240
68204
-44807
47526
-90802
-66774
13106
-61188
54488
-88079
-76106
-17917
47516
-99885
-59926
-25032
-6663
-89249
-40284
-84858
93968
32631
-38550
-36847
80010
-69391
71235
-50748
-23232
-56548
62694
80545
37266
-17302
50541
46892
63475
63974
60583
32234
-12871
-20121
-12184
18932
-57686
-71075
19789
-99459
-94364
22178
54245
3638
69697
-22549
41000
-77599
-10493
23550
-51866
13462
22765
44272
-45094
5436
-7539
-76255
36465
-66743
-12537
69900
-47157
82065
50614
66223
-60781
87747
90347
-63872
-55905
-38548
80402
-7660
2639
-92476
-1543
76974
62339
76926
36509
24525
97179
95478
6741
-93037
79330
98682
22129
46348
-96072
38320
13430
37844
54066
59557
87811
77174
-46132
-37066
55081
30027
82699
16774
41819
-3351
48256
-92016
-91711
-37233
78602
64320
46056
-90522
32303
24579
79460
-45394
-56380
-68188
-2354
49092
82134
12144
-86130
-38471
67632
-43000
-26989
81858
39449
68657
-43971
-38518
8514
92402
47766
59921
2778
-24082
-13040
-12515
6910
-96952
53167
-59068
-5593
54140
-57847
-77410
23801
-10078
-88878
69600
28797
79278
-78037
46401
11487
22740
62080
58413
-94647
-4266
51308
-12950
35382
-77509
51320
63059
96399
-48596
-36117
72774
-37724
-24396
36436
36896
-57882
93201
-42786
-56341
-70475
85407
-82984
99687
46360
62863
80445
-23181
-79733
94415
-81384
-91203
-22747
-71123
80273
-15203
91672
3669
88716
-87919
73095
57008
44819
17028
37802
-99963
88090
-68031
1622
-36771
58236
18222
-91242
98672
-40315
-95303
-4464
-31853
-24794
-80438
-67263
60504
-35132
-58674
-22052
-4066
49562
-57820
18102
21941
-67997
77052
-56497
44928
-52199
63531
-54293
57985
-43231
-87648
2384
54706
5273
-27547
64433
30659
95624
-74660
-38980
-1499
12082
43583
-33255
9915
47185
25593
16534
-2811
-18703
60476
-85940
3262
22919
49300
-92920
-71015
32960
-29137
-74868
66392
-23107
-54555
96455
-75465
85286
-12999
10567
-74299
39594
48920
-15779
-66315
-10789
21591
-15621
96985
-78851
-15978
-52514
-11136
84557
83122
57697
-45088
47534
56364
77714
-76856
-73157
81243
89134
2459
-74900
52688
-32927
-18741
-8090
-5557
-93358
54978
59324
-70827
-56446
-52394
22782
-51779
53012
-19051
-40007
-26404
-43895
-27911
-57307
93513
-95663
-50201
87419
93488
-20086
40579
-3473
40767
9006
-33861
35349
35300
-80326
44660
-28553
81987
-81233
52720
-23225
80121
30704
-25277
12704
-92296
-22221
58090
80450
-11031
-29370
-19442
56507
96448
40417
-46853
-19313
-76322
-97442
-32835
-8746
36916
-40613
64004
-31088
-46434
-92388
15186
-31877
52678
-54633
-27901
-63575
52961
74445
17449
7350
-71417
-45137
-61100
68792
89980
-11910
6149
-66926
-60441
-60354
-39563
-64468
-72490
-54269
26221
-93552
-78148
59215
90343
-49561
-76215
89795
-40575
81887
-37693
-72927
-81019
-15686
82233
67443
33386
91759
73445
8569
-672
-46061
34406
-16738
63581
-91451
85597
-22283
-51716
6068
-88314
-36188
31769
32239
-39841
51858
46447
-67072
40121
-68743
-10305
-90208
-33187
63846
19246
62096
97736
89534
15530
30450
-94803
75777
20335
-89924
32924
-14885
841
-39733
-89537
441
27630
-96164
-25504
12164
92523
-80003
-86159
16662
-30628
2990
3873
-34191
59231
80319
19737
12400
8574
-26110
81521
24546
4269
43893
75142
-41769
-88635
87399
71585
-242
-8395
52833
89946
61494
76685
-46255
72876
-73529
-80057
-40465
-38354
-66649
65058
-40201
53220
28622
67157
-20853
29092
72744
25780
-17040
75442
53468
60504
-50215
38767
70570
-90333
28311
92794
-80955
71269
22322
5070
-69923
-69842
88497
53148
-81800
81958
-71614
-74722
30372
-99510
-70129
-56047
6427
99812
-87557
-34107
89527
57394
-90738
958
79139
10987
79670
32038
3513
73920
-51576
85979
-81248
-84446
-15034
-43398
37805
18999
63620
73995
76124
-31844
79201
34147
-49000
20228
-64760
54017
-54470
-92381
-85033
10681
20771
42661
-3601
-59883
-68210
-91643
-33386
-9428
-59284
53006
43472
788
15779
79169
-11886
-86149
-51979
36012
-11187
-54097
9983
9775
60730
-41696
-13662
-9438
-89292
9472
-65581
-41990
-55520
-19928
-36898
-20154
-19325
97700
-43986
61324
3159
16112
52983
-93576
10084
-16367
-50446
-33063
-30292
-45810
33572
-15803
-848
-50275
47101
9117
60099
-43001
88853
94457
1806
76722
19576
63162
-41345
-10009
42031
-37778
-23329
-68830
28821
-85469
-11255
-14355
-77416
20833
70272
-42812
-59496
53166
-17280
-41706
90946
-53830
-29643
-4203
-45346
47880
85187
-27097
-91492
10481
97982
35489
53798
75503
-47977
1008
-39166
-70585
-87330
68227
-63137
-55515
-83111
-44939
99716
-69713
14984
65543
-12740
-84392
17716
34969
35923
87587
-32919
94601
-58423
-4421
33014
-4207
-81286
35836
-39870
67125
-77784
59558
-43215
52750
42283
77137
88016
11889
96848
60999
49761
96479
-2108
29515
88144
10248
19693
-21215
-44468
-49151
-42182
-48186
48715
76233
-70150
-66491
96760
63244
-80758
25366
70477
-64756
4203
21544
-20642
71659
-28947
28892
-86684
29684
32622
71826
-80540
-82191
-91773
-29984
-85111
23481
69936
73195
-52173
-3253
-31100
-96951
10877
28834
59862
-39758
-44019
-82411
-27965
-85273
84988
-16626
90614
-80431
-88118
-86831
67907
63127
-49717
-74156
57328
15623
-63142
-35523
3742
55543
-15510
-2579
-91713
34129
-4373
48355
-97214
-95143
-89528
78796
10967
-36073
90636
-12196
-34813
-63159
26070
37059
47403
-13644
-76366
98547
-62200
-5481
94263
41507
51456
54967
-93610
45976
98201
29458
-8784
82078
5709
97385
14202
93937
99645
38813
-61375
27669
45625
92893
-95288
52007
78068
78600
-54139
-58917
9281
-788
-21973
66412
-20806
61020
-14982
51006
28726
17219
41953
76342
92095
-4482
86090
-48512
-21765
-57459
-22850
81125
33909
35707
-17496
-50933
-89197
-50393
7463
-47024
-74152
88519
92043
-93337
76879
69742
-22961
-63246
-47133
-78084
-35456
23443
9970
39352
81913
-30124
-24908
-24178
-31747
74406
72059
-56084
-29186
51855
10519
91468
-61004
55323
-56422
49637
76010
-45324
-48555
-1228
-56109
57169
-73490
49654
70473
77310
-84776
92793
62419
-52353
-25080
-61557
-30969
-91061
-16881
-66291
86810
-66320
-86128
-89102
-92121
-23568
-54883
56649
952
81842
-8917
3685
29173
19364
-80470
-10440
18988
-52236
62069
36860
-14310
95441
43112
50897
-7514
-63821
12762
24247
-51144
-2389
71925
43537
-95150
-44411
98175
83752
-64616
-22789
-15667
-99358
69798
-66467
-96874
-69311
-90145
-59645
-36385
69320
-75866
-31447
-64269
-96807
-34140
36936
-31368
80962
25189
31419
-7345
52574
-89852
-1403
-64582
58921
-93884
57805
51992
51749
85146
1735
-49361
-33135
40227
24502
41135
-41207
3440
-75222
-90557
-56655
-59947
40215
-8603
55467
-17635
-89395
4044
41942
21401
-43210
49999
63219
57816
65222
-80502
75479
-49971
-55187
16389
-16512
94904
-42703
78292
86057
-68234
-95072
-289
-84720
-84513
73507
-51324
-57626
54426
-99124
53623
77035
59403
-99678
-75769
-48560
69948
-70786
-59821
-63837
-76381
38076
896
32265
-88014
6349
-91571
13838
-89634
-66989
57315
-55277
-13934
-29635
3713
57100
-71722
27229
-4163
8422
60567
-61951
-93711
65767
10031
-97048
16629
-1594
-74719
-79522
-57520
-1287
-23745
78465
66130
-88066
20157
96157
54182
84964
-78286
88567
93585
26005
84437
-24954
82942
-56034
-71467
64097
-25383
91182
-5013
36554
60550
68416
-45597
1165
-32208
69676
-89096
-71985
65529
-54147
89372
94032
-18201
33946
33748
81496
-28106
-39
-37956
-83274
-390
68914
31831
-99246
-52986
64804
-85111
43877
29492
-13685
-56354
-77036
-90350
-99112
84540
-99190
-50354
-8258
26255
37547
70648
-52339
17105
-73735
-43646
-46727
50653
9376
26622
-72727
48070
13934
-8076
-26633
66431
72950
-11919
-59211
41707
-58799
41747
-94791
48917
-45843
-59792
80999
-95766
-44564
32677
-1697
89733
-81406
86317
56666
-61288
97095
42704
-70654
14018
-12430
38117
-30145
-75884
37741
95645
4325
23889
44183
-76216
-29478
-3016
-42895
-69639
-68485
-28670
-81062
-30439
62660
88556
87304
94688
52410
9460
56910
78137
19635
60307
4998
750
19129
-52079
-78613
8533
-14981
-8630
77196
-15206
87425
-15689
-71150
-77639
48019
16331
49456
36511
-22196
7221
-44435
9258
-67971
-16524
58939
83752
-53570
-43704
-94389
57741
-61480
-1764
-66556
-21561
51271
97906
-7815
28326
75495
-42793
-67860
-38502
-50177
-37634
-81889
-92147
-71381
-81154
-63051
-66301
-67760
-81641
57259
68602
-84007
-7189
85074
90693
71018
19410
39958
93930
53879
28819
-29233
1322
-68596
-5845
-86664
-53676
72194
-60164
27326
68050
54410
97614
44650
-67655
-94097
3887
-86679
-80151
28025
-89854
46351
19591
-53737
49220
-73641
-82841
-51170
-86357
4076
80917
-22319
-57213
5387
-91485
-56961
-32711
24688
-41118
60477
79659
-83441
-53105
8546
-75976
-72106
16842
62195
58607
-41125
93286
-13612
-88205
13492
53556
43120
-2196
-3541
-11825
-88843
35411
-72910
-63609
-41017
-79728
-3358
77169
-75422
-49603
94381
3869
39505
-50706
51460
-59445
10737
15818
53828
-11462
-5754
78320
-25362
71605
-52012
-6864
29309
-86370
82617
21358
-46783
75319
25511
-1017
-23515
54001
15528
48419
46145
-45199
82958
16684
16880
-84055
-72127
12830
32341
-81913
55469
75315
46758
39340
40179
68600
-39909
82769
15375
-39469
24673
58157
64601
59980
-40086
-83879
2087
-66063
-20931
13925
66043
-1925
-11174
-46010
-98523
-19221
74541
-12520
39273
11714
52132
63624
60618
18435
-17863
52916
28287
36922
34300
-90375
95982
42277
-56993
-2309
-18212
-38866
51327
-70401
-20993
-40416
-28862
69995
-6694
70350
-16597
-59315
31079
-58663
33007
-26591
-83889
-23943
-21445
-78465
91769
-31176
8105
8621
-22950
47821
-49732
59708
-2472
-73055
-30831
-75261
-57547
-47798
64324
20007
-92415
75026
57795
-79396
33316
84130