96235
-94462
-28527
-41798
-8609
49706
-72314
-83635
-62774
80145
11405
59953
-1695
89160
31259
52647
68408
75121
-71731
-32638
99504
29984
-47619
-86588
-62749
22380
15635
-67111
-11433
-25528
-23967
15843
39676
35122
-81218
-72310
-29823
77546
17983
-82893
-50668
-98353
-83399
72681
21809
-85933
-55338
73847
-29371
-89724
-44074
-42271
-58403
-57663
-85319
-94966
-67077
74082
85019
43619
59390
-69099
2027
-96006
-25633
93171
-23496
-55435
26475
-20733
6662
-3527
-94516
-34925
-70071
75902
-63397
-29376
-54371
-46042
21344
-62633
6999
-41762
71073
-5400
-89783
2498
64925
49552
-38301
-63750
-12642
-62930
-73781
78919
84047
79173
57191
44757
-64098
-75669
75736
-30173
51111
-43731
40124
85600
39842
37856
95334
16047
71876
-86565
79610
61644
-72463
-38431
-31229
-53886
-93007
88482
52350
21503
8437
-55003
77351
-78727
-40287
-94666
-48258
-70099
-31732
-40109
26885
-2834
64575
76699
68425
43804
-32131
-84885
-18474
-41338
-34527
-97861
-29709
-20055
-10479
-61471
-59001
84250
-51857
27303
-50527
77018
7135
28984
-47484
75912
-26370
64540
5592
-9663
-54136
47967
-49923
2957
90889
-13452
26240
-83953
1663
-3316
44942
-32049
-1818
-5500
60294
9236
-49610
-42927
-7621
87533
38865
54989
-35018
5418
23114
-55490
-33220
44364
94897
-81775
-36433
9272
13977
-16244
-5248
75593
33779
91577
-78308
-53054
-13923
-65877
-16739
16600
-55634
-95206
-39907
-60539
-47993
-41134
29874
-94803
-82561
-73267
-48673
-91956
66531
80841
97536
99760
4670
10116
48092
-38674
-89565
-87543
-63477
-65329
-32831
-45069
-23139
43348
21456
-92899
62031
80644
71484
35333
67248
623
93008
-29275
36683
20193
89501
86655
-44653
2499
-69539
93997
53993
-42083
89402
87919
-32702
-93261
-56638
-74310
-9469
32923
-76227
-2237
79670
95844
94159
39447
5243
55353
42620
-77113
31746
-88833
67659
-57296
64470
64697
4938
34330
78405
-69138
19252
83986
87773
-47464
31469
-96781
72783
-37190
11990
-98516
4759
99234
84053
-19689
26710
-71967
17263
-42352
63678
53384
35705
95298
12266
60632
24720
73953
-93729
-27982
14848
42418
20579
8754
67915
98126
4106
-85550
-91361
33078
-96155
-11002
13798
15922
-57702
79252
-75288
23865
-76241
94310
-71164
-34461
-79747
85802
-62553
12532
58262
-82460
-15158
-79982
-49897
-24664
-62654
-87633
-63722
-36699
22798
24293
8490
-29400
33671
34156
-5709
-85709
92875
-58747
74534
-46230
-61752
86427
-7888
-34877
56018
-65615
38255
-87343
-70338
82785
-70501
-18050
-32844
-46674
77211
-70319
-58547
-97156
-27121
-56213
8305
-40644
54237
-21496
-78517
89026
-15600
-48997
2134
29965
40415
58263
-51690
-45594
-29197
59564
-68836
-58883
33825
36655
20814
-32588
-39258
-95992
-73615
-34608
-19397
77530
-51770
91867
-71128
-25901
73959
-28836
77113
11324
23997
-76781
-19333
99828
91817
21941
-37943
23627
-31970
-96475
-13104
43844
-50344
69628
79059
-94792
16860
87427
61756
-24703
-81856
89668
-17474
18261
-58555
56147
-16404
83907
16584
-82407
-78421
61670
75434
-63221
-72852
-92443
11765
-44531
37972
14015
95081
99351
96226
98979
-80445
94359
-78733
3521
-5164
4119
-84934
-31051
66505
-90201
-6568
-24447
-34157
42742
60767
53207
-77290
56460
-50366
-82946
23744
-55631
-70409
60959
78317
36804
13379
7501
-312
79875
94420
-14236
33723
-56290
80676
81216
-35397
-91280
-16451
-45836
9245
-53530
-21537
71250
-52809
73767
-54105
-17799
87949
9406
-82796
7231
50616
-7298
-23612
33050
41685
-51734
41894
76536
67168
74420
90098
-85196
-32193
-50489
-31701
-39617
-83685
-47145
-84362
97813
-34755
-99780
-69377
6347
30468
-67241
6063
24121
-22205
-616
-49593
39068
-84941
-21377
-53282
-87067
-5181
32151
44460
75278
-8679
-16872
22085
-40252
-44892
-6441
96908
-25650
-57501
30109
-40227
62920
-68614
-68669
12455
-46677
96440
-13868
95703
-56126
45467
5382
-21371
81227
36675
-62522
86577
97503
-16072
-16796
-68101
-90418
72009
75043
32583
-54424
74540
39225
62070
-44719
-25974
59740
32967
4430
72033
-57030
-26371
-68943
61024
68560
76857
11129
-66104
-49217
34653
64378
-77279
47324
7844
1938
23101
80345
63634
-80728
88761
-40362
8461
10927
90650
-42169
6011
-7050
-69024
50004
26642
32477
98140
-62155
22963
13895
-53428
-70257
-36408
-41575
60931
89836
-52731
53350
-71775
61908
-24400
-21304
42216
37310
-11771
89042
-10345
-30015
83260
23294
99255
54888
44873
-10191
31428
50368
74307
18720
46955
80153
95096
37464
-46644
19337
57167
-62019
-43532
61009
-48864
-61022
85369
-14424
-13871
-90293
-88105
-55389
49458
-81481
-21925
38791
19948
43496
44813
-64012
-60092
95314
-40779
-1563
70410
44653
-62952
44482
-21356
-84493
-69050
-36291
-84493
-72501
31329
84563
34154
66592
-70217
18926
-32069
-38623
56830
6810
91369
-85326
-57715
46965
-70844
-49523
46592
11721
82888
-21983
-89546
-94740
-86787
84249
33758
56801
-18004
33792
44008
25059
92210
67492
41742
-69321
-7973
91392
-77061
-13680
-48617
-19908
79663
-9162
-79895
86780
73038
-67384
37254
7780
-44495
55603
38738
3368
-31335
-15931
-25839
96246
-12982
-27703
-37647
-18871
26102
-57340
-9349
-39381
-28869
-62625
-849
-43331
-97625
-97177
73671
-32041
92522
-64416
-55916
5165
55458
23087
14489
-76366
-88791
-6704
7358
-44636
93014
38104
-19340
64108
26404
-5885
67221
-62924
-26001
67953
481
39802
32625
-45372
-78546
-29890
-59429
90641
-10904
26066
-99362
-13460
-43239
29822
-60369
-69813
45581
60614
-86450
12141
-63450
-46353
-86028
-22619
5772
-36395
-83821
40451
-13819
79451
-71913
12321
1977
68237
66677
77413
46865
25910
-14803
24993
-39684
37634
-29087
-84422
55754
-19618
-476
62935
-67140
-58647
36980
58000
17737
-15197
-25505
45435
-46053
-63767
12625
90776
-29465
57957
-95030
84457
45140
-36517
86039
8861
62886
-20134
-91346
83139
31873
-10102
-52433
-28594
4722
-99593
-99897
-7450
-2322
-40039
72808
19528
58831
16053
61091
44965
12862
-89087
23674
93517
22837
60155
-36441
99882
-15414
82101
-60459
24207
91142
10627
-60370
36682
-69630
-21888
-72383
40135
-55666
-9604
83309
37478
13577
-55063
45028
-2667
-1679
45227
-63991
16371
-73680
36990
-85894
-40122
43976
22308
35340
-57618
8303
-81475
-9047
-36106
-49011
-49228
-84365
29555
83737
-11507
-92473
-34672
-6383
-65164
22249
-32551
44844
-22773
97639
-57517
-38023
-54028
19752
36275
50878
17092
-21927
-60878
98649
65505
-61027
-50698
34865
-67465
80133
-81957
-83558
22500
-67268
67856
28971
51230
44563
11922
-58401
-12947
-61329
68140
-88399
4158
58078
80897
-26346
40294
-83475
-66676
5913
-2993
71233
-18265
-11873
1001
-95131
62977
15931
-70211
52353
13570
14004
30880
-24759
45064
-61734
70464
-46956
54225
-90026
50997
1021
-366
-49305
89403
-95296
33138
77526
97917
50715
-51470
18815
-57404
-41619
79471
-13088
63503
-788
72394
59218
39169
-70961
-54467
90638
2042
6365
-24860
90182
60390
-54405
34311
-12295
-82247
-86020
80269
-28892
-74819
93067
-32657
8574
-55110
-42063
-37539
-25520
-48805
55566
-8289
56790
-36517
53722
5915
-54004
37987
-77726
-8788
-96243
73659
59501
-72966
-76329
5869
80646
66008
3937
-35992
-49768
38925
3976
73016
-76078
-90001
34537
27595
-97201
79027
-39886
-15983
47246
-55203
5479
-41579
33598
55325
-71098
-71836
82021
31014
11692
14975
28950
-33887
-33634
-10477
-88692
80221
17643
70674
75600
-38454
217
69915
-51834
19144
-88247
53364
-69793
53608
-40452
88111
-89720
33400
7997
-3197
25829
54633
-13795
76
79349
-42810
-14346
37845
-39312
-7275
52005
-57555
-31660
87356
-6571
-73217
289
-73170
-62624
11800
41891
93726
-87291
19361
-39515
-76566
-70608
39098
-19565
72815
-14444
-55404
-26671
50725
39313
-61350
78542
-44965
-87298
38064
6722
78965
94188
86679
18021
96753
-57647
70750
-79500
35475
78970
-27122
-82306
34260
47275
-5172
17964
-67137
-20497
-45855
-48742
91259
39485
-69613
53575
-7473
84276
-38063
-50511
-8916
-54069
-85448
-88024
-21226
-219
-75862
28837
1583
-95654
42348
10313
43899
-65359
47058
-55502
65376
52810
-43507
-95610
-77677
-66611
-85815
-14645
-14674
71530
-6228
-81692
-70869
48721
-24385
-77055
-3238
-11529
27704
-96347
18047
-26984
26810
-97671
53252
-3442
58825
80038
25098
72282
-97654
-50655
-32604
-71509
-49837
15231
-53480
23115
55168
13504
-94643
-2718
28749
39086
67897
-92017
98059
-30046
96976
-39975
24904
36535
-48824
14169
73669
67786
-1513
-30550
77481
-99400
-62715
-84490
97356
-56926
-51125
-74979
44410
16047
-83132
47168
-82548
-99330
90809
54178
18844
-92249
-10306
-75576
-36781
-39094
6562
98508
58347
44195
-48292
23357
-97110
-95907
31748
59932
-34945
91710
47789
11284
-56006
76440
-40520
-50076
-83413
-35378
-75084
-7340
83965
90253
-58887
-50973
49544
98072
84853
-47894
-93847
46890
36770
99645
-699
-30185
61087
38019
-64867
-86272
-41635
77084
-50386
-79068
73176
-33007
70845
69115
7694
-13646
-83564
-57745
12767
24658
-52295
18376
-6725
87126
-42199
9431
-6026
-1519
-12371
-36881
-42019
-58463
-12073
-17547
2847
36567
51315
80404
-61166
-18420
90314
-3973
55926
2823
-32006
25724
77275
22177
-76275
23470
48617
26667
-60449
-32690
23218
-52383
-53601
80818
-11152
1990
-90061
-80679
-67529
-96257
87556
-13263
36781
68532
-79193
-82270
-76928
-36417
-11725
-62726
92220
-2173
29070
19638
55856
68169
-32394
-75083
84891
28321
53092
-1087
8683
1168
-47617
52972
-38203
15551
18137
64174
79822
-62811
9985
50686
-56765
-49113
-2723
-67309
4496
15462
4165
-23429
14329
67974
-56357
-42921
41007
89852
-1006
77235
-63280
-31895
88117
-88278
-72442
44195
46757
45391
37427
-83093
85436
92191
-45230
-69721
26967
36567
-57223
-16190
87829
-13639
96809
51068
-93399
33730
43799
-76734
-81663
-51466
-53255
55839
-20294
83362
-41861
55393
-44296
-28875
-66778
-13140
43688
-50585
-13394
-21563
37816
68520
-46200
19732
-68840
60451
41304
95495
57937
-40769
78307
-28989
-42270
-4974
66248
-37866
30486
-78999
-6383
34296
-96561
-75775
79852
23261
-18769
96788
7986
97956
-75343
-63857
58613
-31891
36908
90556
-24284
-84195
-83164
-49257
11585
19040
-24562
-250
80636
-26130
-82875
-38804
49517
-15634
-20308
5432
54219
-40713
57119
-92832
70736
7375
8514
-96583
50390
93644
83957
56521
-34063
-87632
8304
58736
90121
16711
-86696
-66355
-40437
-23691
-85431
-18998
-32971
-50742
-16326
26098
66296
20025
-80904
51410
94542
53653
54412
-69942
61767
78970
-11106
94333
68603
-83407
-30443
80131
26597
-49351
63625
-89205
-49742
-27040
51146
41597
17387
60045
6843
-23106
-16502
-17534
-72426
42106
-67285
65947
48685
-87555
-38011
91062
75557
92195
-96735
95333
33627
94293
47373
-42950
54357
12798
-33205
-46991
71255
-14801
-63504
43307
-20760
-31965
64529
-42730
-22731
40601
-86157
71431
-34514
-51519
93665
-77474
76510
751
-7133
-23932
-60482
-95649
-94156
-3204
48662
-93570
41431
-15655
-22912
9465
63595
99481
-5525
15115
3526
-19059
-50831
64273
18047
-44975
25416
49040
79327
15686
58510
-42733
-20561
12435
-75470
-82874
85450
85792
-61064
49760
-76851
-3204
-10511
80634
79057
43943
-58730
50809
-58268
91956
-2152
-57166
-81303
-15806
-47302
-96844
82560
-38819
-15409
-5370
-35424
-25151
61560
38458
-47247
9328
-74975
-85122
-41148
-606
6824
-70070
-64433
-89273
-19099
-37669
13017
-86167
-35407
-62664
-43273
-42165
-64335
-71165
7337
-97634
-12851
98263
-7796
40373
77519
66498
20363
32187
47519
32035
-8202
97495
-72850
-37107
77355
-43059
62409
-3644
-96177
-32237
65009
29736
-36
90816
-6703
-89373
66533
-1329
-86833
49813
46939
-99633
-41207
64321
34096
45215
35398
57519
14685
-91887
14724
-57434
-40744
-63612
-4303
33329
-2869
-29146
26140
41084
-72654
15591
-39552
58558
35860
60302
20444
70005
-54721
67071
-30371
-74022
64878
63067
43819
-33562
22444
-27710
90177
73812
33092
-76372
-31921
-61762
7109
-4156
15204
-27109
-30310
-69260
-53330
-57535
52203
-39574
-60418
-30903
87184
64370
-62476
87823
-66149
72936
72494
70728
20959
10112
-16311
90624
94284
10260
-97796
-76859
18420
53114
52057
-71838
-48293
-23373
43413
-61077
35393
28531
-11582
85916
46473
-72865
23852
8839
-17276
-55086
10179
-59770
-73824
44031
77570
93101
-4819
67560
23380
35782
-41152
-65940
19998
46765
6746
2190
89360
56956
-19089
36858
-47993
-75880
-79614
-71396
-241
48592
-26549
28772
-65142
-93801
69574
-34312
-97664
51354
-8174
-12307
12722
31711
-98757
65220
-16781
29847
45031
47113
-59478
-33396
41663
-37528
-55599
60128
-8479
-63182
-3044
89130
-6815
-64408
-29427
40754
-91069
67007
23382
58813
-4284
-94437
-48451
-89322
-47856
-62423
92091
-85007
-50556
-1195
31598
-89250
-26049
33232
7655
41108
-826
-69663
84016
-817
56508
73666
-94906
12126
-7405
-35859
-36751
-82931
29527
1695
70501
-2399
834
-50679
-5118
-72327
-31076
-41508
94057
-79467
56064
68244
-43748
90316
-38118
94131
-54205
51302
-48475
-6105
70926
9815
-10058
53816
72096
-75187
17003
-47009
-56065
-44622
-4624
-65514
60375
448
16827
40011
-60295
-84610
-8110
-52367
-98107
-45104
-94744
-89625
-2736
92790
15728
-80869
57399
67087
-65749
26445
-17626
-6028
15712
-42675
54072
7776
-64878
-21048
-55269
-53391
79629
-49925
41076
-11986
20397
-51808
36745
-62155
-14212
-79272
-79107
-83090
-93265
-85706
-61257
77363
-15409
63710
-42209
56398
39292
-92237
14855
-79526
-61372
-30761
86586
58014
61168
-20778
56686
98401
-36176
56861
74974
-42831
-49024
-79608
55244
-26112
-33784
17083
-4337
-23061
-40419
-83844
-8448
-11105
77069
-13742
-96446
66856
-87076
73466
41846
65928
78415
-16306
61847
-41451
-93656
15143
-31906
-14577
78085
-15219
64958
-56943
60277
64651
64363
-59250
-34370
52930
91908
31055
63144
-82703
54830
18276
41142
75191
-39442
-49963
25108
-27273
-32177
-26660
-80663
87628
-64221
98884
32843
-2923
11145
37489
91807
-93527
21975
-83874
-55826
13268
-25960
83600
-23844
-25503
-50196
16431
-48109
-54345
84238
86325
36989
75936
45438
-68515
95122
-46601
-60412
97832
15444
-50508
-76094
53536
85770
-84171
-87746
-42223
-40541
-48055
64233
-82302
10213
76200
-8745
28079
-45609
64479
-99589
-80914
46416
-8933
90535
-13698
35968
9307
4325
93388
93330
-36234
-12989
-12390
-74483
19435
31275
80182
72897
-32717
-13984
-19617
79531
-39573
82278
53579
-24195
-75135
-74497
-29157
61834
17613
96212
-91542
65567
61388
-81686
-23294
25333
-29206
-43449
-17844
-16456
20476
83870
-9808
-36243
83831
-6256
49858
-70361
63764
83570
-16677
68513
68295
-64862
96959
44854
25825
-52304
-95423
-40182
-75171
62154
86994
45764
71970
19357
72123
-24309
93997
68970
68834
6259
-78761
-65075
-6836
-15233
37672
-62190
-81339
91119
-89340
91082
-81934
-56137
-36772
42931
-3541
-20829
-76206
4585
30042
32992
76926
-43724
91271
11493
-6555
82818
-64822
-87890
-53028
-19033
-83864
33827
6969
-9793
-5258
-42624
71839
48456
22268
43011
55927
46136
-96834
62763
-47308
40423
-32245
-84550
-99201
36170
90252
81664
-79202
-87474
17011
-70222
91459
-61964
49372
-83445
95971
-38709
-90640
-28191
69876
41567
-24012
-46305
-14027
-12822
-79594
-45960
-48154
-77544
76421
33508
-14250
44389
-87040
-924
88044
-12422
86505
67329
88800
-21761
70468
14492
4631
-23543
-25722
-25525
-65358
-5291
76872
-73042
54133
-19904
49218
-29966
84189
19417
28257
-66935
18182
-92103
31136
-20457
54723
40428
-86641
98952
17952
87415
-42521
-8650
-64127
-62181
60388
27950
88010
-23016
22194
-62357
22524
-9601
42825
-53331
-30666
42338
-66005
64564
74068
-76603
29425
-75229
98466
-64517
-19054
47033
85168
49852
-32486
65484
51380
34004
-97037
-91804
-34281
-65525
-63281
23544
2008
-62725
-77918
78892
-65311
53005
16377
60342
71936
-28566
-88211
35114
-13930
-71105
-7745
6386
-8286
-89681
92417
-64063
42976
43443
55618
34938
-94958
34536
-49926
68408
-64847
13001
-6904
-80871
34315
-76295
19326
30144
28380
22704
41767
44987
-37249
-83445
-65773
-86644
18708
-71557
-54973
26884
88070
-84620
26215
-86632
-1928
-83086
94767
-95179
-12793
-36514
96277
42945
74001
-30123
-63067
-78043
55026
-14317
19955
-33240
-67237
-85954
-99325
-91405
-7872
38141
15466
-56568
-93121
68314
-25995
41461
-29666
39340
74009
-86992
-75862
75537
-17166
-6341
-66377
38435
58111
-55244
-84709
-94794
99141
-54163
89687
15448
21731
-20547
-95669
94058
85993
60095
49233
-88256
-54338
35157
-98526
58843
19097
-46739
54508
-50944
21939
-47585
66566
28670
-86397
53894
-7621
-81842
-74959
54754
-13414
6808
-65544
39163
-71649
-44107
68307
-75496
56664
-26436
-47517
-41706
25254
-22977
-52190
50760
-40562
-3294
71566
32780
-78475
26372
29438
-58177
-23479
79604
-42260
61969
22861
-63950
-66842
17650
98690
-36825
-9978
-80846
-64485
45106
-43498
26449
75567
-59619
82070
-92559
-10857
-83965
-833
2172
-62709
-82508
44219
-92513
-73301
78222
5810
44116
59839
31318
68825
28364
-82405
-98240
15263
-98607
-45887
-82635
-83109
11302
89878
-72776
51948
-82320
-41374
68596
-92703
85860
-47820
-64209
-48681
38841
53726
2795
-61385
-22318
46601
-19075
-74945
-3805
-4818
10752
87533
-15707
48738
34049
21974
-85523
71301
73301
89306
86393
-23782
70471
-68471
-26092
1480
54330
24887
-86498
52234
52358
-94203
20180
-30544
52458
28091
-171
-31412
-83368
1735
46784
54762
81783
28313
52028
-50097
-86556
-75819
46962
-29660
38128
-60540
42730
23301
-59635
-26633
25236
64108
77366
-78229
94616
-11074
17269
-18300
-3262
-16709
-81112
26921
-41808
-55780
95042
-1179
-9674
-51924
-61143
80370
7261
-42403
4248
18075
-71161
-96068
-79933
76275
42622
56807
-24345
70280
-72618
27055
30245
32340
92518
-48131
-62101
50489
23718
81291
45742
-18270
39024
65717
70288
81537
-53683
-84060
41064
50279
-9957
-40226
-64816
-40862
-43006
-24780
-53767
61293
52075
-31157
-25256
-29975
38571
-61535
94378
-62819
82113
-26620
-32015
64163
-81436
46751
-81100
52224
-15260
47957
-55954
23108
-3497
-70965
-387
90646
98664
-45888
-6972
-79476
4153
81849
90740
96575
88484
-31869
-47751
-5041
-76153
-85721
93275
-50731
-19360
-82322
25342
-80798
-56565
-11332
-51487
-82637
56305
36772
-23482
-37933
71131
98140
-7417
958
30498
95011
63711
-47826
44302
94985
-76855
30016
7329
97056
95950
-94899
90199
-63110
-91489
91949
-93454
-27848
-80508
-83765
61965
54623
-85389
-76630
-57622
15124
-17682
-20900
-33073
63690
3330
-28860
61690
-22439
-27366
97799
-66704
-93837
-33374
-79641
-41349
47927
76664
92311
16556
-9715
-55670
-23463
-6422
14073
-92622
53481
48253
66539
-69181
-82351
80419
-95191
88992
-42820
-62221
-78649
65763
-13890
-35662
-46321
-7752
32360
21475
75240
-95097
42077
-90755
5225
-45242
6427
51927
-86738
-86299
96003
-43859
28398
-19362
-35361
37271
-78189
-86676
-14393
-57946
15417
9281
-96139
48282
-97786
-94426
-4290
49071
-56887
-22296
26559
-83879
-98496
87518
-23300
-75996
53203
-11806
-12480
70093
-75476
-82351
4566
-61663
36450
-6366
-56808
58047
58126
90023
-49099
16249
-72793
-93648
-10437
-26586
-54578
-98271
-18030
50707
14222
96139
23110
-47395
-31424
80876
-81305
-70342
77068
-99787
15923
-16420
-73886
23327
-33905
99900
7454
-11136
-78378
-40207
-21790
86360
-34136
78470
-71971
68879
-81025
25952
-51558
78229
-17132
2381
-34037
-84631
-41590
33671
-68414
-12844
-31697
65621
-29873
2763
92941
30753
68779
84384
-69458
7146
-60398
91941
-35273
67421
-53001
-91882
-73294
-88251
-28015
-23658
20143
37166
-28521
-95953
-57802
43020
-26338
11541
-65318
-39576
-49857
22004
-92098
-51949
24697
-17105
1476
95
-15134
-99011
4539
-10396
-21765
13604
-56010
77788
91859
-9010
60254
-5540
32083
-54695
99413
-63340
1898
-3667
26280
-5200
-93693
84887
-22172
94989
50757
64089
31018
-49979
90578
46394
75140
-96225
4609
-88980
-927
30962
71223
98745
-29733
16618
-40061
-70475
-34885
-66336
14201
-87568
-89333
55784
64747
8882
-45515
-4061
-19816
-86567
23212
31318
-18178
72554
-86953
40656
38319
-48983
-52539
-40040
-38051
234
573
-87509
25001
21101
-64394
-60779
-72412
84891
86821
-66567
-41796
-40141
-25777
-7681
64779
-59372
-50467
-5183
59227
3856
85981
-42203
14275
58699
59675
69876
-78331
-21030
-8760
-28519
181
94493
-6056
-56489
20232
70139
66880
-51292
49071
84379
69400
11658
68546
81793
-29802
33321
-49781
-20239
-55877
-53279
66613
34016
44907
73211
55069
38869
45042
-46693
-22729
88404
49878
47314
42698
-42179
-52388
-42375
55563
29055
7811
77856
83915
73403
14760
-41648
-56418
-59085
-92003
85713
-95739
-3333
73142
-75619
-42891
70419
33989
60451
-11140
-87679
-19433
66336
-64589
76732
-35187
44983
-61886
-47790
20542
-79264
-92332
-47785
5138
43762
55730
-5819
45960
-42668
-14146
52520
65897
-25268
-61753
-70712
-6
16994
-28191
-72887
79411
-90672
61306
-77465
86965
73860
87851
52209
6637
-84671
88249
-38524
-34074
-97378
76898
13297
-10011
-46651
-3466
-25156
89301
52345
35305
-37782
46
48453
-94533
-34105
19974
55902
87835
-20905
-64273
47195
1370
13319
-13131
35353
-50106
5441
-14875
59571
-16817
-49461
-86172
-33390
-3896
8201
-93903
-75026
-77431
74048
-37925
-43775
87012
-59169
-3568
-65954
33646
87941
59656
-62285
89569
19415
91871
-73937
56524
32748
-37966
66515
37579
-42710
-30288
-5701
-35329
25525
76615
-60595
-33960
-50957
-12541
-7778
-17502
28680
84839
38452
-6419
38921
38432
-67018
-17168
-91286
36699
-84241
-82703
61718
-47262
55893
-27050
61947
5910
-86776
-47409
50183
-71486
64098
-8256
69578
-42178
-63534
-82138
-2104
9340
85746
-36251
-31141
18986
-88856
36613
-41440
-75287
96237
76408
54861
15151
-64276
61449
-12836
-16793
11952
13764
16558
92759
67473
-34331
12616
66299
34854
-94893
15744
-78399
-44412
23068
-64357
51524
-1533
-34867
11344
-61433
-42831
-52170
63318
48222
-35953
62710
-92179
44400
85825
-56760
-63062
-36218
57765
-79300
78731
72288
33468
66917
-38811
-23866
31905
-17832
16436
74865
31554
11457
-21266
-51743
33566
-11889
-37069
85761
67364
8636
-56610
-61840
-65164
81500
-79821
32069
-81317
56964
65564
75643
18688
-43594
-39143
-89494
-82811
35883
84946
93835
91201
82092
87790
91597
-86336
96030
98451
86888
66431
-36990
432
7869
53544
-81554
93732
-13700
-7532
-72579
36510
71268
28507
52503
-7706
-44036
-35858
11434
-37563
78843
33832
13901
-52673
-28960
-68554
41226
66254
-53774
12877
20335
24615
77897
89127
-73651
-70771
75666
91801
-35881
-32710
-81392
-46483
-68095
-86396
-88870
-68977
-51988
46506
-59213
-31098
-40450
6432
-48448
-60559
21330
-30964
-95876
-73052
97595
-52358
-97804
36490
-26012
-52527
-39501
21285
-49488
-33076
9479
-80726
-22322
-70214
1920
90319
78892
-14043
-90094
-2079
-26519
4014
27697
36766
-34515
-64567
41972
-47929
-68101
1900
-35908
54237
-74355
36843
-25971
46859
-17770
-37669
-69234
-13590
53912
-6721
-594
83018
97504
-96716
50218
-22543
-76508
73753
67339
-62509
-13982
-54213
-87580
-12100
40794
-82087
-36999
-77484
-82733
-66884
-50014
-23087
-12280
-54748
39811
21976
-16678
-23489
-70906
18682
6405
-66121
-72422
37540
75935
-2729
95871
-29637
62785
4045
-97967
-32470
33651
-63486
56774
-93889
-17197
-49284
79996
46065
-74866
-29406
-15798
-40483
-56232
72456
-34764
-93502
-29271
-42852
77400
80263
36904
62504
10048
11781
71046
47703
81550
-41258
-81539
-73942
-44766
40985
42937
-20851
95382
-15769
22935
-55388
31779
70538
77710
50425
11978
-59398
-88354
-80277
-60178
-10363
-39136
-68218
28596
-30987
14708
-68788
-95372
57058
25791
45395
-3548
85423
-91233
-8422
-57648
46610
-5284
-9517
66504
81735
-76071
-25659
-33215
-40284
-26425
48726
-15781
56536
-62707
-64305
99028
-23210
94038
29583
-19847
7081
16996
33954
49578
-72541
71348
94703
3015
-89681
-84717
32882
94646
-12119
89348
-89046
47181
-31128
82391
-34809
-6103
86947
3973
-5858
-85775
-78011
-83850
-69210
-23542
22901
-82035
-63682
95751
-57542
-39471
76736
69002
10163
-28052
-4635
90181
-92228
87223
-34236
16940
-78592
-72681
92418
-81978
-70564
-30807
89054
25268
-57061
98026
50008
1702
-22801
92672
-87919
-68052
-79358
-53364
72259
60618
-82003
55332
94762
41894
-4374
73812
28101
-61271
-29529
60337
33913
-74261
-64384
-97849
-56350
-80666
11396
54344
32301
28504
17195
68973
-74104
17540
-30741
64400
-62941
71845
-88064
-42169
-21607
-7198
-54426
81038
-66013
-10972
-39436
12723
-13177
-20772
-67252
-46853
-69220
-40055
-76377
59091
68063
-69475
46292
46587
-24952
22303
57762
53390
30898
58452
-80870
42099
-7367
-29142
78536
46050
6038
-95509
35245
-19520
96225
18079
36743
41196
4497
98938
-84907
54525
-9837
49200
-3034
98062
38020
-41372
49817
-13937
-75135
-39169
-33723
38495
-96969
-45395
-47152
1142
-66554
-21154
-74340
74326
79160
97917
71859
23905
54863
-89435
17152
49040
-28079
-23618
28085
-18696
62745
39342
16169
-86707
88997
-11786
-79642
-27230
-63191
-49344
-57671
37423
96682
61171
-23057
12059
9183
90832
55006
5185
7089
-36357
-23815
6852
24027
-88088
-44307
24925
75826
56776
71092
-61276
-15606
-28674
26580
94852
-68713
-37298
21799
-33368
77786
-11798
5660
-63217
-17753
-42566
-98667
-50320
82006
50103
-83792
314
-30147
67246
-39803
14373
11096
-85444
-511
-40076
-67648
24577
29966
1577
13791
35093
96085
-37742
-75516
-71241
41788
-47045
-17788
19796
23958
8548
-91970
19718
52362
53252
50848
-43830
-16907
27315
56221
-7422
-19604
63623
-55010
-36408
73205
29189
38770
-40556
76117
-21748
-74104
54289
34681
-66660
78526
-69325
15996
-48968
83017
-41678
1064
-72521
81419
24437
-20894
-1144
-2137
52224
-25939
50725
-23050
-93005
-45210
-98122
93664
80496
51688
-70312
9487
15329
-81483
-38508
-16558
-6775
85318
-51276
81675
-5619
64968
-43924
42219
29586
-71021
94680
-64283
-51030
-60499
-68569
20025
17151
-84387
81728
-92705
34119
-87576
-62891
-7543
27398
68305
-31843
-51634
83904
82832
-57102
-56159
-74156
77631
-98023
-76620
-34435
-1448
92372
99964
-69440
3999
-22014
-14508
-69940
-83051
50566
90981
-60765
-69613
94107
-77591
48682
99022
23639
27426
-51796
72284
-53269
7101
-20649
6800
-70787
-73849
14152
15573
74271
92088
99245
66328
-8348
-34671
86636
47042
-22874
-15057
-73713
67646
92412
30180
-5343
22810
-83862
23336
44234
-12715
-98034
18350
77163
-90450
-52740
-74597
5705
-83594
80950
-88818
-83745
-83815
94120
-85495
-3402
10030
31845
-12887
-71524
-1116
-9733
26433
43680
-37100
-53291
93091
-51323
86837
-11611
-22751
77472
22634
57808
-58020
-54713
80175
6325
-25713
58738
32050
3823
70691
29099
18025
-39687
70178
-23168
46496
44567
57119
30869
-91972
-63127
68133
37637
-80157
-88193
-22934
-97253
89198
-19239
97953
-37859
-4399
90875
-61863
20053
-4015
89190
5628
-6097
-98136
69056
-51833
17458
-7704
79998
75229
-55462
31815
-65253
21526
76520
-30415
71983
-28611
61285
-61767
79615
36528
40565
48157
-97537
72262
-69485
49787
-13579
-42435
-73028
-23480
3827
-86321
72437
15035
45801
45531
-89287
-81580
-66001
89503
-28557
53025
71051
89267
24152
-1757
79238
-395
916
-96389
29184
80314
57711
-18419
53009
26603
52917
54900
-13002
-77305
-22921
71378
44028
-28553
90976
96538
20044
-47483
-47765
-40122
-23873
70384
-34669
46985
-93769
-78731
-39082
94847
30553
79131
86348
59090
64346
12991
46807
609
48409
-6487
-87606
-52137
22951
57812
24743
31447
55128
84995
-87913
14787
10909
81564
30654
20962
-5128
65350
-14691
-52834
64546
42935
45866
-95337
-90977
91316
-27786
-14185
-81336
46076
-97620
30560
-19999
78604
-24178
-75674
37865
-44648
-32615
22418
70469
96258
-3512
11770
88713
-85304
79210
92851
27987
-20509
-94627
89434
42289
12369
29400
87614
-2352
-16402
-72624
15275
-95008
-80342
69416
42267
-79846
58956
-27081
27880
-57794
-98759
-39506
21057
10338
92396
44364
38258
-11142
62482
-75812
-14682
33640
-32986
-29763
92444
-57891
69801
-34913
16370
64821
10899
84893
-95032
67185
13021
88612
32565
82009
-9532
-78434
-52315
15414
93066
67541
42657
-87956
-78052
97447
-18341
69262
-74171
84131
-9731
-87013
33156
-15144
-43154
99848
-94046
-48218
9031
-19377
-71007
88641
-79043
60531
31297
93019
77829
-46374
-78778
-23811
-7043
-20138
-34193
-96880
-87542
96713
-70178
10618
23155
-5578
60345
25037
93217
92437
-32645
89758
-61541
-51700
89081
-69274
-25188
39762
-84585
-11132
90469
-77590
63685
89884
-19282
75669
-62754
61043
74274
-11391
-97753
-47924
47111
-58812
71702
-98440
32312
-6170
-62207
72451
58325
61438
-97114
1050
-30349
53226
19882
-2080
7403
79856
99325
-53105
-68463
40590
-15441
-42455
-59843
18729
31483
-14530
-5468
64692
48424
59500
-60483
71901
11711
-11528
55791
-19482
-86649
-13093
25113
-41006
88067
-99554
-77117
-36927
-88935
26884
-68333
93257
88168
6583
-899
93316
-89552
-89316
-41187
96688
-52423
-40514
69039
-37394
-96117
-70588
-40802
-59436
-79109
-63501
19837
-69501
-29314
40740
74959
-89471
21574
-53825
15859
-70710
60003
51745
-79662
2307
-40320
25510
13260
12337
-14492
-49210
4708
-46096
-37158
15440
-44029
46583
-31623
-68883
-33345
-66521
26106
-87185
-72936
81844
-10700
-5796
-51264
85925
3568
76545
-49334
-25516
88673
-16180
86733
-35273
-49683
-10493
-5157
44453
60580
79803
-11688
-55616
-79529
-5717
2410
54660
-6842
82513
-76005
51283
21124
-68886
34571
-29345
-38955
88668
-39126
-39053
-20895
37350
17559
-19196
-85378
50186
-29161
-3368
-33777
-76042
48726
14389
97662
-40458
99865
8643
58459
-33670
2207
92203
5455
40932
-88815
-5522
-4406
44943
30626
-77837
-14101
-31616
-65223
63297
75080
-9959
60397
-28353
47896
18291
-25957
1146
-80949
10713
-74593
-17738
-57444
63358
91212
-44125
7260
-71437
90990
33338
40573
93826
17856
34935
74007
-8338
52414
-43983
40464
-47255
63852
96427
-5891
78445
67052
6022
-79117
58948
59793
94684
72553
26552
-59242
49818
7413
-55623
-73504
52011
59996
28885
-57276
16929
-94513
57591
-57321
1002
15686
88795
65263
86739
-4067
63268
1814
62661
-51181
8008
6939
-25860
-41672
-16568
-12732
-84436
-18731
25781
-40084
-77936
-9456
-40907
2043
55958
15905
-41291
-61087
67099
79175
69966
-6171
91128
-83682
90677
17694
98956
13267
76885
21794
13539
56299
83669
5412
-85425
26785
18243
-14188
-44927
40791
43072
-34271
-51253
-21571
24750
90473
-23254
76622
-63498
243
69226
54942
-70015
-84632
-73738
36634
-45288
50386
76585
-2413
-78459
26871
-10475
50
-81731
39790
50348
46582
54935
-53144
-31968
-32450
-10908
99265
-87146
39581
-94813
-18649
98518
-23433
-41524
-76414
-70263
73737
40146
27625
-13004
-86121
78398
61537
-64907
-89416
17074
-62078
8056
-37215
-6038
19527
-22832
87573
57399
29380
49503
-4533
-12089
-47642
16230
95337
23054
-74023
2601
-52550
14047
58990
90627
-19514
-73776
98343
-30690
-33843
-67747
83074
-74877
-6149
-26371
96090
90165
42903
7650
-84689
65321
-22732
73688
-62253
-2511
84459
52969
-99809
-28583
78566
3147
33730
47912
5210
-25385
64598
13898
-39693
87860
23985
-77818
9190
38447
3002
25201
39819
98717
-21806
26740
66546
-55963
24733
-80295
-27237
-75588
66741
-63043
-25288
90250
-60111
6553
35592
-53585
80977
-29574
36983
-83570
68054
-99034
45548
-51300
69838
33399
-22502
57691
-54571
37576
-27230
-78930
-8686
48168
-68203
48813
42337
-38489
69582
61520
28017
41696
23664
-45775
-81138
-86259
84289
-6758
-70632
65332
26710
-10498
-51850
99842
-98349
23118
82658
78012
73527
65884
-74451
49142
15813
-55339
21007
-92835
-22523
-63718
-15526
-87761
58420
17903
55921
33112
-99619
82213
-45680
-62584
7529
75895
85395
9740
-95833
-64218
40397
-49609
12313
-38937
40889
17379
-11826
49296
-74727
65623
62722
22805
-86599
10125
4682
-51674
-66135
-68607
51015
-3364
66104
6486
48324
84413
54734
-35185
63020
25510
-29888
55578
2250
64628
-51218
-87611
35121
7386
-79447
76740
-14528
7798
27313
49995
-21877
-49011
-52962
-24629
-46147
-96329
52489
-82754
65527
-42945
53835
44731
93894
75936
36104
96728
-32541
23409
22627
-24359
-44505
-78094
6853
-9200
-70866
-57225
-25831
-30108
79727
97072
-70104
8020
58978
-83454
-57364
-48108
-51401
-84098
-94801
-70061
33359
-34192
-26366
-57074
94242
-77457
-90850
5998
32373
-79098
-92838
-77531
-46524
-4876
-32839
-47651
76102
26495
87990
-10246
-38559
52799
-65744
-35663
20533
-58651
37945
-19884
9522
-66167
43545
-66397
25261
-64124
99008
-68242
-34589
15345
92964
-75832
-38936
82147
-80055
-73989
79891
-45587
-365
11308
-69788
4770
-41823
7694
8062
55635
968
-61449
-61647
45008
-85584
47248
-64787
54218
-37443
-53986
20823
50568
30178
-12350
-26254
-21193
-51277
-37399
-88811
33158
94026
-67809
41686
-23612
-5096
-67300
-63223
-57831
16569
75874
-65857
-61647
-79336
48057
-88331
-1084
46367
13261
-1330
60352
-23448
-20855
-43788
45745
-4209
20956
-23344
-55295
-77701
34624
-84321
-20186
-44394
75601
92787
-4361
50001
-33297
-13805
83155
-44819
-99904
-32758
-97081
89622
14809
93796
99329
-42542
-36697
89085
5614
69452
362
-28020
93111
50606
58342
3326
47507
96778
92154
-87455
-32130
25401
89095
70462
-49367
-85972
54593
-92920
88210
43283
-14879
29720
86660
-58275
4031
-97442
-85487
86796
-44188
80952
29100
29367
3158
-99421
1218
49166
-65218
-80161
-39452
-22896
67219
-54175
-70044
44514
4776
-4905
44721
31120
19657
54178
-27298
-12052
52026
-21832
13880
70260
24086
42813
97687
-43927
6819
15735
26907
-1259
-16424
-56396
-5130
34039
-47681
-23669
-79784
56854
23712
93043
-88750
58558
-73435
70159
93405
-18676
-64631
-83156
45089
-81385
-51471
-5833
-58945
13146
1547
6559
1275
32279
-96404
1548
-34003
-6797
61997
70899
-84050
42142
54365
38590
-67226
-98347
-61708
-52767
71694
-71127
-70551
77326
28863
71334
79945
22595
-42976
64250
97341
15767
46110
-46679
48306
42257
54587
73381
56987
62667
20590
-86138
48568
-47954
44261
-15918
-18261
11262
77348
-73976
90842
-29698
60097
-46116
30314
-16344
-46076
-15154
17677
-81525
-87378
72641
-73855
78499
24777
-86023
99279
32401
27337
81233
48547
-80503
6082
55193
66213
-33975
-91740
34887
79824
95906
-41963
-41741
4509
30122
-37463
20847
13327
23285
16170
-11737
17197
-77447
-10421
20222
-23231
-47573
-12552
-56895
-41715
-64018
19463
-28092
-78222
-87778
-70762
-18635
-68079
64579
70403
34992
72226
13184
-71537
-60168
16472
-5865
-63746
26838
-98011
11433
164
66878
6415
-58656
-24256
-45924
17063
27724
71183
87752
-73578
-91847
45508
31155
7984
-72914
43105
33944
35528
51314
6757
-62000
-85262
-42423
70189
-27646
-38247
-55870
37676
-39266
-93008
80002
-76789
-8578
-18223
8504
31740
-37381
65176
-43990
-36860
93040
39428
25437
16696
19895
10265
-74595
49677
98972
-29851
-89076
53975
-44027
-26102
-37249
-35793
37589
-41518
26483
72714
13176
71018
-91729
78341
43554
92129
42396
56917
-47789
49226
47908
69609
-29693
86591
1085
47180
845
15881
-32568
38693
-574
22224
-35362
29068
-33445
-51365
-43818
1636
-89094
80269
-55259
-74295
-70293
47970
-8609
-14878
41743
-4115
-9958
-24643
-61140
41393
62328
-66365
61422
-40021
71660
-11068
57401
-25516
-90269
80063
76035
-78266
-42625
-22637
71237
-18174
-81230
-40199
-89870
92042
50147
-97083
5056
-35337
16749
17048
14378
-53756
34291
55634
88756
-69182
-32670
47983
21924
-13180
-72104
25989
41224
-2385
92144
34132
-40361
91948
57880
-18525
-31895
-89275
92438
-70358
-30659
78226
-19862
-15493
45324
-43283
-92113
-75649
30115
3009
93886
-20085
52407
47868
12058
75097
16946
-53522
-43590
98649
83604
7718
-77960
60739
16682
27285
39266
2301
29215
-43147
-86433
-71165
-55470
83002
-85018
-89836
-41062
-70755
81179
19337
33011
-77561
-19378
86588
82953
38896
-36137
-98654
26836
-9452
39567
-4972
68598
-70400
-73462
-88419
-58016
-3651
74511
-88191
51534
19038
29200
-49471
18936
14350
63817
63032
32863
75907
39932
44958
1457
53506
-92315
59188
44925
70442
-33278
67950
95286
-25562
60898
9492
-12085
39727
62477
-22143
46011
20141
84381
-67462
-23573
-62243
12176
17049
77014
50768
-87735
-79667
53994
-72458
-50465
-59889
62414
-66586
66868
82136
55336
935
17148
-66234
-98944
-77605
70841
-28408
-66584
30968
67556
-99432
-75891
-38556
-14713
-70677
68333
-22313
-56252
-708
56414
-31189
-20164
30647
-52259
-35043
96312
88160
-61853
64032
-8110
87634
65248
2816
1661
13699
51320
72979
43928
-22019
45428
17721
-10966
20729
58748
91956
13491
8244
85362
-53078
-69883
-4686
-78599
-67335
-69798
-25740
-78125
91338
16658
-18318
-47519
52115
-30381
-30377
44567
2878
38489
-73905
-67762
40893
-31489
-21336
-88705
84608
-15122
-76761
-51257
3683
-5101
61180
40079
65325
58940
19362
-36600
-55205
51521
27079
-57423
40246
-23963
70340
-82381
-54860
-69700
-68884
-30974
31917
-26301
89314
80905
24747
-91501
-43319
51287
53221
82018
32695
4758
25040
-58810
-86513
-67755
34399
84124
99814
-95719
-80114
-59581
-14140
-48119
40259
4906
-37200
40217
-27569
-60097
4662
67333
-1374
47341
-51982
-54254
86406
-57572
-99117
-75709
11787
54000
84222
-67553
1806
-13574
51774
-77132
94001
-51718
11767
4025
-7966
-14513
64574
28305
-19555
37831
23169
91666
72061
-4208
-23420
96797
9293
-40759
80290
66243
-53688
-13972
-96683
33239
-47158
-37194
-65054
-47992
-36958
92402
-49065
-60046
-63863
23806
55284
-21551
40749
-47602
84675
15737
10574
69613
54845
89556
-95943
-87486
-95937
84970
-19909
33362
84796
-41559
93245
5054
-6857
31200
11230
95933
46965
84054
53590
84226
48054
-77757
29338
-96389
61764
-5784
36865
-68613
25103
15807
-95643
92788
-30910
39338
82033
25136
-39554
83170
33366
20183
91566
-45762
66938
-74926
55829
-90444
77275
30672
38472
-45387
19817
282
62133
43383
21267
-54872
-75916
-34993
64692
5184
26167
47027
804
26115
-41901
42390
-15552
-10260
-44966
59774
-81743
-80493
95316
-14155
23424
-24148
-86153
19155
20712
-33924
-61268
31079
-42838
72955
-38062
-48969
-26490
31110
-65640
-11291
-84820
-27192
-7303
-43782
-88336
-98545
-78234
-50312
-36812
87380
-78991
-95667
-14407
804
60386
-24824
450
9770
18819
22703
-94603
-8960
-49684
57343
-22686
10440
37778
70210
50541
-22309
-94254
-26721
17502
91529
57495
-440
-5452
-15256
-77474
15147
58630
-6935
6923
64055
95652
-81224
82792
52656
53127
42333
3004
29098
-30304
81029
14925
-21387
-70924
26474
26688
65584
77408
9143
85368
-38763
-37338
26763
51063
-48570
81968
18071
-35860
1804
83370
61722
-94382
20140
46309
41674
-772
-22860
66265
69707
64591
8077
36507
81322
-1375
-40853
91247
50677
96090
-75099
44354
-26460
54966
-71426
-57606
-6202
52612
27749
-19619
-35690
-17039
47939
6176
51811
38115
39340
69838
11671
-49667
83635
-56663
62206
-7170
85362
41047
-35209
-19393
-80072
-49595
-11091
20054
47833
-7991
93755
-42171
-76114
81520
-80150
98118
-16864
-14440
91206
-98052
-97832
88722
8441
-44251
-32525
32831
19284
14179
-75586
42253
12051
51838
1462
7165
66216
74954
72130
15321
54781
73133
1858
-81111
-60769
15751
-25557
-14947
-41346
41315
49000
23109
81745
38511
81848
58460
24413
76794
48056
12316
-37132
76520
90412
-14952
-51855
-53012
-61792
-14911
-76821
-44521
32054
-27134
21649
-19733
72918
31086
6578
5905
-48377
54569
-38196
-65221
86861
-44457
-34659
7734
75501
-71758
-79957
73451
74193
-88557
-88563
87576
62665
61632
-20337
52181
11014
-65771
-89975
-3908
-84396
-51003
-73030
-57348
-37483
-61840
71578
86567
-83309
2017
-52916
-52507
28826
14678
79855
-64212
48374
92133
93132
11520
-22723
27157
-28482
69482
52821
-5628
-67677
-62702
29949
75725
-38938
23191
2868
45702
89562
-29888
40175
43960
-89063
37994
82684
-62187
-51573
36209
-50333
45973
10506
29951
-11737
-52370
-1891
-9421
21435
11671
58603
7001
-51450
-76953
-31796
-9299
-94681
-41709
-51016
35256
-43345
2089
-56466
89433
-42511
-74896
-29034
70261
83958
23647
51227
-79897
56624
45786
19095
13320
5828
-94038
5672
-30804
-85542
75107
23060
-58112
-78601
85132
87988
62244
37596
-5915
82856
76139
47062
-48477
-59176
4122
-46124
28741
-84044
-65310
-74950
-57243
21651
-68228
80074
-70357
-60257
85844
30351
17334
-30159
70819
-4902
15152
-12984
70338
44253
51830
22502
-37874
92076
88230
-55235
84985
28488
48349
40304
99532
31234
-10535
58685
93278
43177
99364
-23586
-4771
-28418
-12689
-4191
-28398
-33841
-41164
-3800
-13878
-74417
-63011
-98982
-58891
-71738
28306
-86456
-99487
41830
-19655
39018
59121
-66823
-10040
43717
-8917
-75327
79423
-86654
90812
-57096
68402
-13340
-80722
40337
61580
-70400
19232
-12532
56412
45596
-3055
80103
20937
-8412
-81885
58662
41912
56509
77802
-28108
-56958
1633
62567
-80237
-63236
63136
-28293
-93445
-74378
-23359
88724
-47121
84666
35375
60454
-22708
-73136
70059
54368
63907
35322
10095
57447
7980
56532
7036
57321
-56080
53622
66647
9658
74257
92204
-40869
-94612
-6077
-61262
86247
-83978
67154
16339
-84771
80944
-32450
-56055
-63163
-54644
56593
2809
12222
-80421
-76806
27696
-30233
25757
77236
-64393
12521
12830
-70195
99580
27825
-86227
17195
-774
25099
-19601
-40174
57522
-4355
50018
-39674
-45240
18600
-86992
-98055
-31705
-66496
11640
-92415
-13289
-24415
34929
36122
-73047
85207
-9310
88310
88429
-23598
85753
-6615
-80322
-33978
67319
-68553
62716
44528
22608
16739
-15367
75130
-36930
-68016
-24028
9391
-22041
-67864
-6294
-63504
57769
-116
3502
-99464
-86927
-25474
-36201
-11675
19132
35899
24089
86751
-26365
-75218
1308
-69764
-43239
84827
-73509
-84327
86024
-60931
-66123
-98283
19962
-62629
67062
-27332
-70991
82955
-31469
68042
-18688
46003
48957
21821
-19957
88275
-4389
70007
-90848
-51723
49630
78257
43469
35451
-54919
82230
-11532
91877
64793
41877
-38847
99955
36560
-91014
55257
68170
-19347
75146
-68339
-81920
-90230
75360
17597
34593
-13883
15248
349
-59097
-20247
-13816
-75064
-27372
8838
-67378
-27316
83980
-54651
46560
-75588
13071
23959
9869
53863
-18529
-49876
-32260
22938
-19399
-12735
-77054
-28760
63852
49269
87767
-16554
-41901
26429
-67739
-68371
52168
-33988
-25801
72436
-81147
-93798
97181
75942
86237
-16710
99553
45957
-76021
-709
-19689
-3112
18462
-447
51702
13581
-61127
6445
12523
-72241
44218
-27847
58557
-15512
-40676
-61634
-24317
28106
31621
-82097
62135
-64679
-17017
25417
76984
-36575
88312
55315
-59141
12887
694
66122
40831
-60088
-34462
31330
42301
64111
19687
-65803
33143
-39139
75446
-91794
99272
96624
45357
-33883
62037
25899
2938
80789
75482
-78516
35395
-50791
-33386
81827
49794
71195
61872
79920
-60073
36840
46216
-22016
16650
-80160
-1252
-74011
84437
-96908
63231
64387
-14690
-22094
97675
58746
22127
70215
-39956
-14962
15453
96852
11214
20838
14902
-75718
68659
80112
25188
98819
-71128
2756
98490
21147
-28331
4768
-27601
-62017
68750
-8008
40130
79843
-71851
-75011
-191
-34685
-67693
40335
88652
-32257
66591
-35054
-69423
9589
76103
95117
-61429
-56852
-12892
-61226
16575
-89219
34058
-626
-80755
-61073
-81957
-63777
-3268
-28328
34174
71326
25237
41551
-3817
-49085
-83277
-10720
55540
23412
53293
-18556
-78717
-42527
62994
-36567
-53592
4097
-15717
78091
5561
67306
-90962
23153
-12141
62683
30067
96911
72484
27854
-65845
82684
96388
-89920
-95281
-27615
-56309
-42481
-88767
-12526
-40447
16016
44181
-24637
-34644
-28460
-60492
57322
-62533
-90237
-68168
62616
-76087
84857
-18756
-7301
-77386
33454
35907
49910
66717
7975
-83573
69491
-41782
-46097
66696
-10144
41629
-41074
-94039
-42426
-80321
86428
85499
-29218
-75047
94669
82370
93734
65970
67509
82909
-56216
-6860
51820
-45835
-95258
28399
71352
97127
-59615
-98111
90253
-95
-47353
43904
-7288
66678
-76107
16581
93686
-44369
82944
-26384
-69555
-57061
-25937
-65086
35592
-22901
-63032
-87996
-66112
-39994
86259
19214
-80108
87493
-52956
-30352
95746
1115
72541
60851
38577
-69228
-17755
-12365
-68925
-76599
-50310
45083
86018
-67456
-14497
-3211
27653
-78737
25563
37582
41510
30688
-71063
-62524
21756
34529
45176
-62423
-42010
86585
-20268
61898
-24425
44031
10802
7695
78874
33170
-45352
70038
43318
-2902
-82114
-18947
945
-79107
-89166
-16109
84905
51109
-50422
-97054
96349
9215
98337
75915
38570
40849
-51419
-31293
-81948
97857
-82550
10900
79305
-40625
19182
-45942
74612
-42837
25934
-87089
9262
57301
-72353
-90750
53144
-72660
55473
60220
21662
74964
28479
-93175
5187
-77750
81556
46437
22887
27150
-86728
44014
31100
49623
-94128
38003
-28247
-38380
83221
13924
-93370
-82019
58394
6896
-26698
59777
93744
54589
-40017
75101
-15199
81313
77967
68778
-40847
86601
89257
-72062
-40537
89352
-18070
58261
-82836
11998
-30320
5033
-47970
67400
58736
-64006
34752
-34454
83997
66448
51988
-80339
-70657
70134
67971
28164
32492
57477
87048
37487
-96115
69033
-54537
63257
51241
72164
18398
55737
-28981
7508
-78312
10806
-71465
-17003
54336
-24872
18245
-19528
-6828
23597
-20541
15167
-78492
49015
24592
57060
56263
13464
-41620
-6495
-73197
-93924
19059
41630
-70683
-74557
20022
-72348
19171
-28544
49126
-78804
-32450
62208
84425
-30172
76395
73340
78313
-5535
27469
-10079
67858
-67938
56872
32254
-53322
-63481
45869
36041
-52611
-4242
27473
-44557
-44531
-28128
60114
-94141
47720
-44121
-96667
48810
-56714
26930
-81020
-50600
-34459
-7348
94476
79842
94903
-69688
19975
39597
-96482
54059
-68382
-54068
97139
57849
799
-34005
76825
-83713
19973
-88685
32253
-60331
85832
-97015
-89473
76219
-42801
-41427
-47957
94156
31048
99955
-23751
-22553
60099
65612
-22388
7664
-31041
-40117
-55362
76397
18790
10930
-78557
25469
58028
58025
-64759
-74613
-46874
-48373
-44727
68816
85490
-65304
-65173
-69552
26723
19266
-90134
40433
58978
-18480
66199
-77455
-68191
5483
41064
70187
77399
51569
87432
-25209
-23040
58233
67018
55210
-79491
24540
-49143
-81639
-97831
-20147
11457
-48117
-26426
21880
-9280
-62100
-41546
93705
67792
-51395
16359
-19746
27286
-27302
3833
4784
-48902
-1557
-557
97049
32168
75122
-53422
87683
-62697
-95969
10509
-35268
-66653
-55063
-4261
-79713
-8177
-6302
-94089
-4829
89506
33454
-17904
-33768
3127
31577
91363
-71476
-69875
-77236
-10596
-77885
85894
98114
-66032
-14397
84742
71303
4798
-32697
14419
-58357
42301
16701
-6342
21960
-22375
29996
90941
54428
-87365
84341
-80672
60933
-95635
-225
-27835
50928
-57341
-66643
-42023
-14711
-48702
23333
73122
11960
-63340
50386
61455
65303
-3887
94673
71837
6710
-27890
66841
91531
-93380
72108
-34873
9500
-51357
30784
-77544
-90376
-98867
-38671
-15202
-46949
-18019
-41196
38890
77180
97650
63623
-28792
90446
-79194
97891
-19222
-27107
5276
-42749
-45144
-31175
-50680
23002
35345
-19144
-8705
51066
-7179
-31051
50306
59500
-32218
-48068
59513
54951
-58235
26125
14440
-36969
30696
39773
86817
93924
-17835
-16677
49430
-29522
10931
-71163
51271
-24123
78592
-58673
13736
-23497
-75599
35721
213
70588
-16203
21153
-40898
-14567
71754
74832
-54652
55528
-91908
88374
-67126
-3031
11364
-57391
17112
67439
74801
22415
47275
13305
-75278
97930
37689
37899
-54025
-88915
64744
99554
60651
-66069
61332
-39771
-42430
52736
83696
61550
-50513
-81441
-46503
-49254
-69142
-41981
-51109
-57106
-62137
37534
-48006
73821
10611
20159
-28167
69116
-42866
88312
-14273
-29606
-65383
-85827
16780
-20330
-79375
-36628
-9604
-53364
10586
-91755
89358
-85287
-16487
81811
-12843
55981
-26096
57831
-24796
48381
61356
-83963
-89996
-72072
-5572
-39207
-11571
-35589
-56775
24521
-70979
75874
-23247
-77243
-40424
-26887
59457
86311
-60482
12136
16502
-78050
36453
85104
46355
-56354
47776
-26306
-98335
-28278
-8871
26409
56922
-59609
80147
-57501
35550
72437
30800
-40313
-65365
17310
45405
-86012
-46229
1587
63425
10608
89678
63239
17874
-73001
60772
33368
-1202
96655
47693
-69692
22582
54698
84258
-60365
-76931
61382
-96814
27066
99633
-98130
-67062
50579
-44137
86605
2516
-40535
1643
31141
-30357
-31703
45404
-43268
-93777
56226
-75941
-83858
74350
66099
40787
-96909
59171
-33115
-59761
28010
-53113
3340
16302
-63037
13587
53722
79578
20431
28153
-64246
234
95869
-99453
14250
63623
-89407
3599
-17568
84306
-62110
32318
-17952
88693
-89782
81002
22864
67141
11959
69940
41445
-85020
29439
-8920
56185
39840
40972
79784
50743
60817
-32218
24680
-85257
-39427
7306
28282
88404
-42603
-26411
34359
9278
-18121
23355
-8085
92255
88466
-4409
-89859
-89633
54156
-59950
-59833
-33663
88670
-1813
97356
-51731
22656
-75728
-8307
-69713
-22402
-34858
10540
45379
79359
272
-91354
19181
38887
65241
-89541
-44076
40596
-40921
88397
54960
-34645
47355
69895
-78249
69876
60248
12542
-90802
-49560
67470
-9594
-83395
64516
4084
-32798
-88352
-44549
30210
-87141
-16699
45666
-50930
74304
27775
-61802
-39854
67237
-88042
-24679
-80856
32674
-25760
-63847
-19730
-33140
-37605
-58415
-4194
36527
83054
-79840
60490
62635
83494
34313
-96815
55190
-43953
92725
88649
44986
-83975
13023
49107
53226
48528
75865
65852
46610
30542
-27574
72210
9067
92410
-44626
-44656
72308
93670
14053
1365
83521
33126
-83454
51369
54666
-78984
-84837
71219
21275
-9484
-73078
32261
-94918
-48365
88463
-87663
59625
-4787
-88094
-52565
-24816
55416
-65175
21670
-85558
-8341
19348
-47292
59155
-63984
43248
12974
-37824
41704
86031
-38585
81971
46797
-8612
-65561
-34720
-48211
-16112
42546
-38642
-30974
37627
79453
10834
-13903
-84843
-70902
-34789
-99342
-88836
-10132
-3675
45079
30488
43453
-24429
-23789
-8883
-69987
-53742
10509
76107
-61745
-16449
-50645
4258
85417
23385
-72092
48386
75059
11854
55502
-91227
52551
-15089
-19856
86964
-35615
-12679
78815
5538
89577
87314
-10359
-55561
-2441
42762
96802
-80768
-94111
-68117
26289
-76385
-44263
-28058
-61998
-36814
-41455
-7594
44652
25541
52482
-5059
-82179
-31658
-17654
94721
-12570
-96197
-80215
77834
95851
-36251
90396
61227
-45687
91722
-41596
-88868
62501
25158
-79263
-54128
-18922
-47450
-76204
23943
-39628
26861
96253
6087
65235
24606
-11919
66329
-9117
81504
30518
-86150
-24980
-20005
98616
-29552
65620
-39433
2516
-16867
-88458
-49388
-54086
-2329
671
-87812
-54703
-75830
-92837
-91876
-31227
-7722
-84328
81101
90352
54162
-83995
-83700
-64844
-3722
8400
-77910
51118
80199
-48357
-61598
79842
69519
29398
-49452
-759
50852
-38635
47820
-6856
-52809
9734
-44030
-46305
47444
49975
-17159
-45028
21136
24263
69073
11062
-62127
8423
-66647
38422
-37002
49637
44999
-7864
79655
-26778
55385
-23549
-75634
38751
22648
31307
-82543
-6259
83623
83486
-76920
-11121
-26450
-81850
35597
-94380
-90532
-71603
-2691
-18975
-13215
18270
79966
-16386
98829
-8226
89794
8979
-76877
20268
54738
-13721
91622
-7217
-71983
34775
26055
60491
81368
8224
37978
6336
-84658
-31388
10158
-63405
1620
45996
60535
69694
-81865
-54562
-21878
-10723
22210
91004
-99908
-40805
82020
36515
-61887
-98134
40587
-81706
51597
-7683
79389
94801
15350
89405
-27270
-7280
27019
53332
55166
42972
-18848
-50703
97648
-49623
57877
-79835
-20579
-31532
97661
-14273
27963
-49462
14233
-96206
-43904
65775
-38518
-10245
21257
86568
96438
17307
66660
3376
36655
63735
-75041
32725
45286
-62124
61918
17755
-79220
11533
13546
-79846
-77332
-37780
73940
-48022
65957
79340
-94520
-1199
-70381
21426
37785
-63638
42107
19229
-60599
97253
47108
-56235
-69749
-21742
84900
97717
-94352
6524
-77788
49567
77603
29503
47403
-55166
-76713
66322
78077
-42005
-71035
79293
-4349
9393
-87588
-87049
-88750
-14119
-11897
70754
6421
-31610
-73949
58308
69629
-7909
47459
28924
90073
-91409
71332
62009
-27095
61451
-67431
-72652
28191
-4124
7577
-1683
61873
-89638
83697
17787
-9491
17458
-69208
-63793
-46491
-71815
-29606
16339
-75614
-69815
23152
-21608
55085
-44324
66302
32284
-44835
85890
-26922
-18854
-17908
18050
65290
72435
-26408
59759
65183
-84548
-93554
81796
-31952
14662
-75740
-92453
88972
71274
36144
-10755
-73150
-60879
-4086
-12385
-69579
22413
-79208
50764
81679
-77967
-416
-35680
45341
8790
48811
88817
25524
94034
-74316
19345
89601
-91837
24205
73325
63026
-84264
-61472
74230
-96310
-8955
8189
99751
-55241
50871
12868
53879
2386
67642
-71434
53167
1942
55137
11448
54583
-44060
-8273
35958
13505
-303
-37156
89384
-76888
38044
59067
-21062
-80602
-54521
-54064
42784
-60049
-47578
-29867
-20371
71707
-58344
11259
43078
-55182
16499
37526
-85899
19424
92060
82908
25095
58814
-42750
-16078
86508
13587
-56822
-17038
-44865
-45272
-81460
19283
10371
4596
34840
13315
-10015
32068
90090
65336
-57569
91278
91600
33769
59239
-60576
-70543
61277
71804
28949
52675
-59122
-62644
96502
14576
66731
-30753
-42074
-84795
36430
-63833
-39243
1576
84000
77688
19081
80699
74155
-39218
-40236
98337
98300
73334
-10332
26362
-97767
65796
21482
-93796
-37405
-65099
-94333
-59603
-69223
87179
-22951
-13984
99170
37476
19823
55705
-58272
97009
79277
32498
33084
1869
-63126
-27628
-70745
-24954
11424
6339
76999
-64029
75376
-43166
46980
73312
-99559
35564
-22056
-15889
92360
8739
-19065
50638
64426
-583
14903
64565
-6023
21886
-91227
25099
-13292
41986
86319
-64363
11107
-7984
91540
21029
-45598
-43184
-89645
-28068
10018
9326
43990
91993
33413
-46712
-7294
-52342
39106
-28634
42289
-8387
58728
46666
-93582
95558
-50428
-42247
57483
86021
21413
-38553
-18632
54670
88969
-3575
86074
-65189
84138
62784
-18137
38130
-84436
-20027
-3864
78414
19847
53158
45117
67973
-12858
-51662
-24765
76306
-68256
96797
