4404
5
53
9522
399
8
7671
1314
308
3528
2869
554
77
4436
919
5719
7928
7
10
520
1960
510
1982
6027
15
3
3080
918
4
748
3
95
7055
45
4461
232
8
95
59
4
268
6
7
3568
158
962
6840
5979
2511
4
96
19
2430
9
95
161
28
88
4
7408
76
359
99
75
5
3450
2
324
51
506
4
249
409
4
541
3545
32
92
99
5535
6
3
92
123
822
4
40
26
4
43
1
7
6650
89
3573
9
1
74
4964
37
82
4
6
1740
8
920
55
360
241
728
10
64
530
1030
580
371
12
2677
6
571
612
54
5
49
2807
10
37
4925
35
989
89
4
85
97
20
5
112
45
1301
64
9
8
7
3748
1909
4326
3583
2128
9422
11
630
13
9
7913
4
9
813
7
6853
647
6
67
544
46
6
7762
1591
9
628
18
8
3
7
6
6
6419
9
6
7734
14
76
26
827
974
73
796
10
10
5889
7
4
2265
1086
7449
5
213
486
1485
3
8
3
69
160
505
4
5
9
753
10
17
85
16
4
5
4
5995
29
7751
1624
6812
244
777
70
3
1
63
919
6
1903
83
32
3
1781
179
8
398
36
3627
7037
79
9718
9418
1
5951
5236
4269
84
371
421
92
5
1
1546
1
958
18
492
8
84
1
218
915
2
4459
91
5303
10
15
7
2721
5
33
8240
7861
470
61
801
4
1
1999
2968
9165
4045
7
3645
2834
673
2
6184
2313
8351
19
62
10
3
2
444
3
3
199
10
7
7415
969
190
632
8950
9
44
6
38
3
54
95
70
825
7386
9823
7020
715
629
741
267
95
10
3732
3175
936
23
326
97
72
220
93
288
7131
470
2321
3
7
1
1571
60
4
8
6
3
34
224
628
39
609
434
805
8683
6
56
3183
6
100
6
2
2
3
64
560
311
6
8898
758
5
106
42
2119
228
3
6854
3033
64
423
5166
17
9175
4
86
36
3
6909
58
5
3475
38
10
9
2148
57
9
99
2759
208
29
8
10
8
41
6
874
627
4248
1
28
455
36
819
4347
35
764
9
3259
98
18
88
63
858
879
42
8818
7659
479
95
4097
277
25
7574
69
365
337
846
3105
71
1500
3961
35
43
7730
82
753
15
4
8848
64
30
85
173
3
1955
193
8
3
10
10
3
1
40
352
6963
6
545
9532
646
15
73
2948
25
785
5659
8898
6617
5660
42
7181
7284
57
8
116
5
79
1
15
5
834
66
348
820
7
95
2779
5
639
10
6352
345
3968
10
4901
15
43
789
8
5678
8
1
56
736
2688
890
837
19
2054
65
236
4970
85
3
1162
8062
8
5
2
5995
4
10
47
50
25
12
375
5555
88
22
651
8
1794
7
309
2
691
106
4
39
76
18
3058
41
732
4
4038
3266
4
332
3863
9
2374
783
22
6
191
7944
1
218
34
588
6
7619
53
266
6
690
1462
578
231
10
807
67
7323
677
85
6
6
9
67
662
970
59
9
918
7563
72
35
4
3
1665
8
5901
24
945
21
206
434
754
71
45
34
6
8
47
3
38
795
19
8159
645
913
6
2
49
843
8
5256
873
1684
68
2761
51
4086
130
2417
10
4239
9
898
7
97
58
52
2833
5
2724
6431
4
8442
41
53
6
1112
34
9498
38
772
721
94
2
1
2
461
8
928
546
7
6373
371
33
209
1
19
62
3544
26
349
531
64
8354
9
5379
12
1816
86
2
58
3
67
781
10
946
753
2374
22
825
5020
200
6504
56
18
26
295
5
2
268
8308
177
65
205
3
6
9
5
62
19
2485
4401
7
341
81
70
24
921
31
4553
73
529
752
8
92
57
5691
772
10
4525
1
7
65
19
1795
671
34
511
96
8
6259
84
4
9454
3
1
4
622
9
4851
8299
1949
7451
91
6117
6106
5
647
653
258
5710
1789
4
712
4
5
686
2
676
823
56
29
41
122
2
930
628
2408
73
172
96
48
2632
63
824
4
973
9
1909
1409
6943
8
8929
707
9106
218
26
32
7
44
6
38
26
65
61
13
56
423
2
5
419
1
5998
75
499
3233
4
99
760
6112
4
8248
1229
76
6809
99
3455
4064
18
5
8
40
1576
677
1146
29
15
5
5301
2073
33
934
2
89
1539
87
6864
938
561
8557
5489
7714
10
1806
30
10
85
1
6484
4
6276
54
74
33
8370
2
5004
8163
88
8
217
282
5
49
43
6971
6
49
2087
5319
6
950
359
2
12
3809
381
368
7818
6
7
7323
1434
6819
96
760
9
3
6493
314
707
7532
6
440
2
10
8
7
2017
9361
7
2
580
497
4
18
1563
8
8625
77
979
51
5
41
41
8786
5926
10
4583
2993
4819
2323
341
26
4
75
4663
8
924
773
5124
996
105
1170
5
7
1
841
140
1046
67
37
1
9976
9144
555
8033
7
1
3
792
11
78
77
51
55
9859
630
280
27
8
796
2
68
74
5075
1
86
3
4112
666
505
2221
18
85
75
5540
3
97
3
4
316
3975
66
8
9
6
8
13
9
5
3
7887
1216
89
5
4
7
45
1
6
22
3552
2
4
305
7827
400
6882
333
852
804
7
1
93
24
876
5
89
2443
37
9
5451
5
3
9
3
7
2264
904
523
90
861
10
2
197
804
23
69
5
5
2040
3127
905
9
443
90
9
164
80
6628
6
5
8170
5
181
6519
7
8
634
6581
17
106
10
13
9
28
714
2
54
466
948
1
9
53
9384
6070
2967
695
135
94
873
8
481
5155
4
878
6
8
9771
5136
1406
35
624
24
6676
316
6
16
6
930
25
4831
5240
7267
183
948
9
39
445
3990
4
92
90
95
1
839
661
1571
34
228
10
897
23
5595
8585
36
4
7926
25
59
1850
4361
8
39
2
8647
5
918
8
114
10
58
3932
10
767
1713
865
9
503
102
4
9622
73
68
221
3747
2372
2807
626
52
2
1
137
98
8760
8363
468
5735
3
6
3
10
13
53
266
15
28
8961
417
4
512
35
181
75
71
2028
89
2
8
30
48
156
7253
686
363
28
16
7
1
7
829
8
45
3
79
79
31
789
62
4278
14
427
340
654
5
32
7424
3642
47
69
6
9473
5244
8
531
37
7373
6033
12
8
4
72
584
275
7315
4
423
4533
9
8915
18
7
5
2
7447
892
217
4
68
32
78
8
967
2
6163
356
2
7
3
12
5
19
998
1
2
116
295
7
5
9146
6667
289
98
14
2933
9
562
909
3
4164
378
8
60
28
98
573
740
9298
6
18
5223
9
138
7
3
1823
924
798
23
373
9
3
101
807
9185
9
9
2528
5
45
437
443
6904
4
76
79
4765
272
875
1
5107
9757
6860
76
3825
3975
48
209
2023
9
5954
6
65
38
91
2
10
11
7
3
954
1570
50
10
687
6998
9227
87
2
2979
217
5
6
5010
1
6618
1945
77
7357
6951
16
19
4
8407
2915
49
3730
7535
5
1786
2156
8
54
1
344
601
28
792
521
645
74
1
4
5
956
8
6
10
8515
9217
593
5
1091
664
8
10
2213
829
96
32
2
681
460
3885
88
8
34
71
1
5275
3283
6322
400
2579
67
53
5887
95
526
5
3
8316
56
8
4
987
5
5
3809
6070
3700
503
4419
514
994
433
1
658
7
216
22
31
534
413
7298
647
5
9528
9
98
23
62
339
1433
625
10
1
799
7
68
88
29
30
5463
3791
812
60
86
605
15
906
929
5966
970
471
425
8
8
67
9698
365
2
556
7492
82
5
69
144
70
66
9864
59
54
56
2
9472
1529
9
27
8
642
64
10
9244
2
5373
422
685
1285
1
6
3
28
4
905
8129
4063
1812
29
64
6
10
9
158
9070
318
9
56
718
4
3804
68
1
1905
6051
5
63
864
7975
881
6546
66
542
87
108
7778
3479
2
104
10
738
7901
60
3
1
7
916
5550
7210
625
6520
4
8
305
50
131
5
5695
54
2582
95
7
3594
8
8320
9335
16
712
9956
650
422
737
836
1
9896
870
3
849
59
78
4047
598
6728
7169
184
951
18
232
1
684
11
5
503
2
2
123
4
8287
783
117
3353
8650
3
608
8
17
369
35
10
767
8578
632
83
565
567
7
99
6482
5
178
6
1848
4
4082
7205
3
4252
609
3
667
1
7435
889
973
433
5380
6665
6
2074
99
60
67
879
4
3609
907
84
1
558
56
6
30
4368
353
5
10
380
867
7
430
29
22
2
92
4
3754
439
84
10
21
46
37
136
814
479
7
7532
4526
76
12
1
658
1013
6596
33
14
43
6643
10
2
7325
50
1485
308
720
8081
4
240
948
704
2021
15
1730
1
31
822
4982
854
35
262
77
1
9
27
1661
37
9
45
75
9
4007
886
3361
8365
4508
22
6
13
5
582
34
32
70
1
3
1617
3733
820
2158
71
7
388
122
5
9
306
855
14
15
1346
9
1
2495
1436
91
7
594
92
641
5
641
4
59
8112
356
93
63
6
90
7
59
431
6644
5820
5567
1408
31
10
666
1
410
8489
4431
6
9359
2686
665
256
81
1
9
22
2
471
116
2
458
3
31
5810
43
935
1949
79
96
3
5
76
634
4
5170
49
83
1983
4
82
4016
1
3
44
908
9
582
3860
35
6
3
54
609
497
4683
213
13
829
903
1
880
136
5
1831
7
727
109
686
159
779
3304
146
1
7
58
547
82
1226
7
54
6645
9
686
496
5
817
68
6241
10
1
284
40
1
71
3
7362
5012
24
902
2293
499
19
628
26
1
3
298
6
65
6
294
4
2
7726
75
7
9657
25
85
36
2
2183
83
44
424
6635
4
957
681
1
40
1
8258
6125
50
4552
2031
9
456
46
3856
66
54
5
91
3652
1
1105
27
3
8
76
5183
29
359
866
5496
100
17
2
1
1244
1
9
9
8642
88
1500
35
30
821
757
1972
7
6
6
60
2917
605
8159
67
5614
6293
6
146
155
7546
3
7115
935
25
45
25
5
39
8246
9
99
9
939
9
68
75
574
8547
9546
8713
526
129
584
6
13
8835
99
65
169
546
47
20
6
70
4504
32
281
196
9
833
4302
874
3
73
813
3716
53
528
10
194
173
93
31
7
21
38
41
951
91
8264
397
25
911
33
9
9
3
508
9099
813
636
1
408
91
94
331
3
1674
3
8
702
17
2
8
7509
83
5024
6
73
8
9
5707
35
92
705
18
11
9750
10
2
10
1073
95
7
9
1892
7195
100
720
8684
6205
2005
10
72
48
1
82
3200
10
8
96
36
2
12
3
425
9
4
4
6332
4218
114
608
5934
2037
7
297
81
7211
6
8
11
824
3013
456
91
86
69
7
3217
28
4316
566
798
5173
5
4747
628
544
49
41
8
6774
725
2
24
1
9
98
2767
5
7142
9786
7
4004
661
1298
5715
41
10
18
2887
1343
9457
78
85
5
2
253
215
62
4
3
9690
8
8
773
25
2478
995
8
8
4480
2
1
3284
9785
1173
390
41
6
71
61
8618
3541
8356
10
780
60
4673
7423
955
90
84
33
5
569
7
7011
164
599
9
1127
26
3803
26
43
29
71
134
252
865
7325
8
9631
6
6
400
79
4
549
383
4037
478
17
567
10
7
3
5
812
17
753
1679
160
412
3
10
77
181
81
7252
16
3
2
3288
9
291
8
8950
5789
7
4496
676
230
985
9
433
46
9
5774
9425
513
665
36
303
5
908
15
4
270
22
1
56
10
26
29
8
2981
3631
8911
9
32
76
40
3771
7
360
395
207
574
18
91
83
672
5
333
3
4707
9232
25
868
8163
6736
6
8254
62
87
5871
2848
66
5655
9732
6
2502
50
6
72
6
2563
95
1
606
768
35
9543
49
82
513
8
10
4
38
872
72
3
5917
6429
9
97
3
8296
63
38
6662
100
43
7933
8547
1
9
66
29
14
467
3661
43
4970
7029
700
8
77
6
1517
128
6559
6789
2
21
2
33
361
89
4899
435
4
74
5
5
77
70
649
398
24
1
235
8
92
727
9
983
3594
3885
32
43
90
6
7645
2197
17
513
237
242
442
4212
6
980
863
5811
3528
444
1295
14
2640
364
712
3
1905
1160
414
9
37
2
64
1889
8323
407
33
247
8493
43
160
97
949
128
206
267
8185
75
59
1
248
887
6
5
1
1
6340
3
6096
2
136
82
31
447
7818
241
161
838
33
457
716
2714
8
289
9
2
3
90
265
10
993
8803
958
2
5249
717
8
45
3
768
1072
73
9
14
75
963
555
9
49
6
3221
2
5
1
8495
7
419
4
794
2
1069
450
190
381
8
37
9
77
65
1978
9
730
2486
9643
873
6447
39
861
9
8275
2041
9
517
349
43
33
8
9913
577
6385
5
4873
42
9
5
7238
67
587
741
5
707
87
314
4
1
5649
5
91
135
6885
8
8
1956
9
7555
4590
7
7890
2
5425
124
2
683
56
91
653
75
177
8663
7
7458
54
72
167
2188
581
976
10
3
5
402
7
48
79
6985
9546
8181
7
33
478
18
948
4
4571
8
859
7
9
5583
7898
674
22
737
401
1947
9066
41
3218
5
2
62
5266
860
770
97
1
8
3
706
10
9
4
8
34
5271
73
7
7605
1044
675
3
40
809
2405
516
4
5290
69
60
573
7779
3275
5
935
78
15
55
58
7
7704
8066
5
28
6582
2
8
3
6110
81
9680
6530
1865
8568
5
52
635
918
8
60
85
3410
9
4
92
4
20
5
13
448
7829
32
795
5
4354
535
94
87
8
257
69
82
4014
4741
638
27
58
292
6500
181
2
4646
3819
5809
54
568
5
7
10
74
47
34
358
4
3
969
2
4
9602
9582
6263
7
73
9
2
19
451
5
4
10
2
9007
8854
434
655
44
7
5845
54
3691
8441
9
4
2733
346
6809
2
4
20
56
20
10
1
124
99
18
583
1
1
2
173
3
3
1
89
6
70
37
1
4
7
5
59
79
265
673
76
7637
64
36
9
460
3773
10
7
1
7872
1920
43
340
31
9
1
2857
57
861
143
2
9
220
10
6
73
6
836
7342
376
3468
6
54
6643
10
170
51
58
8
84
6692
6
6723
34
9726
1
2
36
8382
488
4566
1277
2
7
8578
13
369
6
482
2
32
744
647
6
275
6618
9454
5
43
93
9
368
801
9492
97
835
2
2
6
47
1
64
514
9274
1751
3865
2283
8843
55
9647
1936
436
118
6
9
59
836
45
9
90
21
2309
953
3
7899
78
289
863
9794
100
905
7
329
476
8
100
6602
55
33
70
2
226
6
70
4
45
1219
13
4793
9860
3
3905
350
22
9823
797
7
7825
931
270
8
781
1
7
3829
17
141
152
447
2369
447
4363
1644
25
4
7298
8
7760
28
98
849
5
4123
93
43
2829
6422
249
767
47
472
73
8557
7013
8
243
2
732
67
771
9
6
7
5127
8930
48
17
514
35
5710
32
61
712
576
95
2
40
28
9840
51
471
3
929
34
75
10
4347
29
74
68
8
1
204
4775
660
79
3551
10
2890
8
864
107
841
71
1
140
8
292
512
21
942
8665
9
65
8
8
6
4033
184
8999
8
1
1360
7
4707
9
65
8
14
99
112
2
38
746
1
532
31
9
19
4489
48
9761
24
2554
33
19
70
10
7029
3023
8938
9
8
82
4
11
14
872
94
9005
154
1
352
36
604
64
60
6503
2484
656
171
8
1821
319
299
56
2127
7
54
5613
13
34
2474
98
87
10
8
453
88
276
177
394
2
2
12
12
215
10
6897
547
2760
9
425
41
751
1
4
7499
1786
89
973
49
861
68
1397
188
29
84
93
768
3913
9
645
3
8765
6
2
4
3
620
1
644
923
9021
74
8
908
427
914
1
69
85
7
4357
963
949
218
2447
65
769
7
68
7248
6
1958
8520
2674
30
7636
1
24
3339
9866
334
6322
4227
270
8
2
8902
860
520
5
1
5554
8079
826
7
969
9829
24
9
2322
675
583
2
64
448
79
3
210
4
6155
265
4
56
3655
66
3
1
1
2
70
837
570
60
9632
6949
92
867
80
6898
6
424
10
23
36
55
3828
54
9563
739
4451
4601
9008
40
39
9
2
521
81
24
3
63
6674
5217
3
721
610
26
750
85
50
1604
7
4489
2202
1
986
252
3672
7772
3
7591
1610
2
4812
9
8
88
10
592
5
215
4
907
6
73
840
1
86
2
4
602
292
709
9
58
5
978
57
552
554
63
10
8
66
9462
7894
4
53
643
8
2
4003
8
664
23
27
531
69
4
72
19
6
7
853
2
27
77
324
27
807
2
9736
4
7
10
2
32
1784
6145
35
81
26
81
785
1000
9
6
404
16
794
2402
706
148
477
515
4
2
5
942
48
311
17
8460
551
4516
5
6727
76
10
517
769
9
3
90
7119
9
26
4044
178
9025
3831
962
8724
3
9481
8845
1748
7
65
9269
10
15
1
625
9524
901
487
954
3595
7008
930
40
9
7
838
23
704
7
3884
328
2
1115
12
39
584
2940
1
471
71
44
7
100
70
8608
9
2213
734
32
553
18
900
994
32
4
4
7
240
219
45
3909
7735
7
74
8
96
13
98
24
9925
6
72
62
11
10
588
949
8108
4978
321
2
6002
72
4
6
9
737
6
9
502
8845
156
2251
9
335
8224
53
99
19
5
4
71
23
60
3964
762
5
3
7492
13
8087
7
1
8
43
5527
252
9
4
44
2
28
399
97
6269
673
1122
92
98
5487
291
6465
757
10
70
781
68
8
2
7
739
4
779
817
2813
853
4365
1
38
15
4
25
303
105
3728
1
199
329
52
250
84
80
516
353
994
2
434
12
731
6
655
930
5
52
358
115
10
2
319
6803
81
9
33
507
3002
13
6
5
556
5
5
819
4317
484
7
1144
320
5
17
1892
18
31
64
15
57
752
771
87
145
10
4
4788
882
5946
218
9179
8
75
135
84
4558
97
270
7978
9
176
4
43
76
399
8
5179
107
626
8647
650
8983
344
1963
894
312
3
41
3
7
93
9451
5
78
10
38
2
17
83
50
3
83
6
98
146
6641
4580
6875
37
53
20
1
5652
38
841
4
3
11
50
4
59
527
329
7158
83
750
2985
22
1704
8878
8177
508
954
679
659
8079
53
3
3
9
100
52
7
6043
1118
6591
2
5
2033
167
866
87
93
3
633
19
901
2
8993
381
1
6893
9
8721
3204
136
52
874
943
10
565
362
3
8
48
81
53
8
938
3
679
41
62
1
6523
99
65
10
3
9
80
90
9
9
4
46
9376
912
785
755
5
31
483
3013
378
3
789
32
4
2
4
8
6060
442
1
32
3238
957
51
1
8348
678
77
6615
3802
6
6211
8270
1949
7856
953
6
1
8366
3
1
1
57
9969
24
399
591
4
9
373
99
7084
7029
7821
864
5
360
16
3
5963
5
1
820
45
17
49
37
884
4
69
8321
384
8
231
8753
10
6
31
1584
15
31
60
844
8155
961
28
5
425
7
4565
13
8247
4
100
8
59
588
51
1
152
44
5859
6
4
3769
33
279
7
86
5
4709
2708
79
7554
7
18
1
482
8
116
4
920
9444
371
546
9
136
83
170
321
9
538
217
88
8
2
142
71
98
63
908
81
45
8324
3
514
3455
390
1787
903
9
7506
3
160
7
6
3
295
4818
778
1
39
33
4
6958
2
58
81
873
93
80
4
23
746
6
4422
3
2487
5
3
7567
610
49
74
691
495
60
50
5639
79
76
50
551
9
39
9935
1
322
5
154
2
89
9842
43
3
4
447
810
41
99
7
844
5590
6
322
10
33
209
612
5
3257
5
804
7117
325
8227
3553
5
51
6
8143
1
6419
292
8
455
211
62
5
95
9804
704
26
9442
23
95
32
3792
2991
27
25
180
49
6
82
77
95
65
3
6856
76
10
461
494
51
10
64
10
8
10
5805
7605
54
3292
5010
188
84
5
966
10
8
70
852
2802
7
5752
5947
436
53
174
5
884
6972
218
7353
1
6
6708
592
81
942
1
61
81
535
1354
39
7
26
20
3
3795
6
131
7323
98
90
4653
4606
40
785
10
10
7558
68
5441
5227
2006
1
431
9
8543
42
58
49
707
52
1541
293
4274
9
4
6
6553
5832
1
339
28
97
42
428
882
814
59
46
6
45
1817
5112
9
164
5
4474
8
7
5146
10
62
108
7348
39
199
1283
12
1482
45
4798
537
9317
5
794
58
4009
8
4558
47
548
44
5
31
5207
301
1719
856
96
787
519
25
5
2362
316
841
6199
6526
720
2618
6490
1
27
786
2825
7700
711
7231
2
69
1296
322
94
98
72
96
9473
724
25
60
1
166
444
1
3001
2044
6621
1348
3
54
58
371
514
836
756
10
6610
6781
47
9679
229
3923
74
1229
570
10
79
5
1665
9746
1487
7
105
7
1
7
330
6695
86
9
9
1548
8
782
4349
3
521
8319
7
6053
9292
389
835
952
9
7
65
6
10
11
9
9
3061
553
76
45
92
918
9453
2526
289
827
2887
908
91
5
3123
2
3729
99
4
2985
2578
9
254
665
4656
264
946
7
2
67
364
60
7920
590
3
49
69
3111
4234
9502
2
3
8
53
6
2638
44
8605
180
10
2
215
39
5
7871
1
5
247
24
1
68
27
175
496
62
36
757
6
611
10
55
6131
1071
8
1
5
3690
8
4
8
63
849
5161
328
5931
6
48
15
193
13
962
419
6183
657
1
1510
241
6852
9
1903
656
580
5387
6
739
563
615
1793
56
3
618
5
5
168
9222
5269
9338
74
1262
7
2
7
265
34
10
3375
6
7
170
7
4
89
90
49
1506
1131
1074
41
9301
7018
6
1
6410
81
753
4
570
3
2939
10
15
67
9144
8
92
916
77
9699
738
8
480
902
8897
1388
510
75
7
3
4776
5269
16
5601
9
413
478
48
4328
89
4295
98
72
467
9122
2
4679
90
