98024
43227
24860
33766
26135
72124
24086
19166
55613
40148
64631
81149
11186
49383
13112
36998
80781
40988
1671
67605
76760
39299
58544
45853
23424
90768
60197
15138
74073
92517
13936
52296
50835
72350
21582
57751
96650
70165
8634
72740
41793
59392
83575
518
47397
74172
93540
32764
74710
60596
27112
71100
91642
63270
56436
58217
75286
50442
91611
34544
83109
32934
32647
36544
91930
69745
69088
88984
63286
85844
41050
28971
80776
46977
92894
58473
87096
82056
44789
6160
78697
35611
65545
55689
29078
82556
40358
15802
37177
27652
73669
87568
71006
16025
24458
87155
24951
64878
80165
69838
54955
83706
63950
27397
94025
21087
13667
27620
47990
96280
94468
53069
16285
96196
37525
39165
80378
7700
41892
56902
51384
98435
84636
24011
28687
37422
50210
81203
57495
46513
64132
80184
87648
69019
62544
48126
45542
50251
92428
15605
1136
90259
82026
371
40271
95150
43989
27435
91279
55577
37480
55432
98445
76625
52968
20401
47649
23830
14105
96002
4223
83567
94020
69249
38961
87719
55788
7199
14229
90202
11621
64596
97292
11548
21610
15153
53678
92009
5514
27050
96869
89989
92665
38308
9293
95170
27179
24222
89658
75403
25541
8064
1192
97860
38769
60223
27583
47119
55844
38089
33057
75896
47445
71307
60612
19432
36588
92782
42194
70654
32587
53089
73210
46510
19918
73475
42794
25107
86167
98025
99688
2611
18279
41422
40351
20723
20142
63714
26686
31263
98328
58406
66325
64240
96360
39819
61114
45302
29345
97961
14791
6129
46144
31656
18768
98482
88107
83139
32738
54129
14559
8956
88215
89305
93343
91190
74064
66079
86624
63327
92489
30445
2137
53912
70526
28627
34165
87517
58858
98208
63880
16733
83213
15018
42147
51684
73330
79592
21021
60629
11615
2767
8890
32431
26685
6458
18767
32130
65229
35527
98500
39802
94291
81632
3537
6979
23665
336
86223
46852
85089
43121
32223
97331
27288
41000
38598
8790
90623
47218
77135
58483
95649
70806
31501
63031
63902
36019
68812
74615
35636
64559
98231
27026
91859
48120
77414
14109
84049
47213
2768
57424
34565
98300
13824
26684
92277
92008
34651
46019
39748
49996
34452
6145
99567
11525
39816
69386
17942
46671
11417
12316
41719
2824
47040
53875
16901
21829
30159
14494
44465
288
23439
67118
21392
48272
22008
14699
87032
46385
44135
63243
16160
93942
67775
75112
51564
55278
68447
95306
37020
13881
14654
86033
89954
36370
88046
69245
78534
77186
80069
64964
12845
65513
38031
80151
71359
93828
52539
73908
90332
84819
87738
47545
74218
92286
10140
19934
64446
17072
21361
92767
70834
45235
24628
59683
52541
66623
25159
22310
69414
18815
10070
98521
6159
1743
2405
17253
44866
97038
69478
89981
98431
23904
77857
12725
88313
36001
65376
23123
65236
32505
58016
70394
92120
62828
40262
94750
42828
83859
92952
71967
46598
7093
67508
1686
24831
7189
87978
80059
98361
45316
32608
64266
38804
3216
70506
56961
33352
76573
57201
81762
46325
78039
85134
41899
81452
69080
6773
95566
36303
13691
24331
54947
95749
58726
12644
91169
22005
79778
58584
57619
59886
14478
45564
73426
58721
20092
64287
53042
14360
65847
24567
82955
60301
57815
11402
70892
70128
79756
5620
15618
18824
13174
70602
70873
40934
15640
10254
46307
43361
99019
21209
77762
83401
87024
39459
26025
91977
93426
66419
13302
73079
80137
62176
93017
6162
88613
15796
67960
45372
41881
41485
53721
29758
98989
15708
49338
96234
58046
58843
11993
89314
31818
11904
56851
88800
66180
51153
97040
47561
15053
19091
57269
74736
14075
18992
69674
54209
87958
23997
11857
86650
49414
51832
80693
89317
83589
14115
13320
61836
95792
51763
67456
23889
40257
77251
80188
13110
8411
2708
52255
21383
37736
20558
60119
74924
93673
30535
66328
70659
29123
67436
10049
82855
19713
21177
3934
23082
58358
86723
44062
38957
78671
20920
59167
83789
36584
67944
4146
16244
77987
71796
5462
66943
85110
80628
99198
54374
82631
13104
68282
99795
96877
94483
9644
40646
23643
14788
11818
86305
17945
43555
72509
8285
30279
49460
66260
86383
27033
99747
64197
23158
22934
63526
71987
84461
91596
32893
44941
88643
15009
51127
23096
58514
59563
93053
47148
95027
97338
1846
20919
8524
95740
10670
25188
89855
20139
28327
21650
50387
60341
5076
2307
6631
32905
7775
77074
76639
40218
22116
9249
65418
87123
31405
74270
17028
1225
17628
18924
36938
81584
51828
20880
41182
12846
20126
5200
7926
21249
34826
44146
99754
54407
39132
42079
28015
13487
95984
49494
70350
407
41388
564
40188
60890
73760
74126
86370
30181
25261
39163
89398
66507
58688
1832
43781
19425
52968
98732
64656
16020
42522
64648
88621
97198
19730
35843
92545
51372
32446
81753
64839
71508
86646
70169
16605
69601
69039
47381
38360
81890
87747
36380
18350
90798
76048
27474
17098
73117
93740
42167
27269
87809
70789
7846
92592
7915
57877
81628
26955
46718
78429
40098
74448
42962
6865
49855
63156
14209
33653
84936
45032
25290
40
30430
93964
10860
85272
73360
49725
87180
92931
11251
35806
27988
40565
65115
22830
95638
39705
76135
28864
38494
17039
35452
58839
25363
6621
66261
16837
24963
77873
26783
93853
93119
11758
84737
81411
22677
11560
28632
44048
83006
51179
10862
27519
9830
98870
66751
29188
33461
92823
64987
94019
28379
69734
68079
83707
10516
38690
85291
82986
98980
14353
30703
50941
87753
34108
44602
54386
94893
36981
47609
63035
64962
22934
39517
5751
57181
60635
48015
8254
23392
50083
42629
46168
68291
62679
83511
33250
35391
72508
76300
5017
78823
95937
1169
80781
7696
71442
73347
82620
14695
4639
61841
24381
72401
1724
44468
558
73842
16622
48441
55500
57906
95632
13768
47334
49126
66732
65097
55556
44544
72224
52136
86407
24066
35474
40097
52324
86180
21677
64855
17944
58785
12941
37044
45946
19887
26302
52628
30533
43581
61333
68531
12678
41955
40795
99682
51382
68701
16588
36087
35879
67734
4037
15815
51262
66825
71080
28903
22263
57648
62942
3896
62315
42980
84259
41677
53625
38775
64476
3066
57278
2237
64291
55495
56230
3437
72414
27402
24174
60718
30922
4863
9410
24670
29370
22862
68719
47895
78986
35818
96831
9252
33196
13066
55610
9088
70254
15105
75971
26758
71725
23350
52872
18634
83022
25206
98778
67611
73940
38912
32320
36508
95937
59451
55974
48051
77383
88488
36780
19975
46929
98562
75663
20907
76629
41897
1110
71570
37491
38164
23876
43253
58941
34309
67695
63188
23383
12563
58110
19434
80132
92065
85446
67426
18390
58926
34728
67590
96133
92394
98860
8773
20568
36051
57307
92616
16849
38413
56715
73247
5608
11464
31442
16146
25167
25557
89515
61762
10454
69851
34045
69355
28023
6595
51552
72770
3997
58556
50331
10091
18723
82533
28819
87869
37963
57381
23060
17703
71976
92073
95205
29663
92879
54129
45777
58406
61078
16488
70621
64444
3606
81088
37726
58650
58300
87741
57009
6225
55859
63861
731
30331
35313
32517
92889
89572
99514
30992
57111
58443
68865
61589
97825
53197
59924
10974
53157
59310
63815
98467
54726
85132
13432
94190
56480
54219
15337
86787
7289
71694
77269
30910
89343
32131
28427
82918
51655
31973
31248
75509
66502
31201
22492
28789
23602
3581
14473
86520
23736
76209
46898
82271
12510
10170
46907
8149
6775
44032
78603
26236
24051
36631
60742
66867
27728
7377
71483
67390
35973
65116
19646
63881
65322
12600
91548
99247
19987
59838
13366
45271
3172
48355
31358
75171
21893
77839
38034
8791
40632
39559
63665
57915
36834
74983
71703
52151
61539
5312
99327
56512
78566
20331
43310
23031
40528
95561
49861
95825
14538
81181
50322
60302
44606
50869
35315
68890
65138
55586
83483
67563
96159
72449
35358
70559
90834
43119
70202
5015
92148
66557
89723
90195
51937
95862
28433
56846
63031
50732
45222
56044
57962
47496
38802
40914
79623
85493
88058
61239
76557
76301
11797
75921
34666
68948
89879
16282
31829
45942
55493
757
19192
52741
44726
33000
4341
59244
52360
98895
45681
71711
14284
83903
21593
3875
68621
63618
29334
74337
91646
38209
75537
51993
78810
54252
40234
75469
19075
33008
4606
47710
6645
51138
22597
88215
69439
54241
95605
87498
38938
36609
2823
41172
87202
26147
69158
69818
24156
25832
52464
69389
95578
33701
79857
67201
53904
23871
14820
43783
29642
54000
93589
58422
63014
27364
32081
5798
70530
85753
45569
92477
11715
98784
75714
23183
81917
28559
39771
96223
16377
81030
39886
68073
22085
44503
96698
3262
53391
29512
96221
22952
54498
86575
89602
3988
36305
29301
21245
34414
51076
51399
61147
9564
31953
50647
80177
60585
36878
24883
37524
51238
92928
47985
56176
24652
49983
17502
27204
6743
86274
64683
53293
97093
90847
85172
31709
28934
74884
29722
43907
77209
78678
6068
45394
87986
49831
8073
78159
18785
32176
14880
82134
75625
80505
2960
4999
57732
50930
32060
88417
81024
39877
38151
3385
35517
45516
44692
29556
78356
46438
91000
62114
37150
72839
26145
85934
97633
9818
99550
84942
95324
6201
44235
12733
46914
29492
74091
19604
3288
12272
48721
12842
5721
20994
8258
94225
14961
41761
5559
74994
11276
20109
82785
42662
70183
92970
3623
83594
22693
90535
12231
31433
7784
89874
75106
93600
56296
35963
73714
38023
87192
16742
71457
9743
9767
435
60951
54214
11600
72466
9941
93476
59516
81007
61068
87847
74911
40260
36805
40426
62986
63487
12488
45405
48302
23788
11189
72031
28013
82780
55557
15980
43890
84483
18149
95788
92242
67853
37499
24395
27549
11576
98742
88291
38233
10559
61672
86628
42157
64758
6476
73391
73275
70939
81934
28273
25198
64163
91756
30758
45794
52066
97486
99509
12277
12572
64010
89412
57883
36934
74622
75776
68880
90428
21803
11901
75108
34671
75652
80959
32295
57278
77371
697
42655
46277
85882
59068
4439
41265
39350
99966
59566
94225
20600
13553
40338
51204
21686
58215
21924
74245
14767
20207
99961
84280
71533
53337
74803
94628
78531
33528
1277
8824
68037
50244
78296
79143
77850
82310
58322
65589
72592
92474
44737
70154
31855
53256
19437
83585
94744
86316
58480
48854
95495
4857
7702
78941
43162
36334
72899
72452
23868
46141
62513
89043
23702
98944
27160
91010
66088
39150
14172
27587
56028
26926
28018
65509
37930
47763
19390
40692
18859
42276
91543
8947
54352
2921
56798
4818
50761
209
72337
37875
69869
66358
46979
97202
86321
52158
57321
56471
57722
5100
60133
95835
92547
3194
33044
70534
31961
33934
82427
4389
81989
1650
30039
63332
72925
14696
42180
84091
28807
14391
69854
19299
7757
2346
59980
20844
15466
13780
18118
52413
9541
40235
85483
49445
83322
21027
40390
15491
59878
8958
59611
40343
27466
54662
92275
46327
1901
56900
23460
58226
99669
75297
41822
31643
85525
71720
17746
28888
77041
12995
45967
22713
23645
63465
52613
45164
4092
55125
52894
18601
97137
59328
82453
45169
12186
49916
70095
96229
48547
79994
21090
77531
59897
65207
29589
44783
10314
55567
73712
26694
54845
78350
43928
32542
99732
79649
45269
48483
58910
68414
80887
31794
85227
8715
31425
5493
4185
89846
35188
64891
38036
79870
74881
49911
71873
36421
36422
77133
20690
14561
18205
23289
21075
59592
27713
55232
81865
31707
76443
78208
21167
72832
49542
41527
25120
15306
90240
46979
21596
59359
68014
42201
75802
80538
25517
11388
17325
61162
81338
85201
8658
17045
74989
8016
84822
21768
85994
31522
63511
46259
80116
81504
65787
21135
45096
25835
83596
97235
98494
64520
97250
57348
35150
23205
20234
95604
33602
40231
24762
52624
60049
79566
34527
42386
71542
48781
99070
94683
28685
75120
96408
10204
78372
43738
96585
847
79169
26785
49412
80666
10454
65555
8775
15414
18688
12571
93353
59765
37490
48118
89129
47998
82112
78591
74057
92163
70277
16807
95405
22778
52750
35759
42448
36270
80755
20558
21626
90929
58731
14545
41608
63907
79962
54508
10302
69282
84077
15725
46651
64212
39317
90948
76903
50886
16743
11142
70562
77461
84371
37724
54437
11691
79154
69543
59765
4179
94497
53246
22015
96319
22238
65082
23649
70151
80072
85805
41993
22629
3616
95050
45335
73606
29393
9214
32206
88353
83437
46089
28678
70818
4193
3763
56543
27911
56142
84651
51457
7890
93190
23362
34491
78334
12680
59108
84429
25375
32838
69419
87008
85807
60569
87402
58176
80844
89478
4456
33088
63079
38159
70943
75860
72247
21373
93438
10582
28320
26011
39362
74729
9831
11724
46261
17676
61317
89258
13907
83574
54833
4317
60692
85953
23712
86184
10504
19248
68324
33907
92526
44018
53836
98726
56722
41457
9433
66014
62954
16165
5352
69657
44814
98913
26731
33875
32094
56714
42250
39806
15444
64614
67240
24772
86483
21957
43769
56299
85073
376
83368
90205
28551
98039
45191
35432
24983
19626
19445
18412
77712
85652
62068
22196
90300
89827
54573
77694
92788
62303
46950
43104
2772
61828
91943
21636
60533
87009
71278
74357
12781
21941
56234
15281
35291
34576
6625
44476
5237
70154
23559
87543
22659
78827
38606
87212
11224
48103
37441
26010
44712
87883
41609
41069
18850
58806
71018
81509
24864
92704
95411
97923
44826
82190
3862
70791
96480
66968
42221
71888
22482
51919
15512
63425
95449
79968
55291
11925
28462
180
60418
45167
87617
79743
5545
99264
90387
16354
6709
27101
97588
6753
9264
23257
5726
82916
79145
24163
26769
67462
48292
90945
72047
69911
8770
27701
7741
53277
44047
57042
89890
69148
70191
81058
61548
55187
78341
62222
58199
95758
46825
58563
13003
22583
39105
4015
27997
51193
89042
47970
44904
5174
55754
93374
38146
11861
13924
4762
59835
20487
48158
48634
47788
46735
70500
89497
6465
69045
78087
14696
27437
55542
19983
53660
58277
79063
74358
24000
46367
35624
40377
49274
92480
10026
77998
73009
82996
8665
7015
68883
31351
24115
8733
5299
16514
82942
45383
92046
225
42758
61119
36556
28878
43185
98960
15465
2381
26534
35657
65995
37588
48995
47835
197
81923
14730
14016
10444
8195
43575
63163
37844
17486
18427
57710
98756
8512
35962
84727
20529
56827
31017
90271
31607
91131
78322
39602
76868
31183
76488
73092
21305
92064
67486
15009
41845
17175
73747
23130
11827
97042
89202
69078
39198
23992
56376
76189
75689
58596
98960
16749
68321
71147
28134
87958
48700
62638
9002
36684
3409
1786
51232
47765
45839
17169
47521
77725
78630
69439
91511
90035
34775
65982
89382
16422
17485
88568
73677
42528
93379
13173
81972
47422
41836
5939
24841
52920
11213
65767
58146
19916
13927
95976
699
22024
9333
43419
11898
39518
56243
10605
66256
90713
36490
17700
84296
93830
85524
87730
37335
62773
61338
22311
56675
56890
7891
52428
65389
94623
46914
40016
74476
72092
44973
47397
48471
70028
77789
9047
45641
44993
34278
37533
82323
684
6599
70868
97388
59264
12824
21438
33756
61734
47580
63645
91889
7160
46288
67962
90445
87403
81107
84753
11286
92128
6469
21960
18366
14149
63586
35136
91056
52579
77806
25343
33805
75945
81082
15754
49548
94047
58587
2089
9542
40834
96102
57051
4466
44709
82582
26909
43959
58686
64207
32713
87162
91802
94469
64266
29822
52734
62027
93713
86408
42250
73785
45096
29196
30962
91984
52563
97676
35038
92157
82219
51243
9567
37998
99175
2106
56966
84248
56134
45574
87003
26384
27406
31760
6652
4932
96837
43609
33866
54887
155
19891
32403
61265
76642
74467
67757
60442
59375
72491
81333
31106
69081
57557
82731
75833
5944
75191
30079
44092
9163
80350
97786
22894
39011
32476
33754
3652
30232
80299
81608
78578
95341
3595
4723
83791
44956
54519
84649
33923
74284
48874
78619
14183
78775
64730
33881
10783
14967
11106
74364
43640
14858
65558
79402
18846
5676
85300
20953
39903
82267
86853
58877
53433
14168
42064
16656
22534
99348
88029
40444
42429
57327
52349
58684
59055
16171
64249
78773
52434
67220
61978
79083
59728
49626
51456
33476
71715
75675
21437
43628
36808
61697
33125
49624
9416
29427
98189
59987
33178
26132
96177
66602
38007
94579
30036
21523
40492
22766
75287
29072
46395
64948
34969
67770
56703
42313
37929
13427
13591
28563
1172
99959
41388
92533
10452
58062
93520
90554
40138
49413
67367
19124
46609
30321
15868
43151
19732
17909
63964
89314
35749
52962
60082
80967
66424
72671
72179
62295
49544
92794
59778
65743
5800
94326
40184
58584
60313
43678
59868
67734
80644
51461
28863
17912
70938
65668
71049
99603
74713
13313
64724
52012
68192
67423
56258
19390
87358
95051
90403
56101
89938
13193
42934
41373
74844
71831
32724
80689
76965
74189
58594
42044
43160
95626
72229
85738
41206
52575
7342
31364
3621
47743
23797
23456
49729
32267
31206
11830
11955
84915
36142
42263
37261
77794
69545
92405
81357
45997
26150
64005
56882
92074
18016
42354
30167
56328
8355
62717
25258
52632
58680
52441
15441
6297
43104
21622
41500
51661
97039
67811
26483
16371
82007
31644
53217
62256
77168
7389
40085
60176
44138
23106
37875
81940
43601
82698
96901
21527
52127
98486
12842
46242
75362
37385
43938
59540
88432
74242
5381
20129
69802
3338
64313
72748
78446
84797
49290
75110
63698
88187
85158
29180
67537
179
49799
33004
70316
26422
62302
54333
10459
63207
45859
94893
32842
54633
89638
62096
9569
95099
10053
71030
19654
51721
39522
77754
91798
75188
22546
45619
80139
94962
43809
94922
64604
91013
91290
15333
10594
35815
92361
76807
1848
42990
39468
39332
92814
57309
79209
53739
52566
61700
80867
75835
15903
50363
36845
64247
59423
20464
33207
28965
65872
7576
78210
74259
14127
45252
34418
17315
13919
86896
22080
55452
87972
23932
21889
48300
63870
46385
17065
84105
9174
44721
87435
43769
56663
66102
67876
89618
58192
38692
22852
64535
94363
44642
61068
80830
30078
44193
18871
711
944
61610
98176
79086
34392
17559
33232
71098
380
45523
15657
47579
19346
7507
60740
60719
74559
80609
48097
27427
22444
13477
54070
89190
32409
83385
44580
9497
8977
68529
52276
85199
61431
71280
3304
41487
75107
54342
62305
70170
95183
97540
81330
20406
24404
15041
27751
88565
49959
41357
77547
68214
65076
76600
52381
72379
48428
66444
69655
89003
52739
8854
51534
85795
40681
3531
30980
13749
33815
65090
51533
95969
73375
67268
84968
97214
9833
86836
60023
87437
67185
41685
90085
13903
58464
90463
20403
91777
84122
83331
52321
9270
18024
67261
85944
63998
98186
30409
54807
60610
55235
52051
66277
80529
61929
44274
41297
85418
91553
76755
23910
71886
26752
1530
47143
65506
92277
97020
8501
427
99670
82223
92746
16956
46691
87305
41944
75868
99209
920
39460
15783
23819
86173
48690
96699
75044
53554
41907
67619
70160
46582
78007
95276
21896
25729
88990
81293
50955
30196
71225
94828
66474
88005
18886
24597
74334
4861
13374
96368
82507
42771
24474
45614
7093
96992
56735
37346
39331
27858
8576
81310
42291
14056
50759
31699
18609
55946
39352
62274
92931
2768
49451
91546
43800
27923
37436
73943
13954
71794
20159
56903
49282
81515
41114
60632
90965
50544
41741
12298
67658
38474
27272
5921
5585
76058
59045
65666
92504
17181
23778
59332
4822
58213
2945
50723
18341
60628
23537
65047
61538
44081
80512
59389
22087
19057
75288
98745
91000
37441
2720
88327
99275
38100
72213
1392
82760
25599
98220
11784
89654
23085
68221
78353
52723
39257
8711
38803
88756
36164
97381
93569
30340
28792
41708
28285
65922
3749
61448
26198
95765
68457
35628
75715
95830
506
4953
44083
37714
93776
49505
40617
56132
62665
65075
61191
49334
55772
80240
72012
43114
8712
33566
64894
31439
21486
47248
96220
40839
63185
91286
70242
46692
39939
10956
14662
80566
43132
67964
4164
48108
19674
54265
47650
43031
33755
9502
41093
88601
60473
34452
30697
12367
91918
75546
35299
26406
67754
54469
92208
43882
7787
4241
2323
34262
80558
43970
96189
40098
98043
55032
59286
75179
15149
11071
78687
26310
39705
1671
60849
65590
3486
5241
36180
19814
17500
23340
87740
16348
71953
45313
82578
23409
48615
39839
10921
22507
8794
43136
55054
22211
27420
26586
69608
69718
68331
58355
81346
8068
29318
21718
71864
95571
35793
79838
47193
67420
3797
22882
21858
64043
74432
54609
54597
60490
13833
35773
16211
10877
74409
32179
57414
52531
25227
38139
93129
69154
85752
18873
44835
66296
93706
67921
12122
14596
9757
5973
60995
3271
19818
46184
99218
98089
19374
90350
62018
21715
1974
81755
10396
30422
90221
23
10052
6583
44681
72502
72746
84625
87318
40046
76599
2284
1295
58052
82340
38438
128
34663
10858
11037
39354
25981
11753
67322
37283
57393
93078
25344
95805
97386
56107
8797
91344
77010
80815
97546
76211
15031
52779
22233
65048
56428
88042
57248
53177
17598
12819
5611
41532
81239
12493
71299
28282
15376
47386
72050
58692
88819
21090
82849
21258
63081
91440
65490
94074
58043
44291
17358
90101
62463
36215
40121
47215
40643
4164
33055
86653
41309
53876
39738
39530
56558
16138
1274
24507
97420
31106
57568
58310
22553
49708
44668
20253
1066
65963
57418
3647
63883
23654
83836
99218
15952
6558
63430
75528
92464
27516
47441
63052
29646
39042
58781
84826
39438
12404
6392
63826
13676
54293
94116
83471
1014
73231
7522
84906
66078
71088
78880
94580
88212
43582
70354
27648
87637
41966
57295
73665
24051
26647
42391
82227
24445
68197
8464
69947
37647
55295
97890
54417
51170
21446
13532
45826
12366
97303
98551
2036
61373
60627
49021
59336
91242
15999
70266
92672
12269
69654
72950
42159
3334
51439
72934
12149
83444
51960
95869
76207
24550
37584
95333
97941
63135
89209
43276
22301
70752
27717
36314
9348
5086
75382
95560
68132
57039
70608
84674
37624
36531
20576
89299
57969
39339
87304
79449
14064
88562
98074
33790
80527
36679
81770
59604
74060
75807
1100
62611
70022
12554
29910
34754
4049
91320
38496
60607
84990
26241
45444
49887
17891
29311
75015
80188
51279
87906
38072
25043
99905
79397
88354
77796
2695
76904
46467
46052
66075
53965
58962
24113
3719
72613
16482
88378
96447
30746
82282
4634
16800
50186
53029
65601
44792
93396
66360
80521
56528
7348
85997
65767
85557
63640
23780
66651
42840
76064
48604
36524
12966
47269
95327
50234
49590
67599
2890
50293
11845
80228
97411
90782
51639
2844
39068
90620
95502
5087
34902
73216
99654
77364
68643
19074
36948
54146
50656
66611
90554
22699
84743
37345
35382
12601
3508
30977
77669
94767
56753
57245
14505
36268
53000
48347
31869
98170
15176
87915
36259
36394
16598
70516
67712
37236
88650
62653
37995
72852
42902
48570
59361
79077
97436
35568
26138
26395
1506
41156
55755
66867
89106
76766
68601
3189
3013
11205
61660
98735
39614
33859
59227
23789
39240
77428
52631
73908
86803
50622
16924
5572
71686
1614
35278
90507
24606
20998
64432
43492
89020
31759
19635
44107
49025
27881
47784
22316
94974
92805
11362
70053
24981
69368
25945
1223
43029
64983
48800
17946
42649
50853
37527
67774
36408
6100
15042
71798
16153
3230
39691
10015
54218
66012
97214
157
10544
49780
67698
73594
57952
45132
49120
73529
46568
63845
30821
217
48331
15212
7382
66990
44849
85779
98861
74084
55363
24740
83253
87487
7509
26874
59917
14377
24437
5019
22481
66386
81
61458
50173
27429
66592
20722
35855
13571
78508
90474
89916
15211
7652
41656
38723
69832
70215
69977
18386
74009
72177
15314
21113
28016
38636
26587
42549
14733
78665
4174
83335
38028
10516
533
61488
30330
93152
26965
24156
14680
89190
49960
73924
24852
13909
22900
65092
47347
75998
40294
91087
77357
55191
58926
61975
92818
97902
85695
38867
36877
44959
2754
67892
6112
42570
33902
79768
20394
31898
12951
94655
21175
85658
52790
72642
87951
31296
63456
42015
50529
4463
15378
97737
69631
854
76091
25584
8893
33833
97526
64268
73984
78800
58312
52868
91120
18565
98126
8702
10624
95296
3483
68627
62584
83232
35140
82983
33472
7854
42092
79336
78302
69709
3071
71795
74105
19183
33480
9941
13444
15207
19215
49564
79006
20442
17845
59088
23663
55996
6000
80983
91114
67526
24097
54357
490
20795
50723
36054
89878
6282
77449
85088
97660
79115
24257
86869
99900
83452
89291
26055
52143
8879
51112
99523
78762
60385
9623
57659
88005
92872
62083
99666
98324
11417
86729
5668
45735
82933
67496
50991
42011
22832
7508
67279
63101
89925
18867
1083
45155
87863
65286
37125
18920
99064
13865
54879
89941
86919
62068
92219
86126
77719
88243
11939
76768
18251
4292
76370
15432
36665
79425
4427
18491
49099
17888
44715
2591
51407
1120
62605
51423
70334
71929
18026
53999
60628
89173
54766
85942
1786
28230
624
90753
64178
60632
15099
78991
73061
96673
56496
70848
40332
18865
48447
30560
68268
75904
58205
15489
59731
31039
58276
44622
35025
27222
55500
99073
45061
790
94343
48253
70428
53343
81166
59353
12687
57719
2346
74059
58831
49469
86277
14536
50696
5359
2486
15986
51803
20178
35558
96689
43592
38454
48625
72743
73074
98456
71580
73251
87514
69367
34515
936
61627
87829
27299
34486
19013
92512
92592
1882
14646
4605
38252
39821
49435
21833
62599
95307
85610
77549
13570
95753
29667
6585
44048
7406
70633
49144
42678
17505
1652
32170
32744
96853
58097
59427
3292
8370
32387
98487
21054
49041
5147
64767