6720
65151
-2573
558
89
-44981
-97
-89
-96
-895
4378
99
-64899
97
-21804
-893
62562
-521
-688
-289
-632
4924
-5738
65102
88
83
-284
80
8798
1140
-3052
100
41477
96
-586
-75180
-91
632
2730
4112
889
5175
-218
9079
-73662
635
18913
8480
-851
68941
-8466
233
-100
-83
-87872
-937
-3611
-96590
-332
-6120
-17762
3644
-87
-2687
-2655
-82021
-1290
4585
991
-689
-813
-169
96
-863
-88
2589
-73642
-95936
91421
870
-845
2935
1303
-84
-451
-169
724
-36413
-828
31039
-25660
-77915
81
-95
-100
-99
-88
-46052
-219
97
3254
53067
-761
-696
-7941
-86
-405
-77639
86
-7774
-90
-79985
479
995
-87
14141
4418
-28477
-963
-2412
151
-4755
-49712
5784
-70505
-8275
-84583
-6544
-986
-50837
8770
7766
87
6848
87
-93
-3935
-534
-540
85
4226
80
-742
6408
-100
-491
-83
-80
-90
-521
-43215
-384
-11817
-3627
-85
-67257
-4375
9270
-974
107
-8178
-3177
-58258
-497
-69664
-87
-97
264
98
-171
-370
-14801
-87
-96
53123
-98
-40098
-94
9368
-84
-9204
-86
-1640
-108
95
6643
-496
-426
-8212
-625
-152
8078
-4641
-9642
-3268
-153
-509
-90
90228
-73209
-78759
-98
-2204
-86
87481
867
404
89
31547
7754
87
-39561
-472
87
295
8704
-2372
-92971
-73685
99
-724
-35036
551
-80
3432
-1049
-6294
86124
-20033
-89
1988
-99
-16980
-810
93
103
-520
-2695
965
-88
-83
-86
356
81
-151
-88
90
753
877
92
730
-4268
87
86
-93
86
-19532
-41682
99
-80
-87064
-86
-911
-5061
-99389
-84
-21288
-39349
-100
-49007
-2395
88
-1913
-61273
90
-9105
1158
-311
121
-87
-1386
-644
80
-7259
-99
-925
83
479
-46832
-96
-661
-2846
-65014
-92875
-170
-208
86
-30017
-5339
-4462
12347
-807
-100
-96
-383
88
-9782
-480
-88057
199
-5262
73831
-34255
88
-695
-4020
649
-80
-74501
3540
41686
-90
-56653
-96934
67972
-2959
-4993
2933
-514
-8754
-381
-75402
1335
-53067
85
-1622
-143
-62913
-248
-4950
-998
-12611
95
901
7388
-10939
765
-438
2761
-82665
-54414
-11748
-775
-80
-2332
-557
-20747
3871
-3091
-99
-475
-6069
-6727
96
-666
-2098
220
-1942
-7660
-97
-825
6359
-408
89
-2207
87
-2299
81
8291
90
1087
-1309
-152
95
-201
-672
-3385
-153
-193
95779
-27708
-80
-80
-14701
257
-2104
59165
92
94
9426
-100
176
739
-78979
-81
-385
84
-34795
-89432
-64779
791
-99
772
-87
-654
-96
90
-417
400
-98
7282
9561
-7739
921
-95526
673
94
-9519
-296
-628
-89
100
-910
-860
-8557
-8503
-173
-4940
-25289
-99914
92
-99100
1708
-307
9980
81451
940
-93
-368
81
-146
-7513
-52699
5205
6659
-92
-6821
-94
6428
26251
-280
-7456
60464
-97
97
88
88
-254
-96
-69527
594
-82
-3232
-9928
2251
-4146
520
-742
417
-47998
-81067
-91
-94
88
-8015
4292
-198
-4935
70254
-1356
87
-491
-39514
-60996
-5843
-604
2706
-88
-87
-2953
84863
9807
-7094
980
-3122
-5109
-2824
100
51005
94
146
-92
-92
83
-98
97
-423
-9850
68106
-56847
-93
-81
-20959
-35444
-474
-86274
-4366
17485
92
-81
1562
-1676
91
-59039
-6757
72147
470
-484
-92
-214
10437
-331
-1174
-96
83801
-8923
1183
-654
526
5544
111
-3141
124
-95897
4830
9291
-767
-9556
-3939
11250
-635
-6709
763
8148
515
-515
-93
400
91
-6573
-2950
-28757
6666
-434
-255
287
-86
-98
-99
79500
331
-422
-4199
-7537
-935
-17750
-14745
-12924
6607
-96
395
-56967
251
-3203
92
-559
48625
89
91
9683
-2134
9209
376
16897
327
-9174
822
805
-100
-1943
-81386
-73619
-80
-612
-5442
-99
97748
-86
8129
96286
-763
72989
-94
-91
-535
-965
8809
-20008
2156
84
33344
76062
-603
-7602
-488
99
-669
1584
-347
306
-730
-61961
-4452
7508
6462
-4261
247
-298
-4947
99930
-50502
90
35820
-5617
82
983
-1769
-2226
684
-98144
-74869
-1982
-452
-99677
-3077
45087
99
26940
319
-24577
-96
-854
85
63029
-67269
22335
-1298
-71078
-93
-90
-78873
5816
-123
-711
-96
-99
-80
-2747
-74817
4793
-5872
3977
-460
-3490
-7705
-86
-32683
86
-81
525
-96
-582
-1972
-542
-9076
-96
-852
599
9276
8896
-97
-134
-6725
-111
306
-1802
-92671
-86
-9255
39500
1472
-248
665
4853
542
-7377
-2180
-2428
-976
-9086
35435
651
118
-14646
-335
8017
-15905
5357
-96
-55831
-46279
-87539
7762
94
81996
715
-42935
-603
6615
2850
95
96
-77672
316
-99
-47395
-59048
87
-202
-9758
-504
-100
-11462
83479
-233
202
-862
89
162
-89
90
-6421
15520
8614
91
-95
-331
-85
-83982
66170
-83239
-18187
-97
529
-43852
-91
-227
-8010
-93
-100
-87
98
63328
-456
-99
581
-539
1768
24806
-9873
87315
-72351
17442
-75665
-69629
-84
-8980
81
-1090
-112
81886
737
-36784
88
-2452
81
-43627
-1005
624
3114
-16639
-96
896
5780
-92
-96
37390
-5603
-60914
-80
202
-95
3376
82
-89
-927
-64018
603
-45897
-98
-52477
401
427
478
-64032
-4887
-1512
-8586
-5534
-86
8679
735
-47935
-80
329
-971
552
-86
-8643
-920
-94
287
3998
7085
-1954
-80575
-88
5992
2139
-150
-672
725
3387
7200
-84988
-532
-89
-687
31927
18029
-300
-81
-9128
-87
-2733
3019
93
2389
-68830
7356
-97
3948
-710
-9471
-9251
99
779
-759
20586
-776
-692
195
89253
27455
2965
-85692
8812
99425
-47563
-87
92
947
88
8485
201
86
-53287
-57999
-177
-7745
99
88
-340
-85
4551
66142
44111
-317
-9413
-74141
1639
-8724
7195
864
95
-89
296
-3212
-10428
-771
-39111
-45008
-61291
-65903
-81
87
4538
-100
37958
-49453
5926
-954
-89926
141
691
3652
-980
62150
-92
-568
100
959
-57553
75539
-92
-606
-6270
-89383
-81961
4406
2273
-821
90
94617
-56362
-91
14404
42300
-93
-81
-4102
-21281
67773
-781
-58537
-348
21119
32891
-93861
-631
-94909
-14869
-7595
1515
519
-86
-1858
99
-94
-92
94910
-86869
96
-71516
-91
89506
98
71119
85619
3389
-3238
990
92851
-899
-53303
87308
-84
66733
-96
-553
-47755
871
-99
-87
-5820
-519
98
-10415
-45353
8006
-49805
-91
-90
-677
96
70244
-90
-2641
-271
-939
-90084
-81
-81
-720
-59580
1188
99
-654
86
-2714
99
-6547
6775
-92
-780
-89
5160
647
-81
-80
-99
94
13629
-97
-335
-589
-93
-3258
-100
75414
-4549
-49430
-96734
868
96
98
-87016
-594
-38603
-86
82893
7743
88
-9787
-91
2772
-85
2155
39176
-87
-45284
-984
6519
-832
-81968
-1130
-91
45051
-97
-328
-771
808
577
9741
-3008
83
-23210
-98
14371
8525
-429
-24250
-784
6021
90925
-407
-44840
836
246
94
535
1400
834
8777
-7803
-5696
310
-81
-30786
6432
-81297
-90343
91
120
-85
-4510
65238
-1325
-84
-682
-51025
-751
-967
-5001
-1846
-1000
-91
946
-97
-411
-95
3768
861
85
1194
-4802
-60895
4333
-5931
-8059
-5559
102
94052
-381
-8751
-83169
-7929
-3596
99
-27077
-96
-82
892
-8213
-83
-3594
-94
785
-78026
80
-98607
-5087
-833
-3585
89
952
-388
-35486
682
-9632
-90
5861
-48063
11419
-618
82
82
-46943
133
99
631
-91681
21950
2738
-10475
24113
-19143
-99
42763
-45994
93
-91
70634
878
-2636
-14152
-92
-1070
-21531
-77536
5739
2510
-91
-96
-84
-99080
-451
-87
96079
-313
-15829
-33764
-84
90
-99
43718
-6974
-423
2098
-4724
83
19025
-60229
-6333
-92797
80220
644
3877
-6865
-7741
-286
343
70980
-74901
-14152
-87528
-901
97
894
5432
-624
4095
-49833
-49240
-851
-90287
-53903
7179
-2790
-82
-100
-1416
-83
9903
-1472
-76723
9692
87
-4576
-558
-84
-971
-92
-324
-784
7591
-2028
7039
-99
-420
-3903
-693
-85
-3735
80
22182
6362
95
-223
-456
88
-9339
-719
-9078
-643
93
-162
-736
5414
-127
-14987
-4882
-93419
1883
-879
-79103
-98
-140
494
771
-49868
-280
17099
-99
-4715
-558
-100
40472
-174
-4961
-98
-655
-2068
-90
-8942
82
-472
929
-793
-9227
94
-37194
-801
-2210
452
-93580
10654
80
-82
87
-7631
86
48675
40004
-2260
133
-8329
887
61624
25896
37072
-5558
-533
-37254
-1652
-68057
-4019
1281
-97
86286
-3103
94
-94
9926
79295
-4822
-91
25129
-8951
755
-92
868
-5334
-28317
-814
81
-8207
-519
-5462
-642
96
-8543
-93
-1044
8717
-96
2387
-80
1975
97
-68361
806
-97
-676
-88
-24723
47352
-89
-228
8608
-6095
602
79742
-93
-305
-91
-45495
-508
-9498
-87
26307
404
-99
-705
-90
-93
-69125
4764
8591
-81
45956
-729
28050
40745
-275
-82
83
-96
-8591
-85
-88261
-221
100
-768
-2738
-523
-566
-90
-89
-842
-3297
-633
-733
-70143
-741
98
-58507
86
93
224
90
-95
428
829
-868
-4509
2833
-89
-78624
100
-98
82
-419
-4774
82
-678
-92
-188
97
-9535
95404
7505
-4613
-90212
-763
80
90
-81
-328
-33304
145
-8305
-82
-953
143
-3219
83
-366
-497
137
-92
-75076
-870
-4724
902
-585
-68284
-88649
-47394
-14577
-9907
-174
-178
-757
-10201
-227
-90
-75484
-99
-83
-971
6833
-992
-97
-39612
-298
-82
213
-1908
-57935
5249
-90
-35229
94
46521
18271
-8764
86809
-88
5536
8643
59526
97
35226
-146
4095
703
-71625
878
-773
-67936
-90439
94
-1758
88
92
-483
-664
848
-971
-3474
-82
-39302
-97
2785
8349
-394
-87889
-7750
88
8661
11004
-89
3440
-89
-981
-44701
-22324
752
-95
95
-4237
-622
13207
9512
-9875
-73099
-4762
-85
-653
838
-8726
95
124
56930
77959
100
83
2614
-100
44900
-7126
-23001
-805
4016
401
-83724
8843
1112
581
-87
15081
-1572
5185
99
-88
74743
81
5588
10564
969
299
-84
92
-4062
890
7570
-30943
-5210
95
3977
-642
-67883
-6807
6866
815
5160
-220
137
-8372
89
-7440
-8591
69591
-88144
-428
582
-631
-79270
-3990
-4390
93
88
-24034
-951
-939
98
-85
5005
91
-86
34285
-82
-97
-269
-84
7607
-88
-971
80
-97
-1093
5157
552
3033
70403
-98294
-611
185
98726
-1218
-2929
7604
-659
42405
1872
-86
706
-93
-90630
-95599
-85
-50504
-84
-89
7847
79625
-834
331
-99
-80
-92
-90
-491
-100
86
-493
918
485
-620
-286
-100
86
-65842
6564
-84356
-48719
-87901
383
-3688
21906
-529
-5954
-3154
95
-93
-91
-220
-504
-94
-88
-80874
-3062
-4636
-5112
-88122
11886
-82068
-84
-76460
-41723
95
-32714
787
-826
-4570
1970
97
6555
-796
-86
-454
-5773
-85
-875
-7187
-5012
-371
153
-4798
3982
4723
3962
-52352
-99
-98
-222
-28569
26281
8653
-1698
-85
45568
-579
-440
-2411
-84
-993
749
46485
794
-59265
-9489
-749
-86
-777
-333
-13491
74239
90
-670
-82215
88
99
83
9819
-9321
-214
79471
-28653
-91
-1096
-54527
-14212
-49846
-123
105
80
-988
-603
-52630
-9869
84
-842
-8810
-84
98
-1036
-80
-89
-1964
-88
835
-585
83
95
-6015
80
-911
610
414
64537
6912
-98
268
100
-9917
-31025
711
-295
-7182
1675
77120
-12448
-552
4711
773
-3549
-1796
-82
-554
529
8087
-978
-5738
-7066
-91
9649
14143
-92
53531
83
72382
131
-75820
824
-90
-199
-525
-92
135
2779
94
-6254
100
-1743
-800
7344
58357
-671
9502
-4439
-43434
3083
82342
-90
-83
85
85
820
75023
-868
-455
56231
799
-7942
2398
95
-330
48551
5218
-818
-57469
186
737
264
-82
-40968
-2981
-49463
7812
-691
-652
90
-135
-832
620
-6138
5318
89
22128
-9647
-98
-76972
-444
-2940
-88
-82
-768
-80
-947
-454
-195
-542
96
30409
-80
-7098
-98
-1976
-84
-325
54374
-7136
888
-4596
91066
-65171
-3234
-47395
66470
652
5844
-9785
3186
-17906
-82
83
-598
1939
40648
-97
860
-37422
333
-14760
34178
-6410
-160
-56521
-133
89
-65508
29316
2687
-75179
820
86
-694
8836
37385
-82622
82
-18940
-56270
-90
-83531
-7796
88
-2945
-113
-955
-8834
83497
-608
-4151
-5128
323
-402
42422
-92
66740
841
-84
-82
-75086
-3396
100
-98
-90
-19231
-63381
-71149
85013
96
-82146
-4015
-84912
-799
53268
-82
-25891
36645
100
482
154
-97
-95811
9358
-74878
-44120
45006
932
-200
566
-92
-32810
-86
85
-331
421
588
5839
92466
488
959
-9965
-82
-6344
-774
-856
80
4398
22118
-469
-588
-6345
-712
-984
137
18260
-9472
-9832
-542
-4153
7233
-605
-69328
-437
2674
-91
985
-985
-87
-7942
-6376
-28144
-344
98
-230
-695
-91
-49463
7906
-2414
85627
817
-81
820
72444
90
-4451
-888
-5718
-6733
324
-90
5623
7750
6477
-12189
-92
-337
-974
-70304
-460
-3343
661
458
84
-88
85
89
-15075
-81
97
-505
194
665
-239
82228
88
-83
-96
3172
-86
-108
89
-738
-92
-613
257
-90
-87
45158
-5298
83
-836
89
-492
-7934
60427
-8501
24912
-331
-94605
-32028
-57547
-7535
-821
4026
915
-206
-83
-594
8631
-1254
-4800
-84724
-45158
-26741
38784
160
224
-6218
-117
4735
-5257
1275
2887
-5550
-88
-24317
586
2027
272
589
-90
-99
-7890
-100
98
-201
-86
6486
-85261
302
98
308
-343
-488
-85
-607
-178
-75453
-86
-8785
541
-1621
35520
87
632
-84
1685
1163
65318
-15725
-83728
520
399
-96
44079
-6307
-568
-4744
-114
-82
37875
-4057
662
-6456
223
-87
-75937
81
96
-87
1145
-5939
-56766
-411
54524
9287
-54739
139
93
-11366
-635
-2061
91
-20482
-3174
-86
-5966
170
-9165
84
-90
-33614
-219
106
92511
-84
-22434
-554
8523
67356
-88
91
-721
45435
-5750
-54882
-96
48025
-95
-4897
19100
-97
-90
-92
98
-100
-92
82410
-94
10722
-3721
-682
15238
636
92
-81
8780
-9939
-50657
685
26125
41236
334
-5579
43510
-1234
98
-269
98
98
654
793
248
-952
82
9947
-3294
24482
-951
68634
-9413
95
8873
100
-86
425
-77444
-90
257
79249
-105
-93
9207
69822
-80
90
-62004
-8314
-81087
33260
7939
-6467
20898
18735
-8043
-1163
-84
82
61758
-272
424
-904
39857
90
-52571
-8104
98
-252
4654
5336
-356
-747
-112
660
999
9432
4073
-47224
291
-219
-4015
-80
-5823
-76776
-90
-84
-37551
-3743
82
996
84
-854
4026
-75439
-95
-82
-93
89
3749
-99
8920
-84
-1886
-91469
445
7266
4799
-5735
310
42036
1795
-88058
2806
-127
687
8917
1629
88
-583
24611
296
-6839
-94
696
993
50593
-92386
235
-81
91
-52944
-34099
-89
84446
-3824
-873
-82
6482
-42656
-98
-88
-21098
-51961
-84
398
71440
34949
2682
158
-670
28487
3255
-91
86
-28328
-170
-9280
-92510
-371
894
99
-94
-89
-98506
-1991
-2398
91
99632
130
-124
81
-969
-3236
-3422
88581
-82
-560
-98
617
-88
65547
-93664
-7260
-32382
-9554
890
-99
-41371
-43772
-166
237
-91
-91240
-96
-7788
184
100
-548
-165
-398
-94
-376
-684
-86756
-929
-84
-1819
87
-85
-81
9875
-4266
-54001
-5316
6413
-36573
-31976
9846
13914
-95743
-450
-80
23645
-88
-819
-84
-6400
-4955
6745
49328
7783
-11954
-29491
721
72249
973
3310
-233
-96
-89
-12427
-62654
4000
-6683
41635
-79151
-1091
-555
-98
-37502
-78991
-81
103
-89322
-99
-96
82184
-86
869
292
-948
-327
-93
32474
-3561
-3483
-2115
-98
-271
70605
542
-91474
-738
-97
817
-2635
9954
-8288
-36916
-16628
86
-3956
22448
92
-86791
49487
-85
1012
-90
95733
-648
92
67880
-11268
6744
6737
-14488
6231
-2393
32077
-142
35875
-4138
-954
-82
48866
-2804
-90080
-66441
-94992
431
1713
-82
2666
-74558
1662
73017
-94
-99
-3959
88
-268
-7218
-90
86
-66044
81502
-80
-601
-386
-68489
721
113
936
-96011
9603
818
-84
-96
-72346
-1781
-2283
-904
-73293
-4629
-5668
-39891
5485
-32930
139
-11545
-9197
-88
98597
-1674
-89
-488
-351
-34074
-2873
-727
94
-123
-6374
300
-949
100
-748
-83
-5575
-45193
-338
99
82
-82
591
97
-9930
-81730
-2754
-698
-280
5420
-1348
14296
-437
-9274
-90
-621
-49791
-77683
1900
-9966
-60401
-8575
-584
6541
-17011
-3819
-89
9560
671
473
-80593
-94
-9326
-84297
-10470
-27359
-9704
33296
9090
4878
-851
-50949
-98
-99
92718
35648
-3614
-963
-644
-9006
-3345
320
-61379
-88
-35172
7968
-97
-54547
-722
93
36299
-91139
-523
-57409
8997
943
89
6993
221
80
-88466
-685
-2153
1116
-4304
-98
-3417
83
8111
-39237
-7184
-81
4594
-485
139
8569
-111
-97
369
-833
-1902
-79831
-939
-406
-124
-17169
98867
-50203
94
-2168
-6053
-5388
-8536
-6407
-263
368
-60965
767
-95
670
-57367
5711
-117
-566
40608
190
-77570
-650
995
798
937
-99
-29227
91
-637
933
-8945
-9660
4274
-5922
82
-93
117
-27686
-872
-927
-7231
81
-8888
407
-97
3898
6560
-98
-87
-538
-9836
-768
-51969
-7126
99
1354
-43378
-875
1405
-9932
9142
1859
-706
-192
-100
-16987
564
-551
-249
-81
-4977
65717
-84
-20455
-7184
98
124
-372
-73893
91
-1851
-3281
-42386
76683
-512
-94
-286
-28346
-952
9687
-91353
-6860
737
-83
37304
526
66551
81
-567
-3238
-9209
-57998
-4525
-4907
398
838
-93
-143
-92969
7822
76925
88
565
-494
-551
28379
-91
-668
6479
-78834
-56044
80
468
-95731
375
-123
-4607
92936
-84
988
-56160
-2467
-98
635
99
-785
99
-77475
-88
-6074
-232
-437
-90
-7853
730
-88
60786
-2493
30896
-7206
6015
-80
-8404
-148
-91
-8917
-7909
100
-11718
83
-926
330
-5583
-865
-5923
-89
-5799
81
571
-92
14091
-96
82804
-2348
-9927
-507
110
-934
477
-85563
-5126
266
-534
-5385
-192
99
35730
95
-698
397
-802
4761
35062
-97
90
53591
767
-82896
20355
559
57674
4862
-7645
-575
8389
-25444
-96829
-99
-99
-70522
-87
-429
-662
-800
7365
-98
65334
-721
-82
-125
-27697
-91
94
-89807
100
286
36460
-6446
-84
-86
-391
-598
85263
-857
80
-566
317
-16873
90838
101
690
84569
-600
-4736
-365
-2921
92
-37710
-434
-2619
94
-3763
-908
115
4968
97
-69882
5740
91924
96
-642
858
-946
96
-1662
100
-84968
-867
-85
-94
935
-85
4918
-90
-88
40976
74043
3971
-81
9997
-78042
-454
-779
5395
784
-95
9209
-82
-708
-82
118
5099
-85
391
-666
87
-786
-86
-93
-4295
-80
83
-68229
-97
-89
-129
638
-87
-92
-87
-81917
94
-2132
-478
98
79844
529
917
-12810
151
-94
-52216
-614
98
-216
-878
8038
20714
1065
-3849
-8989
85
91
85
-67380
-980
-91
768
62950
37613
-91415
-40322
-148
-99
92
-94
4382
473
-91
178
528
186
-23139
39608
835
36545
-9210
6815
-309
-5177
-843
-402
63953
-49824
37943
-22588
-2055
-8770
-3128
-94609
-89
-16205
80
-54674
-95
61325
-81
57747
558
85
-4884
-64512
8242
-570
-609
-81
712
-98
823
85
8914
-86
-98
-733
777
-60569
-6511
13843
-32280
-99
93
-27104
6089
-4900
-358
-88
99274
905
-830
-182
-10884
-93
92
-35105
-801
-16522
129
987
3073
94
76760
-82
98
144
-377
73519
-597
627
-2185
73439
23302
95
-395
911
-85
-8138
316
-89
-94
-86
-91
-5477
8170
-23151
11297
-5838
26675
-992
5627
-85
-77734
-59056
8648
97464
75517
-19013
-92
-571
-43293
-6850
97
-100
84
84
504
79252
884
83269
-30224
-4168
-9842
97
97
-82341
2489
-85
-100
-730
83
-676
-325
48151
-135
95
-85
4960
-34774
-7892
-310
-886
-333
-5402
87822
35632
556
-7981
-95335
76622
-3376
-94
-1577
83
-4468
-260
-83
-97
-90
833
33306
95
23633
-13026
-96
-13240
-522
86016
-12887
92
-100
-208
84
204
86
930
-61219
28381
207
-253
-65267
-63939
-1761
87
9604
809
-84
97
86
-8039
21713
15468
972
6635
934
-2603
-4855
-9926
89
-88
-7454
35651
-97
-4833
101
-4166
5095
85
-8359
-2691
-728
85
-9662
-3566
-307
44184
22898
2824
-80
81
37868
-91
-67862
-85
-768
84
-98
-89
80
-28179
23298
84
99
-9957
86
-54295
-33054
4226
-4410
-357
-43103
-96
7422
-78868
4588
-58130
-2611
-103
77059
41341
14972
-461
-4919
-100
-68303
694
-4692
-9226
-50106
94
-86
-68566
-92822
-95
-95
77078
-1248
-100
-4821
-980
-41835
32016
4042
7511
-29943
82
212
-725
-83
-45649
93
-696
-9728
-4899
-4800
-348
1613
-95
-94506
-52297
686
-98526
-91
-7023
-2195
87
68592
-9960
-99
-77248
81
3338
-94
-5286
-87
-1055
69446
98
-9833
-196
-89
-43968
-91
-440
-97
85
-84
94
3385
18046
-18354
83
1718
972
-9078
-176
-1135
82
-757
983
9801
889
-2131
-26979
-51962
704
-422
-82
-84
4194
1722
5556
81
-30866
1953
3754
100
80
87
1445
-85370
2941
-1588
-84
-470
-2008
-3272
-655
-7027
-90
51013
31883
-1864
-936
86
329
104
-1496
-703
-6201
9547
96
487
-93
-1795
71222
-86
-2018
-6685
81
76466
-13068
-496
8100
-2379
-530
-4649
-591
843
685
-465
465
1108
-33636
-5462
-9574
5924
-98
309
-83802
93
-8589
2513
-371
1663
-23794
-668
843
-4573
-34824
100
4222
89
-98
-980
-1143
1728
-64364
-96
30922
5648
-6293
-183
671
94
95
-969
-5404
29149
-6759
1958
-406
-99
-6214
-312
84
-1379
8968
27984
98
8096
-754
-86
-2053
-843
9223
87
-91
-1235
-115
15087
-8177
-68762
-96
6287
2118
726
-94
-755
78684
432
-446
79421
5459
-59995
-83
-50468
-88
-96
-870
-95
-84
-80
-76091
-100
281
22409
-4806
-3961
11889
-780
44255
-98
9055
-25354
51924
35135
4264
-284
833
66612
-82791
-93
-76088
-86
34846
-91
-96
-94
-92188
-856
83
78077
-60799
-98
95
91
-93616
-89
61728
-88
5787
83393
-84
7169
-932
-97
98
85
49153
96
-952
-50103
87
-83
3545
6506
98
-708
-167
-6629
3472
5164
7993
4457
-45590
8244
94
84
45272
4996
-5045
1187
80
-348
4067
-98
-228
-96
-198
-6347
-99
91
88
-83
-58625
65325
-81
31122
-2375
-6413
-1271
93
-1827
-6228
-48335
-24240
5533
6653
90
-82
934
-86
669
85
-672
-4463
-401
961
41035
740
98
-83
-815
-577
-630
-176
-96
-91
4225
-367
-5452
85
-593
-7621
-634
-660
2376
-54134
973
27500
927
-98
-43468
-76081
-81
-21183
-904
-801
-587
61826
-3232
61235
-26315
4106
-91400
89369
653
-83
92
701
-7072
-484
-90
-2405
-31177
-95
-90
-4436
-98
628
5051
80250
5702
-616
-646
-7819
81
-86
218
192
-9163
-8994
91
-97
-845
70623
40223
-1084
-17015
-1994
80255
14242
92
96
89
211
86
-264
969
-623
74947
-58776
-999
317
96
93
79140
-21672
-88
-28922
-6439
97
40256
2836
-94
787
159
-85
-13491
-5086
908
-7179
978
509
54659
-642
81
645
-33405
-81
91
-210
3337
100
-385
-604
-100
-84
7810
-432
6262
31265
-83
-6316
-705
9060
-83
-544
-81
-9326
-2179
-96267
86
7031
5357
87346
1531
-83171
5368
-87715
-88
-99
-362
-353
-132
16470
-84
-3486
-81
-67362
100
-892
879
-80
-5906
849
39703
-76008
-7458
-96
90
-46891
-721
811
92
-89
88
6924
-268
-272
162
-81
-97283
4591
2334
-81933
-72293
31659
2450
-5497
-3721
-5113
798
-67570
84
89
-91
88
-91
-99427
-609
16960
-7504
96
-80
-546
-2587
-788
-354
-7317
42118
-1698
-863
44500
-39179
549
513
-8770
-7774
94
-1509
-12757
-90
100
-4281
633
936
790
-5047
31495
57540
-100
4386
-157
92
91
9672
-13500
-97204
893
541
-1745
69865
-8437
-1937
24941
-4199
5129
-80
436
-407
-4637
-210
446
-1160
-94
271
-82
-13677
-19404
-143
9574
36337
7727
-9614
-513
-6288
-536
4886
-84
-557
84
-95
-6300
79722
-725
-95
1875
96007
80
7445
-1507
72940
-97
133
-82
-722
-33987
100
-743
-90
-88
-927
-8526
-15386
-5951
-23089
-5568
-4808
82
-97
-3548
-3706
-2547
-792
91
83
-111
-27353
87
-220
-88
-1805
-99233
-74326
360
74279
-5858
18431
-11021
-2468
-402
-87
-81
-95
-97998
974
-86
84
-53422
-6443
53727
-55113
-97
94
-94
-472
-92
-99
-8953
-24420
2584
-85
-73134
760
74715
-143
-372
84
6852
-91036
23915
-81
-96
21322
92
-184
-608
-9866
98941
-22506
574
-95
-47931
-84
-6132
-82
-4922
-96
99
887
779
81394
-769
33374
94
25668
-968
940
-3343
-19018
-765
85
96
-4003
373
-5107
-7604
-90
-4822
30418
-46614
-3150
-99631
91
-4076
870
523
98
720
-371
7340
5098
-88
-895
84
81
72482
-9362
3504
87
-89
9140
-331
58884
-913
-99
98
-90
3575
-257
5316
4023
-37945
4339
-8382
-9390
97
-87
-682
-91
-5349
-1301
-8149
-88
-793
7981
-88
8757
76968
-5059
-9345
30883
247
6264
-9380
382
578
-6684
-89510
401
-7722
99369
-100
-3894
-582
-288
89429
7067
-819
663
-85
-455
-97
-91
-100
-88
-289
665
-7349
74143
-637
93
-2452
-131
-863
-4742
-86628
32806
-7996
24970
-368
-91027
160
-946
-43408
-867
-82
-7744
92
-9300
4218
-598
-82
9129
-947
-93
883
-6909
83865
3297
92
3974
-793
-7014
-50467
-53172
95
2981
-7951
-641
-86
-99
-79494
-7177
-95
-205
-14150
9966
-184
-43565
-5095
-91
-3113
86
69938
26616
2405
70789
-1194
-460
7989
40312
-8959
-22375
-87
-96
-63216
-5086
80
-50962
-4467
6780
4979
-85
-357
-15768
83716
-5589
-661
88
-471
-97
-293
84
-8723
-6167
80
2128
83229
840
-970
-97
569
-241
140
5396
-92
-91
580
747
-6921
-849
41004
-118
923
-842
-18280
-693
-490
-80
5763
1758
175
7742
81
-100
84933
-2999
-94450
4157
-509
95
483
-91
100
-6373
-834
-66021
-91
879
916
-864
-755
287
-831
-85167
-67843
8367
79682
87
52818
7971
-22393
-89
7348
-33716
-98
54450
-91
-781
-506
-79136
-5154
674
-94
707
-91
8004
-3421
-95
3922
100
-93
-64003
-68955
82
-9167
88
99586
-593
-3937
-6629
-8681
82
-91212
-3277
395
-503
-120
741
-390
803
34858
-24639
-92115
84809
-6313
6853
-5432
-169
7720
86
-518
-9098
3457
-3033
2205
272
-99
-57215
-6965
-646
99
-80
-37139
-25689
-655
-3017
-40722
-400
9633
-762
-12314
-610
80
97
-6804
-83
-92617
-28472
-2818
89
534
-36344
-911
-26047
-90
-939
551
-739
-93
738
-211
9784
6828
99683
-980
129
81
7704
-1281
593
-54124
-80
-52931
-62669
7898
-92
98
548
-195
-93
-8319
734
-961
80
-207
-87
-8118
93
-773
74207
-82
-1073
-907
-92714
-77426
-814
-92
-96
-44919
-95
-707
6617
592
738
-85
-56024
-85
782
58304
-65732
6302
9291
806
3613
901
420
-700
-888
85
4387
98
-7801
671
-48554
5546
87846
-6944
-293
377
879
9625
92
-3655
-865
-89
-942
-88245
-848
-524
95
-84401
2511
-6639
-7034
-87633
-566
-332
-4544
-66763
-55289
-6469
94
-44843
5572
-93
47910
8981
-97032
88
-65015
-319
-53798
-6439
63404
676
-86820
84
660
-2765
87
-81
-618
41353
-82
420
-866
-9481
98
9584
-1414
-22409
-540
74354
-84
-903
-2917
-432
-86
8013
-89
9090
3874
-27595
-81
2819
-212
-94320
-6949
-9612
92
-302
-9036
99
96095
-7971
-448
-767
97
-96
37000
-85
-17623
-329
96
-37054
2045
-94
-793
-77277
8482
-86
74064
-46678
91
-4442
8304
-80280
81
5428
8518
-96
314
82
-9454
93
-987
-100
-22368
8462
-5503
-26009
3261
4814
-82
-3824
51651
-96507
-907
-22040
-594
-83
-747
92
-532
310
-280
95
-32761
8941
-896
87
-5637
12059
-37701
4426
-655
-5293
-878
-85
-99
-827
-92651
97
-914
1946
-265
92471
65484
-36118
25976
9024
100
7015
2685
-77949
-447
530
-7184
-735
-298
-6457
-99
83
82
795
-5445
5718
-97
880
78140
-3976
79953
-81
-9533
5129
15249
8044
-103
-3803
-86
603
141
-100
-947
-86
-95629
99
94
-88
4934
-88
-62634
931
593
557
-39051
-88
32754
-6399
-15633
-920
689
-53792
-716
-92
86
-6812
43786
9370
16576
300
649
84
-84
32497
-596
-84
-776
45048
7426
-5137
9239
-95
-99305
-81
-5044
322
-472
-82
-3398
-8097
-356
-81934
-86
580
57746
113
-683
-55615
35113
-82
-885
-81
3098
816
-85130
5449
4193
-39207
53840
7067
-7340
-92
-87
-203
138
63187
-426
-84375
-785
-380
-950
-501
-90
-51469
463
-84
-8037
-6726
-100
502
-4329
-5687
-35306
-309
-84
1129
-100
329
97
-1267
94
-556
-24640
-7761
89
-4329
-67164
-9603
-9908
5928
-95
-70184
33692
-7820
88
99
-90
-92
-100
16259
94
-99
-87
-1713
-98
60984
-90
-721
1017
-630
1592
410
-343
77205
6346
3774
-89
-98
92
550
19565
88147
9738
-82
-81
305
-89
960
783
917
91963
82
-84
-70108
-92
-6393
-6946
-157
-88009
12986
-9775
-881
98
-5312
505
-69280
5367
-205
719
-88
14425
-80
-84
2968
-3636
-55321
-8394
-46770
-555
-98
-2864
80
99774
-38102
-8579
-85
-671
91828
87103
-688
97
-80610
345
854
634
-4161
-33356
-95
580
3027
86
-88
87
96612
94
-730
95
55740
10023
606
-93
-472
-560
-62628
797
-77730
51713
85
689
-260
-1297
-57666
718
62290
-1875
9902
-806
204
491
-679
-29377
-9823
83
1977
-416
-93
-625
9813
-86
-78760
-303
-914
374
92
-532
-69747
-91
230
-96
-416
91
-99
181
-84
-557
-70922
-498
-5412
-359
97
49828
-87
-2041
60892
4873
-11248
2992
8447
9043
90
4826
590
-804
81
-484
-83
475
-444
-90
-17612
85
92750
-348
-33863
80
97
81
-126
21481
4898
-85501
-85
4832
-90902
-213
-1480
-83
-46747
-969
-7168
-2729
-379
-4526
-89
-95
91
10399
-83
-3866
-3329
-81
718
9037
7653
-3017
-87
8073
298
95
-1185
-513
210
6456
-89024
93
-92
-434
99
-54350
685
-1343
-623
-90572
-858
85
-92
94
70548
-843
-87
-79441
-2376
-84
560
4544
-95
-93829
-793
95
7780
-459
4533
95
3517
501
778
84
81
-30754
25013
-87
595
-93
-99
1945
89
-91
-43136
90
-92
-1439
81
176
-681
196
-586
630
-96
-13634
-479
20723
-85
972
988
-7400
-23655
372
-8229
-508
-847
-95617
96
-4372
319
58734
-2875
-472
-295
-80
88
-983
385
36574
88654
-7494
-658
-98
6770
-82
685
1650
690
7651
-5675
95
2542
-98
136
-3408
-106
-4400
34296
-2715
328
-3371
827
-5197
991
-92
-959
-82
5296
797
96
-9138
9916
-2936
-96
-9315
-65684
-87399
-679
84
108
38418
-403
93
-3788
225
-3725
-2404
-462
31963
-7729
-21355
-7763
-619
-2388
-3357
-83649
-81619
-61823
-47228
-321
-89
-2028
4487
82
8471
38047
-89
547
-40175
-5923
87
-383
85
407
-5988
-2560
-91528
-93
-100
-8904
5483
33044
308
100
9512
-35426
-885
961
-39100
457
-191
-4771
-6449
756
-99
-24786
9485
-268
-82
-92
-79149
665
-8352
-6111
-49791
-176
-552
-86
46335
-910
53931
-4697
623
94
-99943
-79028
91
1654
-7434
-34827
-95974
6807
-214
-4499
-358
-93
-168
-9434
85
131
-84
-52963
-702
-9290
428
-100
-90
-96
952
-3780
9004
95
-99254
-44519
-4096
-96
-53655
-961
-969
1593
916
240
-7060
26287
51887
6347
-4909
-34680
-1535
-2548
-92
-34381
29691
671
94
-5299
95
-324
-4322
-82
-8521
-6365
-81
-916
-6072
59091
-8356
51917
-2954
812
-296
-87
-5588
-66541
-29456
136
-26842
-5220
85
8134
8848
-5119
86
-153
-28958
-105
-6164
81
-922
-90
-99
-93
-799
468
4236
-97600
-7063
-770
-84
-9849
290
100
96903
-3757
393
-1105
-81
14639
-343
-7460
-31107
579
885
84
8779
-6673
-58729
366
80
82
-8374
218
1124
-1809
-5189
-738
-2994
81
-216
-2949
93
-80
622
343
-1491
81082
73763
-6057
-391
-1675
6421
-3174
-93010
646
933
-48602
-7574
-8363
-81
-914
94
95
-755
-2167
72677
-1472
-636
-94306
329
-411
544
-6850
584
-36275
-88718
1849
3737
-31154
9143
-4630
94
8293
627
45732
570
-92108
-94
865
-94
-45713
76954
-86
-43337
4662
-87
261
-77143
-5097
-100
81
-11322
112
-6549
6029
-93
92
-86
24369
-635
-90
-90022
50504
-3978
-1987
-99
-94
-34365
-4992
-91
60257
720
-78977
-954
-363
6621
4465
-32249
-1773
88
23284
425
-256
-5238
5251
-47730
762
-100
69319
289
-7082
96
-233
-95
709
50817
312
2763
92
92
-82771
3201
-49098
75657
-100
-93
-85
13986
-100
99
-2695
-572
2068
-81
442
157
-59689
73118
9106
1857
-732
-933
-81
-98
-90
6096
84
-57273
-80
118
97
-98466
802
-67831
-87
86298
-103
-148
-2211
-62293
-94
-21938
-985
-87
-6514
64528
-252
-484
92
-86
-7281
-91
2274
-736
96
-87
-54285
125
-17178
-98
-80892
478
-335
-417
-3472
337
19437
97181
-754
-3811
-1061
19921
64041
89
115
93
567
-78549
94
-416
-5068
-9991
90
-83
-44386
361
-517
87
-4793
-286
100
-6561
14131
88
-520
768
-363
508
-93937
-42464
-538
334
-645
-94
-753
-74945
-100
-6979
692
-426
4003
-8192
-870
-83789
-89
-5828
89
7534
-89
-37438
189
-539
-5146
4905
-743
-1356
-723
-42151
-31793
91
470
976
-56133
91
-86
-31528
-336
-92
4563
-8104
27430
-57920
-144
86
-8397
46730
-86
8810
-91
7280
-830
-79115
14857
79880
-7643
2371
-32458
61366
-8028
-966
-91
-439
-1266
-1627
-82
-682
-3864
-87
781
-92
73386
86
-83
-92
-42776
97
-82
-6000
71378
84
80
-893
214
8200
99
-768
4893
-536
-24469
-54032
-517
-2825
86194
8576
-136
-86
-7032
-8595
-209
-414
304
967
10874
95
-90
-71873
-31946
-90
-94
164
-445
-991
-19011
30043
-92
-29486
2876
47073
-724
-98225
93
92
1358
-84
-8850
-644
-95465
67820
616
-6382
-49454
-328
-5324
7080
-82972
1444
-97
-799
-58285
-97
687
-2283
-87
91
-2476
78775
893
98
186
-73082
-4444
56267
-82863
-828
-4073
764
-33912
-37710
561
-88
-94
100
-552
11574
-49683
355
-9868
-3971
-9715
80
-85229
-3350
-88
-60856
-97
6490
-2196
39548
-93
-5820
-900
-26841
4450
87
86
100
-83
794
-100
-5212
15742
96
-6119
473
41586
-993
-441
-83702
56647
-66716
-9849
-26049
9350
-1780
-1835
-4216
535
-658
-9864
-5429
-85
270
-75197
-86
-850
-218
93
1325
-90
-81
-82
-580
86
-94
890
-88
-81
844
-88
-92
-240
49530
6409
-562
9093
-2850
9943
748
-74857
606
-5995
26752
-555
-99
64314
8717
-81
-9287
-88
-88702
99
-959
-3104
-81
43961
9355
-76461
-92
97
-404
-96
598
72957
-100
-5209
-49927
133
5894
-504
77190
9019
83
60794
876
26918
-91
-95878
-440
7187
-91
422
-90653
429
3893
-237
-98
570
-671
-796
-7574
606
-764
-2119
97
-184
3369
-93
49201
-9893
-3405
-974
-918
75788
-34136
82411
-833
-83
-5059
-6833
-4039
-448
-8666
412
-8753
-93655
-65489
98
185
-954
-417
-992
-382
627
-807
-63143
76324
-32772
-41749
-1074
-539
2246
-90
151
-97
-91701
-718
85
675
3880
-94890
-166
-90
89
13690
83
-581
-272
-9117
-83247
97
-84
-50701
-93
-98
-232
544
-5347
-312
-9253
-757
-88
-123
-306
-38246
248
-565
-100
-359
-715
-93
90
-20367
4644
5383
-61085
-248
-73837
-98
-556
81274
-7562
-817
-57615
-227
-99
5180
-70280
-401
13623
7532
89348
-85
-94
5349
3931
-313
84
-96
-9166
91
-72646
-96
-46483
-100
-648
-4898
-444
99
-402
-95
672
-87
-95
-86
12604
-82340
-28706
-53267
22379
-99
-3843
860
-82613
3366
-1712
-99
105
-7792
-9075
849
-92156
7951
-94989
58772
2762
82
-84
96
-84
8171
83
-178
-895
-99
-9101
-90972
81
-24938
-97848
-2728
-99541
73789
95
277
-1637
-633
8588
198
-93
-167
-572
-9081
-100
-8789
3644
-89
99
99
1804
-86
7540
-94
-365
-81
45964
-80
-601
-99733
465
-86
-87
-33743
262
-83
-889
-277
-44862
-11384
-81
7891
88
96
-91
-82
-8663
389
1947
-3334
96
-314
4829
-6637
-8467
70814
-78618
-9803
-73258
-26211
-100
93
-572
82
663
-258
-1382
-99272
-96
184
-6176
8159
9100
27323
-89
94
80765
-87
-8681
-414
-9163
-601
61836
-95
-2462
1003
-3240
-5651
98
1380
732
-91
-58000
5371
-632
-96445
-2023
72860
-777
98
31427
-93
-91455
-162
-100
9064
9559
6214
9097
-87
-59408
-100
9201
84
-797
-8703
-49541
62392
-89037
-41252
66999
-95
-81
-86
-6410
-7220
-91
97
87
-90
-16278
-36875
522
-81
-99029
-20725
7871
-89
-3173
-87
57093
-72641
-628
-514
-26852
-8048
58140
-83
-113
-8887
-98
-885
-85
49916
81
-863
-64301
-381
896
790
-850
95
-87
89
4893
-1399
-140
82220
91
6439
-66643
-997
153
-93625
-371
-97
7727
-70092
-11904
87354
-432
4758
-68166
-568
260
9268
57438
-699
-85
84
-2244
210
264
4732
-324
74657
-705
2166
-263
357
-89
84
-6873
-6741
-2771
2938
-4867
-9219
-90
499
-863
273
-654
3566
139
6133
-9122
-16876
2407
670
87
-19408
54279
-58780
82
-97
-56163
-678
-8605
83560
-99995
-2227
4994
-95
-697
-8737
90
171
-85
-8781
-496
-229
1388
-369
-87
41014
-395
41170
87
-81
-46140
-97
85
7598
-89
-81767
80
81
3894
92
5898
9028
100
91287
-1649
-57278
-81
-7514
-9421
6911
-6890
-421
-13396
-810
-92465
-99
1247
-94
-232
74299
-93
-251
-315
9398
-76051
92212
-96
412
23674
-8164
-96
-2012
263
179
-71432
148
-80
-10672
-927
-85
-511
-91
-502
-1076
-93
105
-97
94
2750
855
962
-87
96
5130
545
-775
-950
553
4311
-2389
5456
-541
-4192
-46932
-30760
486
-92
98
-5351
-120
-469
-812
-87
-579
-4300
-3896
-534
93482
-1234
839
-2925
-66843
-789
98
97
-91
-87
204
-11770
-794
-83672
36146
-478
-9361
90
-67274
-32111
-9306
-9672
84
-7494
-4504
6775
2163
-38314
-3366
-570
-82
99
-97
-174
-52091
-55948
801
775
99775
573
-74464
479
-200
3524
1928
35699
-81
8028
-5498
98
-4760
442
-74791
-572
19372
2765
-6040
-94446
-86
-86
-61807
-941
-6234
6336
3704
-89
60071
86
-2755
24849
-463
-93
98849
-29742
-82
86
-12848
644
-8289
96825
-633
340
92
86
6276
-86
15162
-1794
68299
-547
-24414
-5220
89417
-85050
-310
-95
98
-983
-58702
-9976
-696
6968
-201
-67723
-20844
-93
-11970
-534
-70900
53141
-38296
-94
436
31467
1261
-999
-6590
387
-849
86711
99
-818
-100
-790
-5934
-493
426
89
-80
-4137
61298
1715
-96
81
84
92482
822
-93
-12958
-98490
-85
-777
610
98
-86
-7468
-564
4951
438
-91
43894
-526
93
-160
4301
-99
-81
-81
4413
386
-88
-67870
-38586
-50363
-91
2684
-281
-17316
-8277
-4192
-672
-14658
-386
-2946
-96
-5377
863
-412
88
14111
64910
9275
-5462
4176
-297
-88
-93
-82
-703
-880
-94201
-90
7977
88
94
2225
-271
584
-91329
83
-3761
-54937
5275
-1990
80
552
98
821
98190
2634
-90
21745
-93
96
83
3759
84020
22004
-982
-92
98
-38262
95
85
99
-95
-803
97
4380
-8808
-3591
-9984
-430
80
2259
952
4652
-6009
-81
-10187
-90
5625
4812
-47096
-54543
97629
-648
-5236
474
988
6416
-39808
180
-65199
6229
-315
-221
-9639
-8553
527
90
-819
-8111
399
99
-6108
-48110
-653
-50480
81
-88998
-80
-99
-9456
-95168
-62306
684
-2040
65772
-2156
-100
-439
-49900
7107
35037
-79995
-92
100
-100
842
-589
-8359
-85
303
-1560
-295
93
-614
-35031
90
-8103
-98
-957
-86
-723
7842
2523
-9500
4724
-155
98
-810
-2622
-98
975
89
-90
-98092
-811
-61002
78886
-7819
63933
1123
8342
96
-43906
-315
-69648
-194
-87830
-772
-593
99
-55583
-87
234
-21074
-8394
7733
397
979
-995
30515
94
964
497
-2023
-90
-81
4582
-3405
-569
-82
-4025
-22800
218
94467
-872
5447
-44731
-64920
-79568
87708
-4513
203
-928
-96
-88
85
85
-83695
-1383
7176
-281
379
80
2598
28438
8996
29139
-73555
2481
180
13105
-1326
-9456
-77401
5172
91
92
-98
480
-80
85
7169
-94
-3718
-85
98965
-712
986
-84546
83
-2568
7586
-411
-25818
-207
-251
87
420
-95
85
86
-568
1434
-566
2715
90
-58217
898
-39886
-6387
-98943
-82
13662
98
-99
-89
9329
-98
44751
96
-3377
-1209
6849
98
8013
-469
353
906
-92
801
-34821
-966
-85
-868
-61729
-29623
33664
-92
-1914
34004
-217
8087
99
2434
-94
-38825
-80
-1520
-84
4287
