1086
12996
43554
21722
36333
40455
14385
20098
45525
27637
21807
41283
15024
19780
45654
45453
28076
46732
17700
573
16233
42512
2302
41097
36090
44964
44590
6348
12680
41369
28479
32221
31711
16567
39862
16307
45715
6798
24928
27472
45652
38897
40886
7864
1962
44004
7597
23516
14769
9076
10824
37786
41273
32530
44494
37306
8367
36753
4961
2454
38921
47360
39586
10582
47892
17813
5776
26917
34795
44697
17984
12350
41304
15756
492
38713
31300
32577
45022
10920
15489
19720
15586
43303
44950
23326
23330
35919
49105
38579
41182
23713
34234
35789
41643
20692
12600
25785
1346
3571
20053
19254
18888
3234
49910
13429
48137
35024
30898
26020
15595
7366
28231
5611
11188
16394
3953
28886
28665
17426
26571
30393
15311
20862
25905
16757
49830
32901
40033
11281
18388
47048
40514
13102
35738
6045
16682
24375
42212
27802
13373
6595
16025
6512
45686
28482
37830
1893
43751
9721
49672
30114
47772
32366
48091
5229
14943
20096
4061
14462
32037
34275
20552
11940
41084
40437
6102
6932
49227
6742
491
8541
43863
41007
16408
40942
44530
4072
1100
4477
19820
13808
5778
4895
30360
29937
49913
18374
42254
7412
36848
22370
47256
6397
38582
25270
9719
20029
41251
23945
42065
48705
22604
19260
12447
2860
4501
24462
21092
13066
15981
37084
14490
26794
1372
7798
31439
31049
22268
4516
25017
27934
2617
6730
10888
5268
45606
38787
22235
30186
31865
46422
14828
9718
8089
27926
12514
23420
17367
30529
24505
47454
1731
36798
40865
43414
49738
32853
5124
23391
9817
35342
4379
15929
29380
41113
41774
43765
16989
38036
35134
17022
1039
1944
27137
9144
26697
29975
1728
12864
1970
42813
2291
31004
34675
43152
20858
11496
11558
15271
34185
8926
10259
48765
14067
33075
39753
33698
21155
44287
10088
27602
21095
42897
10399
25592
13618
41224
46496
34551
1639
28462
41241
24009
13625
42487
8550
33856
1161
15615
39794
40449
6088
27914
28003
47308
42008
9460
28900
12319
49258
25972
33082
48858
25454
49127
35513
46771
13000
36551
12563
33590
38404
15796
22277
3442
36802
10634
22318
11501
6843
1519
14702
28750
42452
49228
25562
25224
7059
38008
45131
45885
27930
4114
33300
33140
22938
38159
36204
24568
25065
11802
24453
23681
3834
37705
12812
5929
34607
25804
19209
49575
45110
1155
33603
21759
17249
10895
21444
13512
1016
38713
21001
26902
11287
11448
13578
432
32375
24270
26104
41942
16735
42882
39872
30760
35915
30582
6525
28553
1708
34790
35619
44571
11835
34450
13034
21639
46986
2670
41593
38413
1095
5905
17119
48918
44718
27910
25859
395
21355
32050
41326
28741
9461
17834
22294
12544
11834
9152
41126
37964
18534
18457
3703
18440
23475
46202
22350
17680
23928
28750
29349
37118
9567
47107
31026
13838
893
21155
45626
20078
27542
38966
15658
43977
37267
44639
2728
26815
45083
11946
31056
25180
42500
22487
22037
43831
8663
23465
18691
31923
8133
20769
44553
18531
36037
18857
47947
21574
27569
25059
31332
20129
18194
35455
31268
25362
48694
31270
14370
42604
26576
25294
3379
29056
45265
27475
33345
49614
14518
12494
9364
6158
17406
22264
48166
8939
3296
15065
35407
1145
17972
27173
37252
19704
750
5862
8633
34290
32464
5507
6665
35729
28518
6129
43056
20079
45668
48479
18973
8711
34925
37927
45780
8204
7833
21977
11979
7485
33267
47121
33592
34869
39551
1451
3355
35532
25000
7153
244
24568
20968
10128
7898
700
14634
13746
15229
13935
5082
9916
30618
5293
23011
3006
38629
9428
46725
4177
35397
8635
42050
48860
29741
42278
35234
20435
11482
43219
2179
45547
13273
30330
47623
32047
7773
27346
5773
38678
23044
32052
17959
6185
20901
39335
25522
11176
35553
7190
3401
36193
10756
31026
18687
1621
15375
26509
8060
13403
101
4411
33445
18134
46697
8065
6884
9006
40032
2618
29537
34812
30080
8599
28152
26405
16402
22018
25548
42211
33371
48400
18015
20421
24795
35257
10229
8718
43297
43412
16448
33178
27202
36306
37875
5746
28163
23515
46539
39477
19182
22301
26018
642
24519
27813
45940
39784
4573
44099
4127
24059
12947
10622
23273
27235
36834
16486
26596
15032
34940
22031
19258
9006
40304
14305
35313
35734
12880
40187
12981
8844
43484
2731
41446
26747
42042
12261
23601
36375
45651
5336
29174
14313
17934
11764
22691
46402
19967
22172
39349
37818
47284
15125
12392
36281
27549
10419
43606
15058
11496
34536
41760
33042
42751
9974
29363
25081
12275
12271
32304
38700
16094
44243
7325
48313
19056
7523
1038
30315
34992
18320
17109
15977
16619
6497
6589
18534
15620
46734
42552
46
30108
40161
10682
30868
8176
21572
570
7502
9273
31501
36426
2275
2430
7599
586
46637
18687
9631
12574
13500
12517
30907
14901
47453
18668
27115
18161
20162
5446
3677
10835
10601
14869
39267
3126
40815
28153
44495
2787
29959
45999
48811
9015
23246
246
37630
9503
47955
3858
40044
32870
34692
30377
8928
39047
7394
22993
45326
33759
19166
31742
31105
31613
13095
44584
5771
42230
43140
13702
4695
187
36415
43448
45956
25033
1117
30662
1028
28697
39045
42737
34061
32846
27280
32365
5047
38906
31399
3239
31627
8629
12514
1776
4442
49856
43815
16248
44456
27244
32354
48610
43348
7243
5627
26617
11737
26479
19076
40484
23649
39270
33375
20800
40007
49715
32352
27769
17792
28573
46128
49428
4725
48610
9750
16610
45305
6536
40063
15053
35015
9756
13561
20248
25134
19645
49114
17874
40801
11519
30998
12509
44729
36090
44018
23587
4548
22662
3793
19115
43560
6908
451
14312
29925
7446
39257
27516
31367
8676
11648
5506
4911
11229
6490
26209
49603
14944
46982
3674
40752
23509
48327
26792
34685
8287
47388
22195
44691
10759
43521
47243
5308
38544
34776
31256
10685
23771
18054
13392
19674
5684
49643
21324
6490
33270
17638
44626
211
26620
26597
44796
22378
18093
6687
17092
9233
27687
44859
1167
38278
21293
11567
19239
36313
39067
41970
5370
2832
42242
49815
33671
39536
3264
18220
2561
20365
34332
28692
41243
34937
13032
19697
32827
48126
1754
30735
38121
39465
48179
26141
39141
38042
7754
33979
28512
9602
768
6611
30294
7266
48369
47306
11827
45438
13237
17110
32845
12865
11120
45843
13366
40794
43982
37726
4398
9265
40278
15784
30653
24891
19056
3445
41477
38823
18681
26689
13312
18920
13364
2093
8481
11000
32594
5226
14256
38604
1926
44271
4083
27781
2442
22385
6133
29042
20850
2821
39728
2383
9259
19274
29571
44025
19629
28947
4249
28263
3069
15833
5738
30997
5981
33880
9122
45805
33081
26358
20397
24411
22306
8543
6258
33535
12686
8219
28614
6239
25975
31479
4473
10942
19323
25006
15253
41421
24958
37759
24090
5127
11911
48490
4396
36925
36501
25126
48269
