996
979 1257
3311 6698
9275 9017
9639 5852
4311 4302
4253 7111
1363 7829
2688 7585
4833 5411
1095 8737
29 5126
4423 4250
752 1490
990 1341
6471 1429
9892 902
2329 4704
8078 6956
7273 5471
4202 6474
343 2477
2496 2253
4446 3365
337 8846
5016 1365
1349 5578
1395 338
6005 7092
132 6049
4186 9931
2204 9381
3798 3369
6483 1856
4320 7199
2443 4962
5918 1270
1625 8079
1746 98
6554 3325
6110 114
9412 7882
8657 2113
7200 8971
4923 7588
3558 8098
8704 6643
2487 8289
843 7377
6741 3712
3288 3224
7071 3489
5855 8219
3637 622
7891 6012
3395 540
2406 3150
7301 8315
1046 7716
408 3528
7263 4169
4373 9993
6172 3665
1494 3576
5739 1179
4430 8393
8320 905
1635 6238
3083 2208
724 8074
8401 7318
8409 7448
1287 6372
9553 5000
259 8622
2156 4614
506 4839
1641 3402
336 6309
2969 1218
9792 7415
1507 1867
3497 3052
5323 1348
4705 5549
9579 7865
645 8725
2545 476
3717 5607
3327 7521
3341 9969
3483 4142
6073 8532
6590 3209
4354 4246
8555 584
6632 3252
4022 7310
6967 4677
7930 8235
5140 5081
3736 1602
3850 1606
1868 5895
781 9760
1047 5395
8546 5574
4628 2950
3002 8016
9806 864
6670 3294
1131 6088
2174 8127
3523 5750
3610 8031
9593 4346
8225 9756
8416 5205
32 475
1920 3074
1305 2454
9407 3447
6482 3711
9069 2715
9988 9214
9383 6546
6592 3603
6129 3827
2721 421
1051 5924
4525 7157
2552 7316
5876 3188
4544 7537
6656 4982
6361 1784
7758 6586
4141 7657
5429 2535
2319 6134
2925 1166
7771 2613
2626 7715
106 5329
9758 5526
9599 190
3777 2153
2574 5363
130 9444
9151 6167
6131 8256
3162 2378
5278 6102
8735 5535
8671 6417
871 305
1581 8357
8571 78
9302 7881
3396 4763
7419 6543
2121 919
6517 380
6335 581
1230 3527
1098 4827
9225 6623
6081 2788
2029 1889
7259 2290
960 4468
6324 6152
5459 8096
3853 9555
3657 7097
1802 889
6710 1863
6587 6729
776 5369
9686 3345
2576 6284
4791 7535
311 2989
1735 4053
330 9202
6858 2472
7923 2776
961 9124
4548 8476
407 7933
5105 1124
2652 9257
2761 7894
4784 390
5872 7188
1669 8945
6857 189
1256 236
5139 4662
2909 9325
4938 361
5524 8669
8580 3493
297 7134
1809 2890
1822 4338
6130 922
7184 4034
5224 3842
2180 7250
6677 9096
4948 7624
5026 3750
1109 7407
5004 4386
7104 7429
7787 3813
5075 610
7664 1306
2390 6906
1060 3347
9852 2774
6422 6355
2473 7732
5285 663
5491 4480
6888 8160
8813 5618
4726 1991
5673 2324
6244 406
763 2872
9206 3710
6415 6037
2818 3979
9409 6613
7413 3298
5952 9123
5599 8294
6990 7898
2765 8714
4814 935
6764 1394
5984 2283
2866 847
3075 6410
5732 3823
1371 4163
8408 4193
6292 5182
9634 5531
1260 7769
8495 4050
5378 7066
3202 1729
6943 8071
3970 8782
8382 1829
4481 44
768 3785
8036 3630
9554 2082
3374 4898
3032 5214
2566 4345
9950 7348
3306 9780
7941 3115
4092 1992
1725 6494
7876 2963
1686 9811
6149 6965
5824 3069
1242 402
6829 4672
3344 3506
7290 4473
434 5557
6622 197
9772 8390
6000 2558
731 238
8392 9785
3604 416
2741 2046
2338 1296
5569 8131
6803 3466
6828 5302
792 934
5696 9637
1541 6589
7439 7458
3333 4528
8105 4594
3917 4402
7222 7084
7748 1866
2517 8506
2913 1647
2140 9088
1734 5850
4780 3828
9052 9734
2864 8518
8293 2713
2711 512
7834 8059
1881 5427
8423 6651
783 4184
9428 263
6724 5789
1633 5316
3704 5282
391 2518
530 2467
5263 1588
6040 3104
9872 2975
1880 2869
1461 4942
6971 2739
4819 9868
5114 611
8897 569
3849 6315
7792 8317
6082 4464
5193 9337
5137 8956
699 1847
371 5553
6496 8604
2109 5432
2288 8851
4954 5399
5339 2464
1995 4192
3598 9962
1213 2832
5479 5497
7815 541
8543 7376
6127 2738
4070 5769
6453 9039
4362 9379
7205 74
4706 2408
5099 8966
3803 5222
7534 3643
7693 5187
9366 7106
9882 5236
7960 2096
4964 1380
5059 6642
8188 7723
4584 2533
7047 8442
3652 9766
293 5177
549 5373
1530 4826
1389 4178
6097 7640
1831 2088
1788 8005
9216 1210
121 3022
7976 2787
4267 3676
7077 4963
7432 4102
8874 9944
7505 1993
1816 8194
7986 9796
9404 2767
5558 4471
878 8910
4676 9532
9068 9828
6777 1033
1636 5410
963 5150
8002 8793
6745 3475
8389 942
7214 2230
5435 8517
9989 5397
3392 630
5677 2361
4359 5065
2007 9592
3351 883
8924 5087
7622 8245
4916 996
7554 5426
3117 3812
9087 859
8990 8869
8403 3982
4078 5101
958 1488
9620 5687
3919 8414
4068 2360
1998 2534
9014 3889
7279 3301
4093 3821
5104 647
6249 6367
6505 4877
2201 9701
6551 7909
7651 7274
122 9012
5132 8852
970 4131
8088 4630
3999 9289
4494 326
2946 6109
3243 6753
420 7347
6812 2971
3096 9265
8285 3193
4759 7676
34 7161
7262 2437
4007 1724
8171 2015
9452 6918
6262 2491
5979 4383
8433 5883
6085 207
1714 4355
5050 1477
3059 7464
5628 8833
3042 8717
1946 3027
9231 9964
1752 7695
1844 9536
1759 7297
4136 8949
8388 1898
3825 8297
619 4037
8827 7457
7366 2597
6561 1956
9857 1613
9845 5660
896 5913
5911 4772
7338 8859
5943 4454
2010 1994
2643 6197
9315 9954
1934 8959
6307 9292
5361 660
9309 4558
9732 7326
9203 5615
7890 9607
4123 6553
3675 4633
2260 9293
378 2911
5242 8049
2193 1073
5008 3680
2328 7821
8073 2452
8278 8221
7968 941
7260 6872
1561 2136
6458 9526
1465 9979
1805 8394
7033 8466
5922 2332
2064 4551
5402 2118
7959 1251
3714 4226
7372 1450
9010 3755
5621 7394
2347 9050
3048 6394
7728 346
9222 3285
8481 5243
7866 6056
4168 9419
5848 3810
1976 4277
6793 8542
4668 908
580 9728
4281 9011
5060 5560
7811 9163
413 6280
5937 9374
4666 7436
7543 6060
3479 3654
9627 5487
7853 7793
5331 8003
4209 856
628 9342
4789 161
4282 1314
1077 3137
8998 2176
436 9413
9875 9372
7481 7174
7801 4084
3851 4643
264 3126
6051 1297
9810 3468
9082 4657
147 3854
9999 7628
9282 1932
5980 3245
1569 9405
2105 1064
5587 7569
9959 4617
8905 8028
6036 8145
6232 5157
9357 8895
6680 6817
9370 1555
8544 124
1440 3818
3551 4428
4989 681
791 3685
4119 2058
2251 7773
8052 3143
7145 472
2624 8991
8134 8746
3129 110
548 9661
8752 6854
4062 9518
7373 5025
1401 9494
2650 7051
4651 9201
146 8041
736 48
3196 1892
2557 4661
1571 7916
8264 9477
2778 7185
411 9559
1388 5719
1652 6630
8224 9468
1651 9672
6069 2094
1789 8609
9335 1206
2234 2266
8419 6148
8395 4200
3636 5145
7323 840
9896 6243
178 3008
4204 2226
3141 7156
9085 1559
3881 7513
5817 1491
7782 7017
4030 9576
9347 4094
9243 5357
267 3110
2687 7474
8007 2291
7043 3976
4832 8697
5503 8424
1907 6401
2206 7315
7836 5880
3703 4640
2607 2910
5449 3924
299 6628
1249 9984
8514 1384
2060 6439
4116 8369
6581 2829
8449 3761
672 3518
8525 102
5831 6213
5616 9051
3859 461
2683 2749
9895 3356
6447 3954
3277 1274
1458 5381
1726 8594
8326 3627
2982 1065
3938 3940
2974 3130
8487 4610
8274 6600
534 4143
3648 8637
3546 4225
1812 5639
5840 2622
2025 8334
2114 6654
6846 5547
5706 8541
123 166
6193 1004
9676 3044
4191 261
543 3169
4771 8554
151 1084
1418 6687
3144 8029
292 4659
2994 2785
8436 3915
5695 1778
674 4245
4950 4451
8346 1221
1459 9233
9809 9447
8340 5971
9717 1622
2959 7721
273 30
6248 3123
9089 6444
7686 1834
8574 5456
3102 9574
8193 8937
1549 9406
1431 4329
6133 469
8001 1790
5561 3957
5891 1799
4374 525
8179 67
1926 1177
9781 1019
7712 4835
1258 1121
6975 7557
4904 7874
9545 5170
5651 4181
4376 4876
6883 5336
2670 9991
5460 9786
9586 6867
7672 425
5346 4742
3241 9460
4044 447
3927 6030
7608 2907
6169 1328
3081 4020
7714 5372
2494 2980
5238 6641
6816 5154
3906 5313
2040 5882
6384 4422
2701 7374
4489 2780
667 8563
1122 9906
8207 6940
3409 7962
7048 2164
7568 5717
6744 6824
3428 504
4682 4424
6849 3611
6890 8175
1911 8693
2254 75
8021 2333
7024 849
3349 2674
283 1006
9971 6065
742 4501
8282 1903
9064 4393
243 9066
4173 9729
6118 9846
5736 5997
8806 1922
2449 2013
1192 566
8862 2614
5049 1872
748 2157
7169 1990
8400 3563
5167 5136
9226 8647
3973 8183
9689 7504
7088 3709
165 8552
8344 1068
7784 4257
4593 1587
5229 1684
4817 755
4518 4206
6207 3265
2424 4156
7478 8588
5541 9234
723 3350
1316 8670
5950 2365
1197 1830
9120 4920
84 379
9696 352
4064 2352
8032 4208
3161 1987
7190 9210
3923 4972
9431 4344
9326 1564
2269 100
2527 2698
5779 7401
2395 2005
1565 2221
3051 9049
6688 901
8507 8876
5945 8453
3071 2447
3951 9305
8191 7548
4025 2287
7761 8492
7994 4029
5684 4162
3939 1964
6699 8738
9258 4691
5315 1720
1158 6455
4161 3760
5691 7460
3187 1865
700 4318
1042 8583
5782 6145
3320 3722
8817 2805
3292 4222
668 831
7510 454
9885 2602
6750 9032
4234 894
228 8776
7988 9840
7645 8275
9941 2999
3593 3310
5457 5811
7673 81
8665 8260
4061 2912
965 7937
8046 2905
5865 7018
9858 8575
5564 621
6450 1125
1701 950
9424 2914
360 2044
575 6319
7272 5257
9259 872
8093 9624
4305 284
1522 2071
6063 7759
6187 4262
3509 1600
5207 3623
4060 9114
1695 5810
4310 9488
9027 6027
6419 4864
60 884
3080 4317
2862 1370
1005 6791
4395 6463
1279 484
867 3174
2618 5835
9442 4006
4328 5436
5484 4655
3204 77
70 5949
7718 3316
1803 7575
332 6156
6650 6132
2115 3171
3268 1717
2745 6188
4734 1264
7708 8687
4536 1589
2691 3519
3805 2403
2729 3860
4111 1908
2877 1364
279 1938
9569 5644
2828 7215
6607 2763
6286 9020
7826 2024
4272 5092
850 8437
6833 3896
8303 6254
936 605
9700 4139
6911 5792
5383 6842
8600 2820
4506 5148
9220 7666
2957 6866
8339 186
7176 2740
8810 6326
2509 7466
6443 7738
9321 6619
9528 1841
2895 974
7796 291
2973 5127
6946 4967
5199 2720
8684 1487
3422 3517
9591 4150
6287 3152
9148 9439
7523 4699
5681 396
4713 285
1209 7364
6571 9708
539 5446
6968 1913
6055 5509
295 7644
12 9190
9894 6569
7711 9850
5110 591
2531 8940
3754 7027
6966 3985
1236 5538
1116 6704
3890 7020
8811 6572
6297 4561
6503 6460
4114 1813
8705 2074
6653 5743
9274 5991
8380 8767
8611 6296
4568 7542
5412 9580
9596 2590
5258 5856
5290 5056
5306 1486
9616 4057
3290 5534
7375 144
5377 3941
2293 2409
6514 7119
6771 4207
6531 9910
4724 1227
5418 4484
7105 6428
9844 4613
7086 5218
3473 5513
9083 3588
9994 1104
1108 2084
1211 9153
8337 55
7306 6451
4185 8780
3484 9871
9145 6669
7617 6905
8809 4258
4786 5970
1354 9497
4779 1243
7639 5555
3041 7421
8210 2295
7488 6598
2428 1346
5773 6241
869 5567
9510 4846
9086 8323
9718 7790
246 5887
4564 1704
9318 7957
9093 6378
5461 6879
7025 9286
2416 3433
6304 4097
6718 4926
670 5653
3883 2497
556 587
8276 6140
2458 6937
7079 6608
