1000
25
64590
47856
2123
34109
25041
2881
3670
56582
28920
28784
69841
80836
8600
83484
4348
24787
29320
21254
42994
58700
31062
56112
65540
15082
56794
79384
16698
47572
59906
44585
28262
31157
66434
64802
19489
84074
21129
17348
24205
43281
54756
11902
15951
51606
34332
69472
25805
69050
85085
1472
19966
49357
49595
55927
10132
54796
42382
59029
18574
72496
63559
75714
36416
5890
34933
51026
24089
66317
49393
18646
18103
493
64118
64329
33469
18338
54162
52657
31368
11707
442
3644
6415
55463
7135
51602
32269
64095
37461
19473
35148
48112
14786
2407
32591
26801
50823
50325
43696
56605
55773
51444
63969
7445
48193
67699
74275
17866
54494
28498
28610
78177
29363
25514
63338
76831
11906
3834
33857
11680
86531
20162
84110
32199
79664
80838
80657
66516
34371
27957
14222
27046
67186
83777
66846
58972
57986
16508
31000
86788
60150
15600
29903
86887
43220
57227
23712
42227
45715
80123
13107
24858
56225
47310
30958
79440
28262
62944
74897
28962
68378
62284
40329
29431
75220
60497
3607
66501
19432
87413
67565
75149
71413
36584
26302
69119
84647
51534
12958
85936
48509
17452
85054
34317
75228
9147
75915
62668
26306
87410
62749
6804
70510
85649
58565
20018
59169
62739
71065
75482
49934
35181
60604
18131
22567
43852
76640
18359
79471
16804
24975
80687
49584
37788
11594
72931
69335
57397
56031
40643
36569
70253
20812
76343
26374
70807
11849
3153
7171
20801
27816
25065
33488
58774
59435
27376
19993
72707
64681
46159
83800
56466
77190
28311
36775
26578
62488
58779
80558
23522
17065
81220
23801
41537
32860
48749
29621
30686
52448
59622
49137
3183
82328
13066
66514
32739
54069
57435
16817
30945
71007
10245
12901
52811
63750
3812
55768
44285
75697
43161
78123
65841
24639
61341
44031
63615
79936
22011
50132
58625
41734
11328
65236
82013
70423
78727
59231
71572
16082
43901
10668
17085
14393
970
66143
58948
46816
8645
64385
12672
8355
5631
64593
29628
39234
84641
6997
47813
9409
16597
38
8380
52394
73988
25042
11341
22331
10262
61719
52320
16610
21215
37046
9522
32523
48711
25322
79837
28324
5187
29340
61846
10298
64667
74160
55750
19617
42259
68243
8881
77971
26308
7749
26036
36214
38206
38104
26455
73397
87268
34767
55843
19749
81643
5450
14142
75703
52969
6851
74354
82603
68806
11204
9653
39468
28704
24383
9742
44463
70418
13146
324
80224
13543
12008
81847
81892
56036
48735
8961
75802
26493
13440
50186
2089
80781
13730
34427
11952
51180
11418
66501
53822
4511
30742
86337
70332
26960
7912
46769
37175
71343
60968
42796
13434
37321
87239
76621
73673
44515
34572
53025
71794
39469
70093
82796
68362
12533
24569
77519
85138
48290
68867
39175
41955
60304
78065
21805
49217
57724
66258
81077
81930
28817
66100
67302
37650
19990
2714
61457
30996
41965
8443
87489
52018
36329
38051
52936
77369
61369
5561
10423
47595
73921
1619
38718
47218
85668
59472
74374
66166
34003
87375
3005
26943
53233
81220
5005
47197
46179
36717
14922
33908
26025
72846
44704
30195
47707
39635
42443
59369
44351
39327
78636
8564
45268
87151
29376
47085
19305
2713
54841
14958
67286
64510
36437
77815
56890
25045
33383
46296
33803
40750
72927
31297
76878
54549
20399
71205
69343
57312
43627
45551
57998
34590
53253
65315
6794
15365
13340
76261
80518
41181
8061
11653
9348
17374
30545
55106
45781
291
22817
40178
925
29644
15523
33611
5565
770
50781
59718
20064
43144
15372
79686
38819
70627
8583
45820
57217
67305
4331
19989
80189
48776
24532
23510
35996
20879
74206
68137
62511
12288
45283
55781
11638
14172
50446
11703
20404
84347
56700
29696
74390
4787
30263
86452
14394
51022
68587
22363
85278
17527
13125
73337
73156
61018
25700
67662
9986
43044
70417
7457
8777
49685
30117
24272
24086
29714
21405
8301
29382
33916
43159
45215
84245
23873
82392
15058
83259
78050
66653
7131
6654
57807
25587
79851
37589
77315
82612
23116
33181
2946
1048
33926
34451
44427
77797
37669
78556
84102
69835
40288
67082
13664
56309
37554
38756
70787
72251
41751
23382
29871
2246
79619
53982
26199
87407
30726
48670
73110
1138
44210
60081
77738
4876
9990
73938
85705
28169
23946
20913
71290
38742
33980
45385
26149
11188
26932
13003
38831
76624
21030
40675
77158
56873
52552
27748
53496
17141
73673
31026
24740
3423
35518
67895
47148
45776
83612
32984
55025
2020
71242
74481
15537
41577
74781
18466
24239
71503
24958
59753
25513
20454
55387
86612
49957
25039
17595
16076
31556
2073
82353
51269
21839
67065
29219
23072
74265
29879
20447
38914
73104
39128
6028
4732
8591
32559
58274
60817
66756
48155
31250
60738
12747
758
66167
40642
77598
53649
47209
56749
79819
74548
63277
28154
84104
81153
29838
64345
60929
60441
54915
57481
66490
82739
42418
12846
27136
20462
76801
6592
39352
66939
44053
12578
53925
19846
18310
56916
67427
45075
59152
38446
86146
47708
39441
29835
19634
10375
14086
48172
2624
15719
13150
59674
5795
79595
83697
43326
15717
30045
68608
60330
21261
29254
48067
86001
73868
19962
28
70682
32885
71287
21466
38310
26568
62131
21573
78494
54708
83206
34216
40827
59397
71785
80428
35541
67063
36601
85985
1368
23512
4679
25465
28158
51212
29715
84379
28706
62167
20847
24851
65871
72055
80420
37229
51013
6456
60732
58800
79072
15530
24044
3696
85136
18487
5703
48417
18519
14023
27034
24138
80537
14423
18741
1373
77548
16021
4374
45812
66379
75669
60198
49868
62144
81043
10958
44423
2800
55248
47849
27496
86972
24592
47116
27505
38299
61660
60626
39388
8328
49918
43856
72623
22016
39726
47932
24737
13217
28002
44732
4395
43530
62273
59403
20687
18517
8676
31596
77422
69763
83085
1310
28144
72421
71804
30302
33769
39759
6077
3490
7096
54821
21048
1759
10595
75747
78354
20180
8707
41962
71648
77323
7547
7659
36233
86458
16433
66012
63569
85021
75596
59195
35332
72168
47953
25505
14582
42567
69272
8823
13380
57868
48144
32063
73586
22536
20053
67600
23710
52893
52798
45091
65683
30045
45147
59608
51333
49330
7214
78716
6666
744
64803
8606
4859
16735
84114
25291
84010
49241
83808
20760
62840
20807
42234
58133
66460
65267
37506
2910
18299
23090
17022
39762
44991
10720
75567
2039
