100
7 727
42 852
43 817
46 275
51 998
64 40
66 869
87 414
100 93
103 52
112 306
113 988
123 187
140 901
144 945
148 172
171 35
173 477
191 785
202 725
210 264
223 799
225 16
234 448
253 133
254 812
267 851
281 292
297 722
299 950
310 602
316 708
331 905
338 573
370 383
373 840
381 549
389 515
403 871
421 53
428 718
431 273
438 617
440 111
443 464
471 952
475 100
492 859
499 179
503 468
504 376
514 87
523 994
542 301
551 688
552 921
601 662
610 404
615 224
622 506
630 617
649 733
665 29
702 361
723 256
725 695
733 361
734 828
740 492
741 875
744 313
752 526
762 888
763 789
772 175
779 248
780 311
782 394
787 309
793 823
798 969
801 327
806 744
810 198
825 495
848 468
852 779
853 956
883 44
890 755
901 668
902 204
905 986
906 700
925 149
932 576
962 88
982 778
983 777
985 124
