1000
8859
8081
3441
2166
959
4354
2895
1362
5597
7603
5883
9446
5052
1872
541
39
9199
3758
4762
8603
1631
9501
5527
6138
6335
5152
4655
6076
640
4603
5568
5190
7074
3883
1024
8996
4133
6349
796
3658
5055
5906
9419
1242
9600
2537
8748
4179
9700
8503
5955
9299
7304
845
4446
73
8030
9644
1647
6364
9898
3841
8261
5008
5267
9136
3209
4939
6196
6691
4406
3592
1327
6167
8857
5178
6007
2585
8117
6620
2313
5998
9249
8259
9496
8422
5105
1604
7719
5917
3665
5185
5150
2612
3044
3163
4697
8732
1463
3704
3136
6164
5036
4000
4380
1173
9269
1296
9325
1830
1963
4440
3586
7917
4742
1623
4248
9378
472
7887
404
7373
8160
5589
267
169
6657
9606
495
2153
4988
1351
1431
2880
625
5108
5805
233
7877
1641
1602
736
9492
4691
8293
1233
3180
5381
5906
4633
3801
8510
6534
1154
1747
1992
9194
5598
3197
3940
87
3813
1226
1559
1054
4089
2552
918
8187
710
5817
3369
8755
4336
4258
7327
8721
6186
7504
6981
2458
4433
9152
4426
8480
1762
7723
8089
6858
2827
9529
7976
8364
2136
1931
8014
4130
1609
8458
2564
2811
9957
7445
9834
5391
3597
130
7329
8971
7196
8408
4510
7037
9380
4810
2697
6773
9037
703
657
2614
7370
3319
2571
1500
5287
5355
5390
8298
6197
9814
3883
347
1508
4239
6507
8942
6971
8228
2255
9514
2656
1237
9545
9733
9503
6747
6914
4718
2159
3461
8920
7997
2790
8844
2289
6769
4131
6834
325
1666
1880
9452
1674
3367
4695
9546
1389
3539
9923
9583
4385
7171
8620
3104
710
8679
1449
1898
5111
1548
8894
860
7574
6601
1648
8174
1381
1385
745
4671
6357
1508
4346
4990
3114
8391
9235
4671
2575
494
7708
1903
1731
4317
2679
9390
2388
6894
3553
7174
6815
6997
3293
7440
1736
6768
4929
7325
4951
5838
4563
2438
1464
6486
2191
5451
9866
7290
8411
5518
3320
1273
7775
5351
68
7522
3641
7095
9202
1263
9283
3631
7878
7088
6739
7346
6792
4345
924
4240
748
1396
9639
9888
2751
1584
1475
2625
4386
3114
1817
9979
998
7361
6608
3830
6970
5308
451
4594
6881
1688
9874
6192
8490
7619
1058
5094
8723
1888
7626
3409
4145
2440
6049
7630
1202
5489
7795
1477
4211
8714
6829
2272
6175
9020
1001
5522
1811
2786
2682
899
1857
8195
8760
4649
4158
4360
1383
8664
9536
3343
3101
8813
8646
4271
1362
3429
8960
21
6660
5352
9604
7005
476
2924
3497
3953
5051
7697
7094
5069
8257
1609
2387
388
6434
3948
6803
6345
9731
1973
8112
883
2256
7319
3964
504
8381
4250
9084
2389
6821
4668
5722
9609
9303
6233
689
9586
1585
9691
5308
5797
6638
7780
144
9699
6993
9456
7914
5097
3005
8796
6271
1701
1014
4179
3141
7974
2631
7475
5093
6228
5109
3535
880
9444
9442
4939
7666
9476
2588
2576
1004
4090
2339
887
2853
9940
9909
6100
408
7251
1840
8045
7285
7195
2686
7045
4447
5237
2374
2808
6669
9233
6608
2370
7967
6770
217
4099
6800
7846
6200
2314
8054
9538
9918
3567
5390
4528
5536
135
3226
8769
1943
347
8351
428
2604
7579
3142
2444
2556
407
8149
6827
5089
120
4106
5546
9539
682
2527
7544
6024
8595
3351
4008
7331
2489
4138
1781
7171
7847
4705
1755
8617
6932
8137
742
6855
182
2818
1643
2619
4847
8311
2696
2428
9051
7975
2107
3426
6374
1952
9619
2575
1787
3712
2729
780
441
7815
3771
7800
5648
2550
76
8802
1161
5409
6133
9632
9613
9295
196
2692
5583
9586
6784
5885
7446
1756
2515
5224
6685
706
6909
7765
7808
3664
6352
6565
3456
6127
167
9124
8259
3718
1520
4664
5137
3175
9295
3050
8514
9058
4926
8435
3809
1840
7848
8766
3324
5468
440
2240
9261
8012
2291
2694
2074
9321
26
8031
9896
240
9282
8220
2389
7189
5254
8006
6492
8557
9777
9301
9053
4545
5131
2889
323
4897
3098
7193
3478
5415
3825
6041
4894
1374
3623
9480
6949
3746
1533
3863
2702
7074
5504
502
7868
6005
1719
7908
68
6813
43
8866
9354
1167
2997
3635
7628
501
1596
8210
9660
6592
1608
5616
9476
5261
4092
4179
4141
4868
4542
8130
4245
2871
591
7579
4331
8561
7419
8116
8968
5835
7943
4427
2321
784
1795
4341
6954
5876
5047
127
4167
4254
1273
4732
4186
6463
1033
8462
9178
6612
9822
4236
2426
582
3333
1374
6722
6418
1291
4458
3514
2491
6809
6113
2279
6290
8354
5266
3608
2744
3262
7163
6468
761
1453
7153
4176
3880
9720
2921
3161
1854
5122
8776
9134
4899
5804
8992
4472
6824
819
557
6034
4135
6997
1075
8119
3350
2681
874
2886
2473
429
6630
5307
3795
7595
807
918
4047
2233
1678
9286
4819
6187
3950
5885
9227
7344
4248
5720
281
145
2849
6018
9775
566
6384
6024
8899
5415
7453
1717
3916
4605
8549
4798
361
4585
1317
5464
5009
5811
9397
1803
4257
2235
9827
7891
1846
7752
4096
91
6847
2921
4372
4337
7212
7889
3264
9744
7397
2430
2828
4456
8718
7170
1601
3091
5709
2736
5577
9741
220
5333
1789
2117
1933
50
4332
6661
4354
6955
5822
4722
2565
10
8433
1646
7207
5696
5125
633
2525
2175
9012
5425
2655
5832
9429
9191
8764
8791
2107
3607
2386
7188
7275
9879
1107
5726
9153
9612
1716
4352
7251
8221
8385
9727
1508
6448
9187
5690
4539
5198
2314
5601
3699
7270
8653
5690
8071
3155
2908
2360
6348
263
975
9153
1826
2707
4821
3178
6805
4695
7111
1563
2086
8596
6626
616
2525
3695
1625
2632
6993
6288
4166
7115
6416
5194
9200
859
345
1565
9278
6056
484
9709
8604
1640
4513
7757
4702
3033
6507
1389
5581
5033
9068
4791
9189
5270
5683
1417
8682
5571
4846
5314
2196
2173
669
4649
849
7567
1051
7314
6178
