-0.7528132046523236 -2.086072872266737
-2.428946403139218 -1.8882891638870638
-0.4286167995471003 1.7282092293592457
0.3528721460196079 5.389233988006288
-1.3725131409806057 -0.6587466729994526
0.974609732546633 3.722079243196898
-2.3931646298799856 -0.7573941610461296
1.2664667022860783 -1.930023789946696
-0.8061009648066996 2.494581555053716
0.964771915178909 2.3197379923225077
1.204072334109005 -3.8344619085599123
0.4441616277111232 2.8603354730959345
1.562291418081849 -2.0572647974873632
1.169519653848571 -4.279155639871508
-0.9402554850108726 -1.1904224545788016
-0.6133398867703257 4.64752340060337
0.3655033024503286 5.042941578319523
1.331164722114284 -4.121679788061557
-0.4168161000140343 -3.373299133101287
-0.6696364579957659 5.610539060864695
-0.3365315307988375 -4.188653614381023
2.4618045617275772 -2.1223895892317453
-2.0993530426226283 -2.358216012561926
0.3446095320705626 4.937945862561199
-2.328288919170179 -3.5639674872014777
-1.4608117216312344 -2.73759518084839
0.9641591885178443 -1.7042633034394763
-0.6214915418940986 -0.844797572663948
1.6558771530918488 -4.549968356005387
2.8097082678586145 -1.2146455873354822
0.3408767914208901 4.660714076293999
2.6687721405146743 -2.9934474594370903
-0.6649616781409411 2.7642719975671683
-0.6463687872488812 -3.264638348132146
-0.984173725205709 -4.1502378821431956
-1.796273745206173 -2.61019921071349
-2.4180801886328402 -3.4358638192956246
2.535073993239664 -0.8323449227731908
-0.7952097277398222 2.059203057922235
0.0376118678533094 1.8001542547648823
0.8715718793247565 -3.871928157021709
0.1449247765188434 1.8969897338072685
0.4630382581696236 3.3564933487936326
-0.9132422003687904 -0.492632948900452
0.8555376587635845 3.4502759957759164
-1.0677499136140371 -3.233903177961046
1.0649136104550647 5.515816626580266
1.1402403773622165 -2.3665021525813237
-0.3092715519618221 3.3705710793651713
2.586644118862496 -4.578050119335224
0.7972483379172093 -2.2758636416779696
-0.4804122892438314 -4.156848233097951
0.8248687625846653 4.609385482013132
1.9102910543666358 -1.1389169340470826
2.4693195152269976 -3.908644821932116
1.4297824486738302 -1.0642977224693437
-2.3540864004197015 -0.4342498183850556
2.3516802581942007 -4.046403747271622
0.3915337438084125 4.197465289824669
1.2050295732658243 2.394777530390027
0.5515689143970871 1.7077024844856243
-0.5476458124128295 -3.1085591024628014
1.1668083981701074 3.2017020701623955
-1.96952935913614 -1.0642104410907776
1.149477750177758 4.132064243487164
0.5578904543480732 4.677740207376632
1.1911026242320133 -2.7647147776169145
-1.793226285219543 -3.6435974678469885
2.4021608064850217 -3.1779314265958596
0.222020868668093 7.666847099690061
2.152527773378576 -3.1760292737467384
-1.419320913740816 -1.295534066961831
-1.5190633087895655 2.046459940869131
0.1684850923965546 4.165894715228845
2.1271347956687072 -2.4629222608603354
-0.5098549625205772 5.036245364590623
2.6968495538141277 -1.7468577466364081
0.8640628488907746 -1.1617320090698111
-1.8689973988645756 -0.9428232747448713
-2.0141850329153144 -3.4546331382766904
1.1056009786444174 3.469425850130043
-0.329287543841027 -0.267581748616641
-0.3132685297524276 4.574285005473324
2.187765937276083 -1.3277100028287268
1.714145202323235 -3.5484713208480994
-1.637008283598381 -2.0825991728591915
0.1251487075141793 5.014171380660557
-2.4920378594170924 -3.673048263772448
0.911255638125007 4.338590290019746
-1.0326488718973075 -2.126088687605455
2.233549353466185 -3.192502845611795
2.4237535429066446 -2.8972074399995873
1.0626977876226846 -1.3478072171595086
2.567848239406799 -1.9400918889806518
-0.7572369682246052 -3.7908016283898243
0.3340364956269671 7.647616263046236
-0.2088632934877016 5.069462806914459
1.2536297994374679 2.6805568462563962
-1.1812743143768842 -3.245394233742126
2.5947402174694596 -1.260716196997367
2.0995279752674696 -3.2222216745675443
-1.7901553244112263 -0.2386977827336025
0.1362902379538962 1.7995785542072915
1.321379541826962 -4.4486696954784595
1.0074793074743693 -1.6748900312744375
-2.3246682828252574 -0.2818979233052615
1.3086985348678113 -2.439055680012869
-0.3725330874478582 3.6708746108237174
1.7791684317934755 -3.8790282858617484
-0.6080744617317031 -0.503834507615239
-1.007986636272752 -2.84102378643383
0.8632015976339937 -2.908189306228082
-0.1023844847896334 5.501903451996356
1.3082468878460285 3.5625704851047737
-2.3032339538607665 -1.9534862326619133
-2.2547735692312827 -1.9121794703923498
0.6889820021856222 2.317372006548599
-0.0680378125337947 1.986006037894413
0.0522841343219986 3.8476413025598215
-1.6042121427300209 -1.321734983369617
0.790019186735278 2.7255038399022573
-0.2598494355354918 5.553267663897502
0.215025353601575 5.666582646927872
-2.570936629572303 -0.3374710570039984
-2.405226107766756 -2.47898343729954
-1.6871541602612308 -2.3753318503755994
2.379950301056281 -0.8357256870904842
-1.9144035455821693 -3.230715267656896
-1.88883470668636 -3.641960753548702
-1.8346652272708872 -0.7048315951866916
-1.1549816933705246 -1.8638658811624504
-0.677640405761593 -1.1756890732179206
-1.2615410706497383 -1.3226050350325582
-1.7645462453445189 -1.359425151723367
2.117932490654587 -0.8416205981863581
0.922669639848001 3.430729305465024
0.4245666165308673 4.717695612833075
-1.9006847222045127 -4.200826127766647
0.9979663490553137 -2.5836022881166993
-1.4623405988379294 -3.949861386260756
1.8651239108960056 -3.4957419698638814
0.6839538187370189 2.554126865521838
-2.182418117558587 -1.0436639757425217
1.0051616694117604 -0.7964172736874363
-0.8893389193197235 -3.621698703569033
0.7810248055350334 1.718318214969229
0.7418974551347521 -3.4562747962635236
-1.7807191327164047 -1.7818043636165375
2.292677653675288 -2.3668418973253442
0.7461489036832282 -2.9306561879679465
-1.0859594418953702 -1.5669768652022995
-1.4006022754555594 -0.4044673712727644
0.5012522400604337 3.9706839601642434
-1.0666461602188266 -3.1814218335091513
1.1031739074882332 -3.8050606194885885
-2.5557879463851085 -3.0900343664677545
1.7253747028262907 -0.6386793612129785
2.233172322271394 -1.7936491526601335
-0.2753781744958095 2.3680567330013025
0.2849316699550003 2.764716528236976
2.4231705999214 -4.365142789648908
2.687942758568009 -4.53558508560687
0.2379480513485846 4.12675274150623
-0.725154467058631 3.2929519472630817
-0.8388313743023637 5.667239727946851
-1.5199407209958542 -2.547136632185091
-0.614670909566916 -0.4649620561001991
-2.1201973671055 -0.3784101315464254
2.4337795458679 -6.422092934069033
-0.596178327764734 -4.079621889031019
-0.1827437212968113 5.301823085449884
0.788801211662535 -3.806185841573003
-1.5056698943565243 -3.870739635201059
1.229775427231666 -3.984729872468318
1.4452105644354711 -3.330157740917716
-0.3636572032963849 -1.622865738118548
-0.0088993222013599 4.797684195153633
0.8056459319555987 5.4295269301691995
-1.5047199336404737 2.014423954048804
-1.7656058521413858 -2.8609025431083372
0.1634225237937271 3.940529363229624
0.248772161242358 4.0669997073167385
0.1058995549302132 2.634307180409504
2.5978078660363324 -2.302958902859718
1.3318481814469687 2.3501014545132284
1.8241549117887281 -1.0347911058933712
-1.1509402475963464 -2.2210645858698452
2.349770385122297 -2.373736179664655
2.0878045654278083 -1.0092682701476188
1.091949369511754 -3.4896149466002915
-0.8801069687861545 -2.983741710446426
-0.823104686598997 -1.4921926556599392
2.9939152935614084 -0.6949268696874324
0.1848767088965681 4.872825088423807
0.2693836298111262 -3.4695267498643365
2.132806837537107 -1.2884251662571173
1.0261702218533977 -2.597969741545329
0.873366728416833 -1.0253058295741764
-1.3111789214350806 -3.9239012652715184
2.416069517174519 -1.0593150980923336
0.822846632635156 2.279891198022191
-1.5337461449590806 -4.003848939948715
-0.3895727672675627 -0.8081442511060811
1.3176614846327248 -4.513752813010675
-0.537563795218329 -0.635421659360547
-0.3157289644985005 5.736410685052688
2.770137389142561 -2.485726835111265
1.2835624515488884 5.715718766340097
0.121433744544728 2.6454013178089366
-0.767538830708394 -2.712897761549907
2.0500206729485764 -4.384198363555605
0.6722976138913193 3.8930493653128972
2.9715047126512446 -3.284056216034379
1.29663384281681 4.884150222146429
-1.3433282368061028 -3.1107236214775313
-0.6912586771197747 -3.2950275784966716
-0.7957036748262524 -3.308698316533879
-1.6432657989212385 -3.465508492046586
2.782124419223255 -1.543413778989512
0.7238669872486875 2.7673326794899546
-0.842660716760557 -2.996994800095368
-0.4761960371328772 4.514387181025552
2.5741271565068224 -2.016457911651284
0.941113738849275 -0.8731848966744312
0.3080608792248775 3.172294138257884
-1.7948813889653201 -1.355824363031624
2.6779444688313645 -3.046394108564341
-0.2513958595826664 5.164957305498309
-1.8376624708596776 -3.0164587573871895
-1.5903115676924322 2.0120195954530002
-0.5595121028352584 4.295455147352104
0.5561015509444543 5.791893646037713
0.1498984374798186 4.504637550566439
-0.2036447531623454 2.4786580856789993
1.8138585344075382 -4.246961635715227
-0.2411724647162409 2.9998151840652594
2.5476850504437016 -4.2316323657897215
-0.7711072544298389 -0.9153665974413954
2.186412962805508 -4.132450186864172
1.0285219838863648 -1.7316540794465596
-0.8352952312391643 -0.7968661794724758
1.3135219422277382 -1.8393124588487553
1.2786938540237247 4.023131627773404
0.9222312063513093 -1.8392372905269214
0.8371625144783138 2.486658619200187
-0.9260773338429537 -0.569325634194927
-0.2890804548885593 2.1118700808138096
-0.2931942087172839 4.0952564236208255
1.3260573561863103 4.163736845113204
2.2944036363696934 -4.231081279914258
-0.1308960236847492 2.85970986076752
1.1397243580680587 4.496170088800074
2.6594413226893727 -3.932461114041018
-1.3773159748613126 -1.1541195948477145
1.7648505986414842 -0.6156064560347758
-0.8811505969067721 3.799281561397742
-2.501986195498447 -4.235077636335246
1.4545874294375334 -2.6025381880878315
2.511093969461705 -6.457205073529775
-1.8328344392164257 -3.2786346997021005
1.9885474671760233 -0.5526393159274102
0.1620793429328139 3.2090609822839196
-0.6469373053760314 -4.145493599475191
0.2998024244437559 4.801955581740538
0.9664502044152112 2.5344346382798304
0.6431134695937737 5.44870352419778
-1.4040434676334093 -1.7626690423174436
-1.8693404318944782 -1.4029844894754422
0.3685633160833219 7.586203907815618
2.83112636282189 -3.5582548239410197
-2.316880475855238 -1.8206899086197779
-0.1173435629476635 4.270100965201535
0.879736068695267 -2.1956888381565776
1.3170729760447355 3.683294795546759
1.0435629066642422 -3.3438556005844533
-1.991466670916129 -1.3874988927098892
1.544572480286193 -1.4691956706570255
0.7386569022846022 3.0322515617311496
0.7947725121748797 3.368167755830017
-0.7478368068587584 -2.8394019755206616
-2.0985389841065984 -2.3395196545796915
-0.6048012899731211 -2.2968188933847644
-1.8642556062973452 -1.8600376507270218
-1.8343499985724343 -0.7687895204123828
-0.4315778140650509 -2.9976593636282245
1.212659859640905 -4.172309440080866
-1.3697520226928166 -0.7082602844200058
-1.5330596725976067 -1.9371793346335358
-2.0155923086425536 -4.164248887776714
-0.4611804554872732 -4.071275240987248
-1.0117957729849998 -2.4058376673333695
-2.5862833783387322 -3.7860915001304436
1.3561939613447076 -3.8898927820760996
-0.4519343848868803 2.1224335889864725
-2.4068864859007277 -2.9336569935256716
-1.1270760181805315 -2.5349541183636664
0.984008205236469 2.692834777624076
-0.5913360559962525 5.6331953476554
-1.4899664816049378 2.018739673371989
2.121171931622055 -0.5369275400227087
2.9839701103821317 -0.9370825515711507
-0.2821417544817188 2.008208550475835
1.534365060759319 -0.5421267117137473
-0.6499375138980857 1.843281270339764
0.3602560533208723 3.1893216417256367
-1.3376163274227586 -3.016039881245686
-1.2965243713231958 -2.921645977851008
-0.5574067315010109 1.988988839645159
-2.251791341533109 -0.38204332888835
0.8681776956366346 -1.7941123899732674
0.0249518857870452 3.335865511028364
-0.2081592352689994 3.414414237858749
2.5638627523483937 -3.5281979700977932
-2.143356019638721 -3.8352435934555587
1.738035854408986 -2.0095642431012175
-0.7444814497263668 -3.731023991497364
2.760066345757354 -4.513973344478194
-1.0698545204446894 -3.134815073106294
2.4627444174407005 -2.3751577686013636
-1.5433392012946086 -1.1774506713228223
1.6006229216961054 -0.6855210722207316
-1.757542896813344 -0.664088253331046
-1.6900827890422971 -2.017244438183254
0.2269577446349921 3.4760504439586857
1.6362191249678417 -0.6095306463009669
-2.5504358942519736 -2.7751430778273103
0.0251540512773141 5.395030904448864
1.386874622478301 3.679709142791772
-0.8166000938370392 4.464574658419083
-1.3997363626949593 -3.5253512118047077
-1.3882132401591014 -3.588355556467696
2.6152087926078624 -3.777828782365615
-2.4542494139637223 -3.529935919053718
2.583169324322951 -1.1101726561349876
0.5184545146774905 2.3673384917359943
2.0362714137387576 -3.6463839905624376
-0.1047772244356417 2.6311355119581714
0.2807134932014176 -3.3652174154044454
1.324440894012544 -3.9132187745345663
-2.585918461644705 -1.2369367128303053
0.4011315636321879 2.08413295267634
-0.4281205963062156 2.8995380387266803
2.532481937474733 -3.9617261137945103
1.226587704125576 2.8272067818255575
-2.327377621637348 -2.977143433916418
0.9528555106242135 4.268531726187079
0.1402609569643665 4.835849626527376
-1.1967976685965465 -0.3137068035125532
-0.954037683289284 -0.6367318550396555
-0.4976355024917792 2.8704812983044263
-0.8590894879289982 -3.8180230575023586
1.100345271921636 -3.742279203548224
1.3307211083025359 2.7277074555261898
1.2685753141813745 -2.574568745767547
0.8440660658892671 3.5578296083956813
1.029779664540033 -2.5338539919012777
1.1395952087650985 -3.417964197721647
1.6201055267920157 -2.0582830435311275
-1.3610419311460995 -3.5328403620452673
-0.4174797656953463 -0.4283294596594921
-0.5691619084101325 2.098319242285942
1.2413127843508127 -0.6931309983100359
2.368262421356895 -3.7625367988231706
-0.9005687563448888 -3.890275224936734
-0.1705507872044199 2.8778992261127967
1.4533925607328269 -1.9100680437021225
-1.8969977477713953 -1.0985772209842708
2.29283385081778 -4.296551506336924
0.5534814459217872 1.9716340842408908
-0.5290499591835264 -1.719032181915124
-1.7755958592414918 -2.617631896894333
1.078604269794232 2.0277906800982772
2.8728874558306075 -2.4374432219138757
-2.2538676682962833 -2.776417692750879
-1.4871959769481242 -1.6591570306827341
1.9861633035448596 -2.781104754588365
-0.7630598492669973 -2.081383547922138
-0.9252815634868011 -2.18743296097315
-0.7549005236346598 -0.9048076315965587
-1.1309321159118737 -0.4903654484411707
0.7829376573122804 4.4435260241595
-1.927604872978274 -2.8415428383449686
1.0018483717965572 5.439272429228561
-2.168767361516473 -1.4185675404429343
-2.2592059716386874 -3.9502844556612717
-2.0731038882528763 -3.5553514585059416
1.872439164839406 -0.9487483764414769
1.6432302771138092 -3.4365245830261286
-0.5179881543597395 -2.571568117905037
-1.0875784336815495 -3.2169663382839393
2.530590834157312 -3.9674299454063977
-0.5970223646602171 -2.0641374206139598
-0.3577047670446353 4.2624866968101145
1.0885258650074339 -1.6860285028684834
0.1193329325223606 4.1921915843817334
2.1065271499886937 -1.8258168720884425
-2.3155023590226587 -2.2567911886461745
1.1974465168913315 -2.9541390742123506
-0.865162249740407 -0.903361828687619
-2.0418588325917675 -2.77227895262547
1.5767474561052874 -0.829618644767323
-0.7518914056823482 -3.503271962551877
2.542127247839712 -2.6318456802971255
0.371337418686807 2.0849841999547993
-1.3073896825298408 -4.068807267666471
1.5849128252555489 -1.0989974089868015
1.0325734547539918 -2.2660048419752057
2.8944916835020855 -3.64661589090167
-2.547838463352846 -2.0102986099012674
1.96262326611494 -2.167304812787578
1.4901809808760265 -2.1360389625900496
-1.7293657924498642 -3.361468473454958
-1.9170748735448162 -1.4333743450798535
1.369599306409563 2.5677727460918223
-0.4875919784427139 3.5061779122018124
-0.5294223727957738 3.2645852778605673
2.2061312887937765 -1.3678235677310446
-1.8244987667317745 -1.7454546776960762
2.984108232596543 -3.418749648748492
1.8149129800357067 -3.72959922359739
1.1947289122887916 4.821683271266562
-1.5874544798713657 -3.3159442939117496
2.2079494556326265 -1.3994832542533084
-1.4377656537683114 -0.7843441667445615
1.2616216036919015 -1.1292386828317371
-2.1318715930387393 -2.143112601996814
1.7303268877441484 -4.0272380424474665
1.081416740194609 -4.162008609326717
-0.0130713950446268 4.862429632435602
1.8074468574488924 -0.9919980681642364
-1.5844562904100536 -4.002448639506801
2.970655613035891 -3.3091172829688906
0.9705433000924383 -1.9159411294233553
2.1724409230744217 -2.4049783840047203
1.6105393056570105 -1.4298900205706335
-1.231848818589647 -0.4803412475444268
-0.7616491995241051 4.34640568959679
0.88093951700728 -2.552030463276473
0.8455278707574212 -4.3428510299093155
-0.6482557618472324 2.358629258520883
1.809550273615512 -2.5815659653410106
0.9182446095352471 -1.6459111610934043
-1.0511882234337402 -1.1932264870692313
2.6902428047294196 -3.0813549852475863
2.8499916906053326 -4.2404176702102285
2.3673198893624896 -1.2696333186284794
-1.5187854664961558 -0.20356564216206
0.7425134679874903 -3.7004367871963177
0.4290337008360521 4.166237912151994
-0.6223107303188689 4.798985899773607
1.0300525658512403 -2.839259327758022
-0.5980967191108352 2.4009214510381636
1.223572813111637 -0.6796297366260483
-1.742769479152611 -1.9465785009111782
-0.5215261849812683 -4.1038488122438
1.0779207909123245 -0.9590692943077636
2.8229089294811915 -2.196994378151105
-1.4797394700440425 -3.2546460910570696
-2.1738829131942325 -0.6138643427107239
2.4717963592514915 -1.0723361169975343
0.7184715637366231 5.595633582712777
-0.8098320549263754 -0.3859095714695683
-1.6534617029438647 -1.1437707929942984
-2.430610480579144 -4.249045069866356
-0.6804164107864931 4.561874630824279
1.0617107060055946 -3.6791600773473587
1.069237538131856 2.605848950258363
0.4751675083269269 4.111019966876056
-1.9027425486394525 -0.6653051102190657
-1.5198997418306133 -2.2859011554215103
0.0668989209035058 5.303004225012063
-0.1175828007122717 2.449050800639674
-1.792642236400759 -2.594031167573658
-1.296742004335709 -3.2783901198294823
1.612619938686009 -3.7255995631002854
-0.9731403721652495 -2.3911741669648126
-0.7952982355494101 -2.9747854552598354
-0.8503131300225168 5.327813580015379
0.3250248483648603 3.7244367003185217
1.537258386973144 -3.608415369386925
-0.9895364922507973 -0.9980181553183312
0.8811460053426095 -1.6647232954114937
1.1030730557701092 3.536028140269238
-2.0849752021905585 -3.4662194774830533
-1.6795467878590675 -3.681158293364306
2.0440922195425664 -2.563108755577465
-2.0612060374665067 -0.6194220691358479
-0.4463519164243121 -4.098693877837265
0.7853645970310855 -1.3020116183860704
-2.2065696519250597 -2.616088971949186
-0.3958457310518183 -2.652503033848569
1.1818306209217928 3.9894567981442357
1.1576146288064102 -0.6178293841203626
2.2413990203267624 -2.1072480301194907
0.1824936789364783 4.943394633818907
2.887670604087092 -2.8678170970921557
-0.3843690688465707 -1.7740552125120792
0.3993153755228781 4.424214938122959
-0.6397142613090832 -3.165410682035849
-0.6877755004372968 -2.5489236981916497
1.2953613259501855 -4.271699843564722
-0.6542290006377441 -1.0616388301266335
2.3325054827435636 -1.74748645797696
0.7059115044826209 -1.6312818059239407
-1.8998861692207196 -0.495584427265608
1.2781978996520156 4.339097447805669
-1.499499125118677 -0.3091086256381491
-1.2126898992364699 -1.8526533137978867
0.9345543057891382 -1.8983251705874822
2.616014171329583 -3.0065683606675573
-0.7022435201649175 -2.370128624267362
2.2495507310307445 -1.0992377959070638
-0.1679270003841949 4.320892555130335
-1.723949933648412 -2.3989034748538405
-1.5647872157337872 -1.02096434805533
0.237508779514894 3.4068888846617273
1.3662860870860773 3.0238328434152852
0.0505609692832102 4.736917805373177
2.5867735166342034 -1.4278982926172301
1.687175237592355 -2.452529759217825
0.9147897037983959 -3.7758657241128444
1.0546032708950355 2.302681516761755
-0.0674090590362743 3.964822935222117
2.436679753877619 -2.639569333536246
2.262636294796702 -0.8193080476296295
0.9152651346593267 -1.425917957839084
-0.8661758145097352 -1.6790356729952116
1.2876584997887743 3.231924409296427
-2.4339065690830495 -2.9318674012498653
2.8947421988313855 -3.9245190045755187
2.38063117021192 -2.9418681494293586
-1.105727320269115 -2.25570202286521
-0.662440516383598 -1.6935490612890027
-1.40847777914713 -3.4727339671392583
1.2559758004308648 5.1754424770049345
0.9581013234841717 4.655541337896189
1.6996099949173151 -4.380085933308438
0.9455827604770739 5.214568144407257
1.9522337616533674 -3.9796239815391194
-0.8015731887074099 -2.826842972015001
-2.4567160164338695 -3.2662552811609364
-0.8914008438237068 -2.942663782109273
0.9953407131302763 1.7601804178952813
-1.302619118485951 -0.7999872990898524
-0.1502111008511771 5.589078658537567
-2.327655401295578 -0.469692424823383
1.1021867943598431 -3.100882425105705
-0.0017880462963629 5.195338386812238
0.422518751967395 5.13509255410219
-2.5223624327216645 -4.126350986164742
-0.7280044786978195 2.3678165935378335
-2.2403515455813943 -0.8363860021758649
-0.6054199972865187 2.927028227072287
-1.892480724562605 -2.261942403312287
-0.9634508079638129 -1.2826394431754082
1.21581037266923 3.018295969745877
-0.5432106895820346 2.6604919079078293
-0.3541532281958782 3.702748479459886
1.4142157750800142 -4.220488997955231
0.820647966696198 3.301485415253315
0.9204660225310687 5.369772690446056
0.9871545204819401 -2.9929814894047713
-0.5347142331300061 5.552736314932604
-2.5709922376385106 -2.810935411789364
0.552631375758181 3.1255716510279727
2.4683615941157426 -6.444269875213772
-2.002806868717016 -4.1720230997082695
2.4705754192672402 -3.335537213210322
1.5090565728140972 -1.2936646903319786
2.561172391408898 -2.292844508086671
-0.2922286013541774 4.09890339686355
-0.3392861154883799 4.3688087491648
1.3575273114880937 -4.4040653129784655
1.526660465572547 -4.277330512192743
0.7995574705375833 -1.1493096858168717
-0.7559696602856422 -1.2216375770038257
2.054872600220426 -0.9611701303505854
-0.0090501475909175 5.392448895760037
-0.5198593519629142 4.71028393773039
1.3727044317060366 3.7698927186014832
-1.6426499901127778 -3.953159403509013
1.2974361756327997 -4.229060577308432
-1.6778227421327743 -2.5182391366463346
-1.8280545553384442 -0.3654206866859259
-1.4052027189888314 -2.1922625567547698
0.5907021124324312 3.282755057684837
-1.5758141219541755 -0.8208179184484885
-0.5760711556529295 5.365468988931597
2.272678726593413 -3.3753242182598258
-0.5940600969142626 2.09900139259045
2.0746506515523175 -2.8321297589813317
0.7486175952076775 -3.4138905016658083
1.8407877616456683 -2.448717040589801
-1.9635961306121958 -4.266563426645932
1.28312507403464 4.210999453153748
2.2144608106955026 -0.726205196019071
0.5432042606238526 5.567355035352491
0.277956625611088 -3.47045415925992
-0.5690051059142786 3.5113413359071894
-0.7109943813286019 5.743428188967783
0.178590048661117 4.32048186872838
0.3904609668798398 3.558250026169497
2.121684380745453 -3.4993274745964214
-0.5093176364253388 -4.213664185673187
0.5271162211416875 4.589520473103428
-0.4744896385144784 -3.5404294948659887
0.3554085337399201 4.127582453050938
-0.8592752363053927 4.939181140033188
-0.9155981159798326 -1.3189334906144297
-1.8701066428408901 -1.5864171428394653
0.9257743267683625 -4.029157294209921
1.492224547031502 -1.382484210440478
-0.3616546690604222 -3.872456231213987
-0.6604430030393708 -3.0955302727341167
0.8604018604195827 -1.002582230117763
-2.1332277983125314 -2.0247992130859127
0.7562284136506754 -3.0419383481672706
-0.6649979921021516 2.5490736792117583
0.7312597119058604 -3.8591398148611162
-0.311176202819506 3.8034797109230865
-2.2709177554567432 -0.971614692825737
-0.6447263311622475 1.9641277230564187
-0.5415285303528079 -1.4572393664284324
-0.565895531084837 4.297705455293877
0.8106557466323405 -0.5730816921948917
-2.3233213704375646 -1.7084839627186372
1.341356490587965 -2.3539112846384143
1.6062524313191773 -3.345369028067929
-0.4309926374866656 -2.216439703003722
-0.6604318797512073 4.504485505362368
-0.2627465100189972 3.138164573959626
-2.567782115134884 -2.916223176014206
2.045996598919095 -2.015972671666273
-0.8720977815985419 5.7344343857735245
2.1131388521838983 -3.70979568623884
-0.6264742947707403 2.3843631074087566
2.5987157831540477 -2.4426835762642787
0.9178914584909377 3.6362622006051133
2.122671561702536 -3.897591254023681
-1.0675300263314986 -2.8828078249940705
-0.8357285862352029 5.157609748172393
-0.4453208698060778 4.37111859864777
-0.7934031510016323 -3.618322368345244
-1.1839238288183604 -1.8384516671342148
2.5824661726926523 -6.467186757330143
-1.3668797490692635 -1.5773159148835092
-0.6208532993750786 -0.5009608514191356
0.1158707688097244 5.118819770038089
0.8938029164523864 3.7344290673049545
-2.312807865408707 -3.7618046324461223
0.7800856433111673 -0.600864195547363
-0.0929405581515412 5.463836934998527
-0.8052305745548289 -0.7888054885026831
-0.3015537397100658 -3.2305380864793
1.1297059078396312 3.0205746174767394
2.8324918258094027 -1.6519991863356098
-0.327049611166542 -0.7147332881462952
-0.1767596450711943 4.249707684180083
1.838296883935197 -1.2888448170591
-0.9969404611272105 -1.6137456975334767
-0.7481033069435787 4.74009214793951
1.31944796217751 -3.897441375874005
-0.0275668387613197 1.7191541293223311
-2.5266759238683107 -2.6724542479900713
-2.468292414865355 -4.206017028401326
0.9411525098603369 -0.7861117541896941
-2.391775258748705 -0.9578969325728849
1.6301325289951973 -1.429273040213393
-1.5097774145682692 -2.6762599814245456
-0.7659065674372291 2.6875430175222945
-0.2071171807525557 5.558940852820135
-1.9139835878020492 -1.2419602790968993
2.1998514948080055 -3.7809195707128564
-0.0340777984151132 4.873423144580377
1.1945745932331422 -1.8253434050460835
-2.2198030364683947 -1.6112250850422434
2.7109513002541563 -3.6464633166990965
2.9253012248970824 -3.7117414802643123
2.0866158302534967 -2.750817794305659
2.6948389561038133 -0.5995701811068213
0.9293639092480329 4.082661566919807
1.5683029348419835 -3.535299745536555
-0.1848975080369417 3.0322608269904583
-2.3860780477122363 -2.2154673915447938
-0.008308755712567 5.529107447641676
-0.0007351205213346 5.105379691084537
1.1704439227005907 4.127511944263095
2.625276498268717 -4.379948553578219
-0.8650575588956076 5.513283483849207
0.5953586137320509 4.932244673226714
-1.783495447971901 -3.738621154683776
0.8780744878813146 -2.767914660129007
-0.3640782973076382 -3.341907908663236
0.6826089786873012 2.014843809386499
2.342511354989099 -1.1729830437455981
2.2785978940235205 -3.9011727935002254
-0.1456125587286342 1.7419640498555289
-0.0237919540610813 2.6578097330242696
-0.2200475851255173 3.329376909776648
1.248645224974649 -3.1032491386465018
1.0171220297801962 1.805413527129054
2.756975355119689 -1.5110931417461757
0.8323684155072792 5.4115695866319875
-2.0312649776512974 -1.5752204678974382
-0.5109722957229523 -2.963601222855102
-1.101251233468955 -3.6057043916005003
-1.4665958144630369 -1.528105227434682
-0.531655077074041 3.3085063913979473
1.551229667594457 -1.3410350915087277
0.5592811057613495 4.236259599849081
-1.108263234803295 -0.8346302864073843
0.7547697388344196 -4.297426110257209
-1.9833963624006195 -4.14742524675159
0.9228609498338818 -2.9371287642154913
1.284425985632639 -1.82391635427024
1.8844874292056073 -1.6588488502851735
-2.048781412883604 -3.0348088347023774
1.0258671235494214 -3.963581331139212
0.7901169904524112 1.793232575501537
1.7374472404278134 -2.947898327332836
2.603768474787987 -1.313422374582974
-0.2819987426585701 2.258598566323855
-1.4733330901575277 -0.7478853949600208
-0.5639527216042406 4.8291836598133715
-2.557543179499279 -2.470269869901931
-0.6199045397767005 -1.5089494170956161
-0.9121639766262578 -3.3425139232943857
0.8322685680410985 -4.055171390094996
1.1879335640307176 -4.12282200410162
2.496759844993577 -3.225836744106698
-1.2771519796223936 -0.8003377793191667
-0.4591621611299231 1.9435361129707003
-1.2600406286428656 -1.0988860567753043
1.1250249907311551 -3.436491226242952
-1.4370322330140535 -2.805046316405961
2.2894560393852363 -4.494613075512303
-1.1232061169377996 -0.9845624331860523
2.6872393025297936 -2.9916932913868073
2.344469574150403 -0.5797537823951426
0.9042742932125434 4.006880638125608
0.9849313782181542 -2.6845219023097413
-2.0577652804430815 -0.832372093366474
2.4916533958105136 -0.721425828776227
1.0109600297295898 4.906443661318829
1.8139693583487944 -4.53737656878053
-0.0640325159120634 4.813056742512127
-0.6226738162480949 -2.5274815806856115
0.3129308397759235 7.680463243928164
-1.7640436249448546 -0.7013618470517902
0.4767175726499814 2.9720799748311055
-0.4603859051713795 -2.404939744254547
-0.7586567837034265 5.378157207556646
-0.6481096843360775 5.0228436224164446
1.4741241289313893 -1.3905934346323314
-2.095760797345712 -3.6415801493941014
-0.0753115737631955 2.503740715884693
-2.239244804520027 -3.3240270006012658
-0.6630741590021348 -1.2366653352287933
-1.8669965024212367 -3.699018941347362
-1.461883599795225 -3.3707787965701934
-0.1635053229335611 2.9411042385419552
-0.0248429830871317 2.4747170746854077
-1.9785906236556823 -2.6430530586412866
1.2875031411012194 2.2695575431546313
-0.5030520343197296 3.5382561437696616
1.3053545610497435 -2.540241545588935
0.7106373177848635 -4.248541130016344
-0.4152484027048153 4.617129931729463
1.865836534518181 -1.7839722076758324
0.9108242225136207 4.42906066358127
2.8117937553040493 -0.8495416491819529
1.6277505638682426 -1.8682224657506001
0.3782558371056785 4.808002419290398
-2.4264297814955103 -0.9565367513886631
0.7049501867717021 3.636427893146903
0.1052913898090274 1.8756261939500105
0.251678656962726 2.2576517709947934
1.3114651217689002 -2.7695553250231706
-0.3774168932213073 -3.1364584222599543
2.5489380187261172 -3.448259180238505
2.416012004160567 -1.0078811671953996
-0.7952844675492536 -2.8181448048717197
1.302941702223222 4.530540433728442
2.3619076601619295 -4.180450161051391
-0.9902014226255821 -1.9030504750430697
-0.7727469724471095 5.151396848937957
-1.5690283062100157 -3.8141899120401566
-0.3801310389469826 2.7264672014932696
-2.537525560202489 -2.9860113626127607
-0.9852014470515886 -2.3306470105374126
0.9872445276727602 3.857288792722577
1.2955552110811086 -0.7089191840818169
-0.3469401871572086 -3.153614872555983
-0.2093691688244403 4.868579259122482
1.997772619587919 -2.732807154620147
-2.2466934191702714 -0.2229190881909333
1.9918878470535397 -2.373597196760827
-1.2999558389846755 -0.5130777884643625
0.7537297356957565 3.076934365018
1.7603161768100928 -2.2751140759633866
1.3254074844623183 -4.512266943973377
-2.426490171170559 -0.5514490960462896
0.9609156225033871 2.0249369684614256
0.8039031602326085 -1.7040826729130398
-1.8066695007848566 -1.9236149336062212
2.9770053661755056 -4.348878192026521
0.8728459432931226 2.4646478595082715
-0.1665083828276634 4.57222541369708
1.1125192367224421 -2.9548055953806083
2.485750931869478 -1.5117948123752627
1.145527547059223 2.1509201562810625
0.8488868496271629 2.7421923210132615
1.1517420950237625 3.6284933660259204
-2.378169463111259 -1.8421583842065277
2.623528108007926 -3.8023503506518015
0.8817987161785408 -1.7129035272396127
-0.3595466965499575 3.982226535372995
-0.586037585500963 -4.131401481553044
0.8426730753500677 -3.4698030344853783
1.841739128147944 -4.4484579598198435
2.5245734082909257 -2.7343259382034146
0.7501427144685922 2.8324460309182538
0.6637401567821556 3.571984298232859
1.5679403223656962 -1.7300430711787016
-1.397723905580457 -2.5671236417757326
0.9489066262746464 4.166431818058687
-2.2159967610434634 -1.5086219928405706
0.8585841291315252 -3.662778124766763
0.5034405669541995 5.220900933960946
-2.0687375239594585 -0.3330372505015664
-0.3941492943514629 3.840563379270131
1.8241909760424635 -1.247593741533916
0.5189591993914855 5.668542497122602
1.8063884690032077 -1.4971523563302378
1.351312133849424 -3.942826271868627
0.0266324800380382 5.631326728003131
-1.7192949106084416 -1.5364126447095385
0.8896827603001212 -4.0611545529834
1.6243383558366484 -0.9511375578920809
1.0380288758599172 4.425511789027705
1.4051447225280338 -3.0851381622475467
0.8664815278847455 -1.4275186032992795
-1.2531293474437615 -1.582752012075909
-0.8131151607976218 4.347279832484167
-0.3721951242473931 -2.3715440735816196
-1.8817032292986466 -2.6836600199803846
-0.1351093307245149 2.9904644888259355
0.204145499671358 1.8778374293906945
-2.5844878743248203 -3.888034644602767
-1.0618269634222774 -1.2283618591098147
2.8635899906047433 -0.7683003376711294
1.9509451960164048 -2.4406504291637785
0.2768532222456863 3.3141379159856226
1.7158012346171183 -1.9498922019807576
1.6291810683201544 -4.579662679364859
2.245021558529302 -2.7590412339552306
-1.253286146552828 -1.7589771133518506
2.231664235998059 -1.0262433081792548
0.7882040865950924 5.17333620335681
1.6645059609016033 -1.1697919465959978
2.7897964163997 -1.1738018840308018
1.3316530295651339 4.720235002948578
1.5085447317216254 -3.497987642957039
0.6829715688036343 1.7058357770661159
-1.7608757915198794 -3.9466425778693632
2.050351918368332 -2.8602085435091658
-0.9372587040151017 -1.028670931944891
0.8036853884979837 5.26754329392702
-1.8782515268732152 -2.2944515133710914
2.303511404406504 -3.729689292795327
0.9832268937341896 4.820314304312655
-0.0155206271082321 3.3712787237288624
1.1910854793369583 4.779318005490594
0.7285627505570921 -1.2230812117759815
-1.9773931491769021 -2.348560812318235
1.0053726062656019 4.822417657954728
0.2582187152470072 -3.3719834623578975
0.9803143918032295 2.993263150159833
2.7560439778103234 -2.3661611325904333
-0.090648115440702 2.7606826307961336
-2.2488899186009403 -0.549807445035769
-1.7303786477643577 -2.9014840433325415
2.646518832849194 -2.2814406859788936
-1.2704356037326858 -3.428445273833881
-0.6354871308373434 4.25318975156591
1.0255328472542775 -2.5701280555433126
-1.0267264844477795 -1.5202616209285282
1.3128439024529952 1.7594216510798038
-2.115035101750651 -3.04159564170623
-2.01985103772694 -3.38723091465072
-1.163941876491381 -1.9017978992081797
2.3491166744703014 -1.6164223480836961
0.752639926213151 5.131055386558933
1.4815762482226902 -4.526224518467457
-1.4434280194428004 -2.983568064094349
0.8709589322951259 4.9381811312284976
2.096925963900663 -3.010849880713338
-0.0751627110631296 2.2980685204763267
2.596366180483996 -3.5977874129544745
-0.7744042593120725 4.117387359632372
