8.229017488772463 1.1666662355638913
38.00754895778466 -5.216875791718211
13.725260180226579 7.03842335937428
11.076225894598384 10.823750857827495
29.097685468053037 -4.983196838216015
18.26660765061802 7.796329143690799
30.447080816724394 -3.129231069740986
30.23729467927589 -1.3550364251065563
21.19820017400732 5.5375595776011775
27.27255110064547 -8.318681161002395
13.707847432366913 6.578963131276353
36.820974010520786 -4.085893584091589
38.590077712148876 -3.702482434476692
2.5386407360373004 7.035402033278799
2.7307126834525626 7.103220134508582
37.63218227028728 -5.720297316858823
18.62127482953496 5.48591993960049
2.6115858138437993 8.938454716145657
3.256031412578752 3.437001316883248
36.195962997161224 -4.181263304843813
5.165221338934506 10.37592759999404
44.15953442104427 -5.915969079247283
12.210244243800032 1.143091334519729
12.85911999879022 7.7595570613730445
14.70205291931657 4.133878454590642
17.425206315856716 7.017919701661236
33.813964349719114 -8.57412926320935
35.583555236585006 -6.303744907936557
22.07033155531868 5.387678464800443
5.747635366878036 3.006715848638417
36.3973669400214 -3.49554719523225
41.169754918010455 -0.710575358027917
24.92202672419383 -7.258945180075927
26.867625188120332 -4.1501694835075496
16.85623004224513 2.9394864108682217
44.69555891012017 0.085067993852606
8.67079407246413 6.164161107724431
29.3877471382969 -1.7658169769382548
39.79148721843348 -4.633437561742455
21.95318680255648 3.7553430183034955
28.089996550227106 -3.510856573487593
15.353067206120969 4.351687677009531
7.337398612585046 10.711329490539185
4.518053378369791 2.4206663853150348
25.43544467466155 -7.367559387155057
4.163160770725932 1.9099423737468735
6.689517315523176 9.472619417084754
10.904282473604674 9.25341250818473
34.33322611050746 -7.290454632167335
16.384927844555726 10.724734469943947
37.603199119342335 -3.2302092562092897
3.3834700013688286 5.592073780000965
8.864890220414797 9.916286913697324
42.9346501325993 -1.2248212623343253
34.88028249085808 -2.391532186898684
4.868354243005865 5.693253506241278
33.56027996970161 -8.373920618810125
41.59272794832829 -3.0700812468293073
4.18494387594831 4.824298141437212
7.557581629625642 7.469592773562446
43.76482697166462 -0.371528138046477
34.28201300129903 -2.6078315678284643
17.10679506415127 7.062546493406266
14.540840251320637 5.325901664340206
4.373467550128962 6.694956708119835
41.48996346692789 -5.076710210101304
5.076281369736154 2.480989481927435
31.406775794990494 -4.741370844288861
11.246788732873027 2.373192345619076
36.78161421997328 0.19692427269578872
42.11129173361898 -1.539277738512915
31.83492048584688 -0.17781535539107907
44.28048313682572 -9.445973346743681
41.93736586761196 -6.7157169121674345
18.422836739301808 8.045451992452103
18.481506079055634 1.6107536179729331
8.000529361023771 8.156564462570376
13.80295194454534 7.291698235778937
25.745361427369446 -8.85767947616986
14.002302514104443 3.834015836217076
38.51190810098595 -1.3542397465852378
36.86353145235472 -8.543621693289746
11.33408020339008 5.9659610806282615
22.361416126889466 8.510267273591085
36.629164455720144 -4.561284077520275
26.47830084346849 -6.085475960547263
26.417974243811702 -9.1069028934077
41.86706260342088 -2.910218882010888
26.5465830570064 -0.4811298692521433
42.129616041267774 -8.743198715482976
28.941204312075826 -3.087269287268615
18.479923011732943 4.46385974726012
36.06601408949729 -8.75858371516416
17.21976617291736 5.406334624874253
19.31265984282107 6.776667775023367
11.341278441616067 4.345405608590383
36.24523530293224 -9.616954436364312
40.31715779120526 -7.845745323672464
25.974576600290632 -4.50872271493624
26.845015277980785 -3.0682719382506445
19.944150257264752 2.713876910630304
36.9108899699049 -1.9892303107940013
9.692716709375677 10.578676511033073
8.168208055009043 10.01449360018658
9.218381740707514 5.701214495650556
6.231874990424151 3.5783669196123835
8.383167184210942 5.771381156283927
27.194664556129702 -2.2443789634618234
37.152624401511765 -0.8995448018749475
41.599577793238176 -7.2118398502657595
13.50361129849603 3.1750699400796867
2.8094278577195038 6.080016805829282
3.58059839480773 8.487795194469916
6.864561519235936 3.3781946223293327
42.115899796470416 -6.091869961608203
12.901226229298688 3.356222471980116
7.06015322642181 4.061228335934176
28.61563861982451 0.16463582077583183
28.446870910268025 -6.385574187242904
29.0597155368497 -1.6849739018994576
4.166545043330087 8.87500448261602
43.14141183990296 -0.38042351337803204
2.9426992368535605 11.101653140976147
37.326054046107764 -6.893372355322093
35.03105147617008 0.2561064032638125
6.636835892254668 10.93402133043141
7.646185327389423 3.777938102100249
29.35362448201237 -9.596500838684085
30.766094710860493 -2.0052870824042817
38.92949604821197 -3.948873075885425
12.397715422324575 3.0072526559557353
21.822151406913214 9.328607812089206
6.9324852551847655 6.707063188332429
38.926125772605964 -8.424641631640545
15.729199637940956 8.849413718777916
33.77837634625922 -3.68317987756199
6.190112659749714 4.912371561109554
22.285631600817638 1.2069038664419662
34.60387665018803 -6.2703257719705
14.117192380973771 7.957996679274927
18.188186873963645 7.6338073400283015
15.497821539851428 5.91118755366323
41.21654559503763 -3.873766962591909
41.732984109480284 -7.1482410235718525
28.538106348350816 -0.25798046916019146
32.031118858674375 -9.522307092861833
8.011522644350286 4.290926980569223
44.003282707089305 -6.5757927632565805
44.52133521157383 -1.2254388226940698
9.732753432661925 9.32235884766568
30.675764476654336 -2.3312597843131178
30.460411985191016 -8.543956188089233
12.654049518321697 3.4832553275448754
12.046010025963197 10.061409109758344
10.726398355743315 6.605811267268151
41.68791612164112 -5.310030561170053
42.537205699429094 -0.5075194883287182
29.531782166835903 -3.9993921681850146
14.074698899423764 5.272292476514788
28.761794404407134 -5.40536430237593
6.923503536826248 3.0055938709741428
28.56489987959065 -5.702577379864295
19.14040066968768 3.3966735156927785
26.332059512660944 -7.775217964269384
15.257257328840137 4.756235667778368
42.86516931646744 -2.6646794594153604
26.03906266071435 -2.6210847500199854
16.532230364700425 4.536282554764696
44.012668391019034 -8.907417012804178
10.391401919020575 9.536183370355399
39.291334845867816 -6.731528538729034
41.43887997451864 -7.132407197722007
36.42148741485496 -6.860294252109387
44.47327966476064 -5.849212372395128
42.527034331135816 -2.5490923739181692
9.625039858361891 1.2188475602095095
42.43163239745552 -1.1710342140962418
10.844468505531426 8.249502725321696
37.317870521978364 -6.1238900896095565
42.4778453700208 -4.53187456718377
28.232585374339987 -8.732613712997926
31.412705806514477 -4.425661235377497
4.604162076531215 9.895943017956007
25.065705671443236 -2.9224622516625685
11.558582635708698 2.9106893557435756
2.618851892536495 4.780935920248115
33.38412786703772 -9.078167009741103
21.089012298523954 10.213029880891582
29.073390363308015 -6.361539443367344
42.52960699481707 -7.931876894192102
36.72492634988579 -7.2382480319647655
29.977734264232858 -1.0471033609188183
9.075876661871828 10.585841597112143
6.518431087987073 9.665547527258202
42.04065146187294 -9.355044077673382
9.373460190046092 4.925811130405975
11.081811433468909 10.245547289887497
43.25365024764369 -9.000754994282229
11.742562919788638 3.737389352873093
6.7698122249903125 1.875184143479135
4.627953057457063 7.134393284054496
30.36717785109106 -6.2325631967183135
10.239386096852595 9.305134272300513
43.43856568829965 -1.2197751760594464
17.497171846899732 1.7762469491459443
35.53549343280971 -3.1850702657242467
25.023784728518045 -8.347277108505455
22.15751771941529 2.0001360845365124
41.262664691803856 -4.818396718618379
6.255606851963597 5.297012708200156
9.298493692320406 9.221315345023243
29.198230052020946 -7.062652709149341
17.299236510276863 8.370087979971897
31.070767869639553 -3.687501180845868
37.94633583033293 -4.6134447960822715
10.912739576767834 3.18570168033912
21.1735250674486 3.696840223240728
19.89193650840498 10.765458020028717
22.38057837102202 3.708712087563465
3.7836421090460988 3.428758215052686
32.72796756119141 -4.532218016551967
9.0536716474459 4.191018120701113
3.073659402244204 4.884404914468135
6.218961668988818 2.1093574807246385
16.523543184176248 8.619170385651028
43.48636892425708 -5.093591247249946
38.01735063259013 -5.696100563872136
29.379917694930306 -0.4979521540385683
36.63752575964493 -3.4477420534763397
5.538754524303188 5.294323075720344
41.49169647278929 -4.653997453053704
36.13920309771068 -6.577203205793407
38.04281591091383 -5.267617072412076
44.38717542973773 -5.658855623780625
28.553714781462112 -7.8580403135592745
30.452362368536008 -6.2274787620970695
21.994942593095345 3.8365690182175536
43.25286189497133 -6.276507251504339
11.790390747277812 6.863651965483487
6.203399367665119 5.563640539664109
41.380284868779576 -2.570810153980581
35.516198653772584 -4.449825351368222
7.062968012140519 10.59975263860954
35.34182488932657 -5.527196977773928
20.490672170888296 8.61648347864621
25.332885621959157 -1.2314587561123815
42.38085810281386 -3.745602047722576
28.588983004358337 -2.196826643856477
24.87648666809885 0.036997386161367274
31.47036128925572 -8.737393566447686
21.83145924357933 9.746892625675716
24.74619752944566 -6.659353604999337
6.423997535999037 10.480389724054966
38.68951343532898 -0.6621374647480582
15.367981343755066 10.646642175524484
17.36375855377226 1.3927620416068176
30.578469981967167 -7.663888931744204
36.65260857532379 -2.6166859625939605
37.910206893907585 -4.267567385683758
8.674735125574237 1.4526630524854611
18.742361399835843 2.2544707719349235
12.291247092311849 6.963395712650253
42.412882493114886 -3.8839806506279704
40.707624334056526 -7.558667855207207
12.383985097780927 2.7770282356996088
2.5593865627100927 8.82819917648282
36.85620019864554 -2.0913151745993037
42.521891765173976 -3.5289027952649876
10.907201745187761 1.2272062737846268
6.99279911512404 3.821220170306563
26.24828270775985 -9.406657882318976
18.754023015356218 2.416559480167444
7.689533766190575 5.419008312554361
41.953210355077545 -1.2387561796133415
17.950306632829935 4.327756765896692
3.936051696740776 7.257609608375458
34.30534300595262 -0.5000882134104003
38.86650102530871 -9.01433465408412
16.976878082301177 8.6703569856891
21.3361630900706 1.8678381118304455
16.702177906001275 5.901701595032689
35.84669966279978 -6.311638872678929
4.889910692857777 6.298748815229529
2.7131655723536703 9.724035060782324
16.146433860406376 4.246353497364833
11.166720625859895 9.43534171726862
29.36697499490446 -0.4935766288244743
10.520028390822402 10.826551180062324
19.274577599596725 3.8693797619673953
7.148339379301948 9.686558969175767
34.92635131559087 -4.695276491891401
6.502299582881713 4.6682865497915005
33.759328125803094 0.2996324104208927
5.90467356509544 1.1457743576412305
32.13496288779872 -0.6305177342657391
15.795068209950363 3.4499982702263035
38.18421458485092 -2.8755469587843994
29.145020597400354 -3.414520182232547
12.694892190812023 5.236850976469593
36.83142514132839 0.33017061353480415
36.39798159293055 -3.3320309172168656
35.24203410286473 -9.260945266035822
26.52358980305352 -8.840596932958162
25.68470135538177 -7.940477640508572
4.868392510110583 3.930315973677253
28.062969436382847 -6.215493934662786
8.864016721472138 1.3897303370972425
4.423857302820508 10.722255559913336
21.247132744599604 6.3275096149522305
31.554536720478566 -8.322392449101919
41.0760563421252 -7.253920796510838
12.936627697401237 2.933796128640578
13.609192152918585 3.9131230214885235
6.031905900272123 4.211912753522214
17.593671730496986 6.390351908228554
17.82186221755402 5.76420670227236
19.332149881135585 3.983083893495394
31.53251821998408 -7.2598865942479085
30.840868719919442 -1.9277033573232503
7.2346998441008 4.636126919273375
43.400031101362664 -6.19173431782006
42.17642096839412 -0.9412444772804012
34.81796503555299 -6.865179893358938
4.666360542787082 10.414033122187462
34.930232159709355 -7.0834792774201505
36.49666495365227 -1.5512615612286282
19.417430231411707 8.26313889669881
43.291869834737014 -6.248840312860677
40.374453560373425 -2.129146599403401
20.189571669749974 3.148814830546617
29.889087355026987 -5.53579027186286
4.220677301466246 10.77026811826562
30.88646704618247 -2.3201331106198015
18.068930489072063 4.4517930590798205
44.72169862853856 -7.118002216967916
35.86992192260634 -0.11661028508185822
24.87369842589028 -1.1875177533432328
37.185976952202864 -8.425907168364404
10.996829825721465 5.7852112819148225
21.601257666289847 3.992701572859798
6.1368868402737204 5.365586100790167
37.939459516293155 -2.627020755769541
29.334431006702413 -7.035467243858445
19.412296855260095 4.623974267020677
31.414475023912726 -2.6869647040104505
33.71637861961386 -6.586339136268332
27.9853013812047 -1.3841080325013557
11.583577896286114 4.159545683851967
44.413563984632425 -2.0300333534983173
34.3704376972534 -7.189116857813787
30.36082609023989 -0.37316682776985566
38.84707391132231 -2.040978360125587
17.725077302919313 3.9424061723663097
29.901773785039328 -4.324061774634748
35.50695339436468 -2.425673192116782
40.9146387101902 -7.665018372382457
38.038172918393016 -6.655914581577443
31.987935055708668 -7.556743278282189
5.297042614987643 1.8639389952733432
36.577409656302876 -8.21278937845274
35.50999500914521 -5.657300527667223
9.694655122089872 4.042166179199337
21.68585133822706 4.028594618860493
37.074185834652646 0.031411734155819104
14.161523379531472 5.487417063199069
27.40352507871405 -0.08758258440636446
44.194130162836046 -4.1086715211532345
7.934353629330117 8.534306342900408
38.03442397086056 -2.6342453222022986
28.319315803859784 -6.792746203194239
21.324293472945563 1.7028375157485043
8.11337022119666 8.87286845500228
42.27510174925682 -1.6541203522976708
12.106706934193364 9.963327426277015
40.94817659573783 -7.636813398633948
40.84272821113824 -0.5202382967510157
40.97467814189269 -7.098632639143627
26.687609179258445 -5.210242227385365
17.337909749763 10.67495265573038
36.23400287916304 -0.5006676341126663
40.39522401260227 -0.6991335056777377
8.403657054126326 4.633836807988438
11.938287855894666 8.397898352938435
25.667672157287672 -3.7906494064127214
25.94318266146486 -1.160794149635901
42.57055564948651 -9.572190842628695
15.75073484643378 6.657211819287459
20.626729276272314 1.3473032039445587
25.69405729032913 -6.501854815602578
42.897009318239895 -4.671836161086313
21.075249022981943 2.2668736200199158
6.342409449196646 8.245056640400808
5.1111414272766975 10.714795532924281
2.9970336215027333 6.549314932102402
11.760446436242038 7.412182179362399
5.909981048732362 4.901329741131456
22.13415017502483 2.5974986365074617
34.817548087863344 -4.734286408800834
10.055289330525403 6.263460746909302
32.48830430364487 -1.051883608802818
15.611458133857544 8.95046615322756
18.286846466149115 6.8773011337422165
18.872218318909702 10.843481997885913
36.952320232215286 -2.0911935119492133
42.103226799420376 -3.5106224396486594
7.135222348143315 3.3600523229062293
41.340459633532106 -7.385988275021789
2.8439168539442634 6.514773721314749
9.085975190106547 6.827913809087035
9.245313167768387 4.298238851478593
12.962586653039546 4.104967352792345
37.04503200769271 -1.2043522328828775
21.828409388246698 6.905555306117479
2.7183679987997973 1.1621220251957864
2.9693523212714408 1.577737035506389
17.458342169700906 3.0574062871422027
34.866316408446856 -8.672816444983129
41.714538562168784 -3.203632329053601
20.789409885908555 7.780252541977966
5.945562385396578 5.891693728507232
19.24275688770964 2.705289745974536
14.662187131752367 7.805264351880791
16.048733285664067 8.53761754097284
27.843802555989644 -5.925321330216172
42.21034470265595 -2.7631879333047458
34.23746343702347 -3.4053278946737695
35.1742416166575 -6.2778142800835335
24.75023644547119 -0.21571198236175526
25.15167463653933 -6.921362876451129
6.324353682158563 8.85554933385468
3.2190278532009637 4.234837577336067
7.38464671230504 8.248417846349518
19.574877382070078 3.484796773389961
25.268288205413086 -8.605494263058478
21.6573066545907 1.7125097597259165
43.05690909909025 -1.4953625923042129
30.10364547470128 -2.9725101806799747
19.075156248948964 5.489529948038709
16.28222803829187 2.7676654839439694
16.073124461692245 2.269971847550556
33.93441985972271 -4.736667219707499
31.340969559548967 -7.150884782943596
38.76035274657106 -8.97281832255334
12.3546265831755 10.84099985261744
30.435038147210776 -0.5722052437274137
35.96399700986377 -3.316526547653707
32.745082850303035 -1.694874171140965
42.035665783071664 -3.826449799089411
16.59193507527958 8.939281692419119
34.006809731965234 -5.839846084676971
16.180937020747646 8.111160587571472
17.841255537467028 9.094054203251932
15.793310723670643 6.165476986838998
27.698607943309305 -9.255122341167477
8.968622799944816 10.376331959445029
42.19015248509863 -6.410350656850204
40.465491366348736 -1.7908247759062608
42.443191822064634 -6.444768173580617
32.31427568887722 -2.8021177735170184
29.229539563145092 -7.484940177852679
14.127463547800184 8.529272804877127
38.95132438715775 -8.379959444595801
38.645609133147744 -7.001257733635825
15.344743420431056 3.025774604399526
14.91547113650203 9.161162838029291
40.47401471587571 -1.291947640493909
15.767054767813583 8.310612965230554
8.225853775038187 5.51289283461419
36.96413693449453 -7.986132410572528
3.1926258670142444 1.7607687894168977
6.599093822309785 9.50639101894928
42.78452677422288 -3.709097899668766
34.72743715149365 -5.282411746587421
5.475354216470329 9.022893026268466
29.02238142759488 -7.9715930427269726
42.53682966077087 -1.045068817578077
15.465713230005521 3.3440828155194535
39.85044333916079 -2.7304233179645454
34.79026313311399 -7.294235358808523
16.57785718528808 5.9614947727650796
4.877552858032454 6.3668097482874275
38.916945486650505 -1.6177406258047036
13.129109108064652 4.200739803709186
34.03817071837553 -0.48238288507744365
31.18912835294373 -0.4539467404816939
36.16545395181452 -2.8405173851518537
35.66266980707055 -3.3436014044606672
25.996312255789448 -7.5052763305935075
30.26681923182034 -4.706930861061488
28.349201483605807 -3.1434352558517045
3.679328502415293 6.636286479726743
31.505735950365807 -5.522856325179513
39.71457455172565 -9.410939838010751
19.043746949196695 4.684752933435491
37.396794689607454 -3.932621273274303
35.343606736670964 -5.203284351282582
43.6043840896248 -6.500675535861403
33.787759532917 -2.9803620949473437
15.352833145915636 5.418318387068926
11.274234766027295 10.90366941917662
30.277499244437394 -0.7717117296674498
38.219223477965635 -0.6864856446567416
30.645702342360646 -6.352375187232053
9.518026251804297 3.7654457087748106
27.724521997433836 -7.48909135815227
27.493694837828983 -4.946199845996336
5.125662897506492 7.244712650723096
2.659339460078993 7.283797495613014
39.3420473302062 -9.070473082533114
28.269156424628434 0.18176187255614984
3.0521114882369433 2.2890005541708938
9.907226022755681 6.0759236082629675
36.11472631102818 -4.15779122291974
5.560614992644156 5.469222632584905
27.849041844045043 0.17894667112305918
26.177040355557462 -2.9711917602754383
21.800376987263817 3.3674616566837345
12.139688445760845 8.760514772180695
41.26210197418105 -6.262935684481108
38.88190805143249 -0.2623012273532517
3.995393212495266 9.418246398371352
10.35182725771913 10.470171316635696
44.02532932637962 -2.400197381185243
42.04854797626653 -1.208852539309234
7.5477691936187625 1.2690701408956162
13.905451469707224 2.391168767459221
25.585428410767904 -1.7502391531291295
7.2341165874214415 8.369466864176388
29.62030509362627 0.03103884608855978
20.228976653625438 8.121834529362975
32.938882427465586 -2.731503496898677
38.54490284848721 -9.438477730385657
4.185294284313803 2.0363552075630897
4.932933277207285 6.246399730526819
43.11953948314175 -4.143244411006601
5.389343465937099 8.942161873825384
39.38167517624957 -9.00546010008022
30.967709479612836 -2.606069066919437
40.53128408263626 0.1402319703074788
6.951058647033497 10.710603481348155
14.187126847244393 5.1037727164033875
3.052517925963149 9.548675504236268
22.111106543712708 8.672895219870032
21.199823428501283 7.783125380517255
37.980525648153204 -0.3302823382428084
15.187667940834483 10.291138175816048
25.855565597018977 -0.21826278017920409
38.90851921075202 -0.24082997745024848
41.918958339438376 -5.809421296562972
9.904948741491419 6.079096002471079
41.80658930732652 -3.5837457572399254
5.502106518801595 4.151280318897661
3.637126179533347 5.434924226875592
24.98846558457857 -6.853321035876309
21.679744519921584 1.9172926615453034
37.810672541290295 -9.037909542638857
33.6439166462223 -8.162987864213228
3.40073251460806 9.580663630218453
4.9747895474841615 5.049277772327809
42.70565032726519 -4.011975806078031
9.732403041683465 4.024570095746243
31.163257885370953 -6.01393549237474
36.61205440929568 -5.545192765028687
17.320676653758373 3.205524900997397
35.0605479269874 -3.1768993868003594
6.078851173173282 3.0753264929545967
41.678801113416206 -7.296385623820241
41.73967430451584 -2.3787463252831422
40.756249428730285 -0.8647760793829633
28.193346958458477 -9.527768389829038
10.570146413306615 3.0904564209679073
7.213535273913904 6.201710054282849
41.439768738629155 -7.294639268831174
8.659413841759191 1.161310746930514
10.090549799837166 6.122957268844123
38.92998259157106 -3.7381419794298454
43.91004522687308 -7.828087650884507
29.583085357886798 -3.819641519250718
31.97456829370237 -0.4858611735441105
26.68032280106302 -5.847842494130005
5.573432769471542 4.183942102536551
4.948011535359138 8.276806859831597
32.01933017783999 -5.948671837480592
6.71615147022241 4.547673182784891
40.87560534040075 -0.2933998074550388
37.1811289457391 -2.2151409020657065
35.312557568555015 -8.073820665348551
43.34412336313196 -5.913914751396016
33.175632941141046 -7.133264152358496
6.92551847427145 8.40617340800479
21.36179203007319 1.647318354499171
32.7279817650206 -5.492718936027893
27.397987300630213 -9.25657934712649
16.9678563431636 5.9317538011341755
19.06609873469835 2.4000512192235
15.145650264839674 9.963510100141534
6.332977905777723 9.888235493097426
26.606512521326533 -2.8000891712881035
26.743040587055603 -3.8308328039557846
7.436988788058942 1.4797097141846494
13.56618894400952 4.893821268278882
40.61021485906973 -0.4748269231433504
5.262464262957302 2.5175338306979156
18.012474506992167 5.534686991431671
28.022233544355178 -8.788846533968334
12.303085133793603 1.880828474595857
26.88129245018528 -5.6611790709782
37.77000665814607 -5.528416503928964
14.183924623597173 7.282940274388379
41.67893339541662 -4.120455443434258
36.79117205294767 -1.8785121198445704
4.969861223198201 6.719880699754044
25.065620351072035 -9.486224293046375
42.83971013122066 -3.0767141762506487
38.46619907280138 -3.1765750230804892
43.50963351447161 -7.72267014629421
13.11467941646639 2.9019396580663726
44.04969357336466 -1.446255947118459
36.29935697678865 -5.1214515485952194
14.300681644838086 4.562005952267732
7.916458099193973 3.082585367097378
15.18114608522244 5.053549924986181
32.978451702854585 -4.977218953297886
8.67722364015892 9.131328129052122
4.683524129483804 8.095897489216863
14.205480653888287 6.088309848635799
31.14325155869581 -7.256523812403458
32.8834387882953 -6.802081504510306
17.511910700083767 9.363374834980945
33.064177311481046 -8.834706043377988
18.81334276179677 5.778423816229607
29.09298162904812 0.07236676116062135
34.79943675628819 -6.308146173083812
32.85665156989305 -8.53418319862111
7.047347015289107 9.797759862110802
32.0274823114397 -4.479455860985175
25.519891599177157 -6.669670291877489
15.611686730947085 3.779615899942966
13.491110332414676 6.236120604188607
25.45911690582116 -3.297369791414148
36.27437595510966 -3.777993841629275
11.026149506407412 5.641330430603049
7.272489129692834 1.531102448225341
44.213751668255654 -4.621077951528884
30.35762451760558 -5.565155279975969
42.892437137603864 -1.079663989495657
40.69417148149149 -1.1516163985150367
9.263123018432728 1.843968508263052
21.676618835431086 2.3198505934085825
8.446930135392186 4.221908960367237
26.540973576042088 -0.2854430464890765
30.65867095377796 -3.715671832194996
31.44164699896871 -6.749546104297048
29.877828906364456 -1.6176219698099885
16.497304056724026 4.195867134469044
25.419224179296513 -3.9336783832272104
38.758128555369325 -2.6161281563492
36.61840545995828 -2.4820671729238795
16.567845999023298 8.800090035116716
34.619703355519064 -6.859169147748708
20.018216129691602 4.815903226903805
33.918303494521744 -3.3999638110165264
13.401655205936844 5.708803808993595
17.621102278323654 8.57833562222045
6.6667972833422375 4.094820786934824
10.896384625145979 5.125881347074014
13.85431183240208 3.585455470903348
9.627933313478946 3.3092859613319145
4.8361014314475765 7.117249987079931
28.123381091747962 -7.646050646692105
44.171688580872896 -0.5399657453327116
16.459717555585136 9.544650849961563
4.7838013899462375 7.282562494519681
16.596258923547374 9.331273897690853
9.481383004025457 6.280145401544508
5.260704239598388 9.571831308279304
37.425543566428594 -8.059777599130504
31.85331784493048 -4.478630976104766
17.53387899958635 5.003275852890198
31.38165700234582 -3.327441113696996
28.723831292982553 -2.5765133877369912
12.576409547405595 6.733190570247979
43.90858911193814 -4.050299681194678
34.034061140682255 -4.885530761527587
40.38023914152928 -3.6200977161566605
41.0973131694013 -1.368068623612146
10.87634068748259 6.327961059590699
28.38457493103842 -2.6059108991334483
18.836974528384275 8.603768377912488
41.258091705031916 -4.945975901319039
21.90844471615533 7.797923490659936
3.063414014914336 10.821908351373892
40.9194207147177 -1.932442815164272
32.25982057194524 -5.695171781577976
4.653107289576729 1.9320735653901133
5.941488130270029 4.782748146055321
35.27319427456181 -2.56335428884862
37.35192261199577 -2.791287662066
41.82630689608981 -2.4217436821609217
5.554928185203571 4.02989048511322
27.41482151917415 -5.080080601988481
34.30673149200956 -5.784178894766216
37.53595671162709 -2.655627088979033
29.26628999345759 -1.874443062753124
15.62263524537021 9.480152269143574
34.820644261898664 -7.609715773047233
40.90214234300031 -1.9795481976873504
39.742841003290984 -3.025423676715101
38.03332282693553 -5.652951011354258
25.12115014563851 -6.856142821646301
5.001069642676696 9.610160529281899
29.909095978173156 -5.953926843272375
27.66834514732809 -6.266143104840189
27.542306719029476 -6.344356368020033
18.885977021149067 3.9238610398416993
3.331324858283608 4.618233318129429
13.279592704241674 7.010138195448456
34.954718795787066 -7.0012668254162955
10.636185986731347 3.77808656513841
39.94622022248787 -5.195952880034817
7.396451359618288 4.637281083129249
32.60853719635528 -7.272346027625441
27.77681145798541 -4.848003306757746
44.14340221608452 -7.633416380807353
40.57175822439726 -6.732069540066126
3.8269173396178875 9.824031354405072
28.070497306516984 -9.472675233432032
8.22709799895255 10.561159783998338
30.306081388363364 0.18419696060617952
29.225588676026867 -6.76603572696703
35.14957175762102 -0.36895597953356507
30.853907599365414 -2.9617931624503395
41.39051277898752 -6.928165637834226
14.786625658955971 2.0593494619998087
39.94420053999595 -5.8528003350990465
11.60414339901076 8.971191963982289
16.79899850680428 1.3825577881576512
25.47929689502635 -7.997091055146161
42.69681150206022 0.28497615117511543
11.749847433060106 4.778769408690976
9.924540768828777 2.722664032533805
24.908811903396632 -5.608572501975853
2.9808763897789143 5.554528580004673
41.513799169268005 -4.22845587788391
38.77423433092547 -8.107136877922365
10.320413955046273 10.930025962009164
12.524600157379275 3.4049601871965685
33.72499280327385 -0.7113775872796566
36.17334269010389 -6.041738477194779
16.222219608812132 1.9963778491628204
16.679482641228248 2.4621800433136185
20.91069681969232 8.411940019104103
44.24390186989585 0.14282816391795095
34.185468179619015 -2.4139428275282455
4.080733556808228 5.808811949106956
36.36179385252622 -6.632613345792419
18.54725866483183 9.783420340559168
40.95152304094419 -2.09075672646697
7.405848243632753 1.5070272281160524
18.286409002452892 4.094895206619764
6.512398082601109 8.621956652813939
8.214193629331149 10.694160149990445
7.7952840619745025 7.484110856851794
34.43232495074788 -8.5521872345329
11.131896584561115 7.966698865906941
25.664818602284033 -0.76784329641103
16.649771475762712 10.624589993760399
40.91811309249563 -1.539121320514825
16.074949993488197 9.190141473361678
34.293380051492235 -1.372111582299544
35.27815852817331 -6.736894946977595
9.884914831309455 1.2694223402557692
31.981409775824687 -5.254622303313166
12.745679780453509 6.98949572159269
44.66701369613894 -9.460956273589828
13.290946809543467 5.772063726640618
5.752354223261979 4.81206112541714
31.872857987665185 -8.247397909552104
16.78871497397184 1.3435481462505272
3.415885163713765 7.8780250833330445
32.5113650951822 -6.484770458813296
35.93856507104815 -4.832210913503834
27.178999205075932 -9.5404451118326
25.472389400031055 -1.5418848296401535
33.56792239336466 -1.7540352618468873
19.654930563763287 1.5072132382823844
41.78454117080385 -8.947410403330277
32.54868855120456 -5.390085846041346
27.39605520685987 -2.616360443924666
5.175421613827339 9.46583176665104
16.875262110478854 9.060393585624459
41.48202939621447 -6.2308955107892094
33.30801419200329 -4.458958645131155
27.152690081333386 -8.896312401481596
5.18748532297615 3.802145535915674
38.425194866406585 -1.8941325216013736
26.02797432078767 -7.863593936663537
29.15701926606006 -1.3208438850497117
11.3795926768719 1.977306808143685
5.881619561703534 1.808891138080676
36.76482672562034 -5.754966358782494
39.046787046288074 -7.706117298612856
32.09636699397436 -5.0829355044610605
38.43696427418021 -6.455975799339852
16.283113460390375 5.034373588466336
38.056307441749794 -5.159278721851202
32.95497789988794 -7.070547979643309
27.862593829881988 -8.151318034785243
39.22916510851767 -6.668474640905789
31.563658902473367 -7.8837160843660845
40.79682616113874 -0.3889196608611609
5.192013865868998 1.5014588098122816
39.37815351420062 -8.466187018128972
30.529296032557685 -1.7293749880282085
8.85249063581195 3.3458001813795404
21.040879645472067 11.02249685495044
36.94650884637828 -9.638560923286569
26.049876242046164 -2.7502369243529063
31.88291478707023 -3.429707536005319
26.27052383634156 -6.686561286196583
3.9636877342602723 9.577872209661827
39.57706575317104 -3.042008571208016
15.429077506914352 1.305296449443628
18.78195202419672 2.05208953365195
36.42942288138932 -7.485883843617943
7.99174951453921 8.253306525970414
2.680101156529346 5.636420262097869
26.123406628855143 -5.557434831509658
12.528648124637021 3.3759129859366874
41.18670519431997 -8.030939954518704
7.698798185562428 3.717721495528971
22.17407554893245 2.693627031968088
40.59195151578466 -6.852659288731388
42.42166076683816 -4.162916851030732
27.170923330985854 -8.054779173178998
25.31182824708448 -3.705973465467393
3.706102489402034 10.26769910144414
2.781339719015063 7.692686779118078
2.821220850865282 1.544496089621702
26.92134318233925 -2.07807145583529
30.239337875269282 -7.241613924778579
33.50240452746556 -0.038652888341255576
16.983239152461536 2.084805161791002
11.517674181747338 1.944277599474702
38.200513864172 -5.310194786186234
44.33417397728945 -9.110035957292919
20.56709519003789 2.920930079719588
42.48489543404221 -5.398208462759405
4.729407420097098 5.493551909406952
43.8755628312396 -2.3762759847817687
37.953963685445586 -7.593597993589781
25.97024629679622 -2.9437775039111536
33.830057411573854 -8.622407565741396
17.995629298223196 10.223091871624352
35.86189365815129 -8.061593942058847
44.49834405678793 -6.594436806256724
14.56263452360267 3.5100039803877303
5.252530360701048 9.164071858419923
43.00775407874339 0.13960815811131866
8.081432503110097 11.098439096069551
44.247382996536274 -9.44382987285572
9.45837321006539 4.505613761266403
43.09640968811138 -6.20802109504106
14.802254915195066 7.375332213797832
3.879096127856591 6.454093604736777
35.549051068213956 -8.346059176775535
40.608472432803396 -9.39439026046013
40.24507960056807 0.1730597348704439
17.039332482868872 4.832058807556137
18.497324462091548 4.721046575818761
6.248946230512171 4.434105475134156
35.003575243738 -9.35206934748707
29.327550621288076 -4.550478931386694
21.32572135175439 4.540717069223693
31.5047297453471 -8.451170070288926
22.311110727687677 1.2444584459684938
3.56604988958592 7.554477672065135
8.699404636130556 4.006417550729298
11.164726888564797 6.754125837016924
6.413561274223631 5.74136467479159
38.21734723291865 -9.031057872491408
29.82309111738797 -6.386752063344159
7.954750464417266 9.166438369252774
22.12127914081959 1.981973307661894
19.831002029286445 2.0688931519824094
41.3905220529434 -6.062651178656581
11.407637332010268 6.208345691630734
6.930587721848983 4.1708103280767315
38.956555489989015 -3.756269983560326
34.48146723353573 -6.656063180371211
11.50360668216129 5.559189915053479
26.41782778094768 -1.1236274417027268
11.106080409648422 1.6831099373222025
43.82256582559366 -4.3263500117926155
33.536766642110685 -9.424291311878024
39.080487113965205 -0.9915129416728412
6.537160144315812 10.702917970118591
8.418510351665596 1.2898992187329095
40.65529018382833 -4.339240884499046
22.161828319741076 5.949148002330932
12.597205484362592 9.722284179677747
4.201933250161096 6.710076697586387
25.94362591893088 -2.5679096560326506
14.088529871415128 7.698633607610302
7.3722960025422175 10.120730135144033
31.92090739200646 -0.6397821261586003
9.599960812057521 6.782874864957722
38.55571759234007 -6.205443110807095
28.318929895412847 -4.472258263930659
15.29007061995775 7.58570489194565
10.06966451408144 7.117524096779374
3.4209797247568914 3.715433889438984
8.97629500231151 9.141664750609461
13.971620047634142 3.870947582812697
10.944085465180665 9.72429964879587
21.047515329323097 2.1984717380825094
13.346244604715887 4.205759607424191
12.87020672785725 10.657400992178065
8.590467230822796 4.409089100044163
15.322028940740381 7.17082104433
38.99286319758302 -3.711810473903519
10.353854032795583 6.545817339203834
18.601868334428467 6.852832549347778
16.654409905330418 5.661375554045357
30.652907617688445 -3.119866015627757
25.889392090287203 -6.559217987225278
41.77278856363765 -4.454944072011231
27.710334439453945 -2.813620012861744
10.523613519332876 6.015646606716488
29.64110690644251 -1.3189610745665643
4.493769026748614 5.123242671402148
29.421980217573683 -6.326300486930904
4.340254997345667 2.8570801310569625
31.246665132307566 -8.306949591692286
37.638977897125166 -0.5562583745579648
37.820962229755885 -5.151612662808609
13.097571467650377 8.19509440034728
19.999955599148578 3.6407634418630073
21.02799702473694 8.90163208378882
26.609559183078115 -2.7034415435493484
39.44240731312887 -1.9687665770851375
17.042350938350438 8.05309206470119
5.125558281104634 9.694154776505172
22.133548944513898 3.6457832550676916
10.225391153910978 1.8028392098094348
13.055495152452199 11.028781031622202
39.81734916799388 -2.001444987093951
11.909997117451638 3.5624642373742033
33.637012024143026 -3.2106351213560247
8.964868996641563 4.496012430460232
36.71560282031099 -3.902769530580966
22.311960783119446 1.4601541394443263
30.861330873159446 -9.335006335804884
9.586390651084667 5.862909890104863
21.944792995648037 5.673308984140251
27.603347472860325 -2.069734782224778
32.09070973258545 -7.7115916234697295
5.774797665970965 3.869892960843191
30.381911558758702 -2.2728549305967585
40.479911724499914 -5.291706993746486
28.62182267564323 -1.3569575563610528
28.26796225791318 -0.16505008467575166
12.429528084037136 2.2585372255503513
10.208552260805032 8.903768606417568
30.25772560952168 -1.5880175589468202
16.354040953321096 2.7776732454874464
14.014018947052021 2.026818448241132
9.859448737194667 10.669322533236247
42.56388388616877 -3.042936745277366
10.50878594344525 10.007152157026631
28.49249124925451 -2.0528134616113283
7.758947259127413 6.287465813010629
18.950784242359525 9.15014671868095
39.39344504588911 -4.257313927432157
15.644135996863492 5.902869673224813
32.781955757301574 -4.532558885189318
12.896320133446775 10.44735188710158
26.000762889880924 -3.517956616443491
19.717949298540837 7.961396745751197
42.59085835273403 -3.8881953623353755
11.317097527347606 9.148041811851904
30.534207168435337 -3.3873396116674757
17.564966594419907 5.452882210563375
20.19989570239899 3.4742618182867036
18.434785549133522 10.9452917298747
4.666255750344043 2.4261650968737003
31.50694552911535 -0.37476076442139394
32.25670770996436 -4.178930865962126
28.693729351406088 -8.115761482388958
13.081457302288605 5.217130310356734
40.489769158996566 0.17903338812788228
2.595969820757775 10.131569971023175
18.563466070775362 3.1011445378319236
31.952708952161636 -7.153985863339774
31.531256489445646 -8.379020727650598
36.78689882332185 -6.320148146495189
10.759697359739903 1.2742343983641191
17.494188072103462 5.55708972625155
37.2705699206893 -1.7558965325791354
13.807494925686498 7.586834810679911
