20.133309069966206 27.48116774734547
10.293494472372466 -9.424021228040539
21.937805236196365 24.4066980130973
25.22350730534538 24.105896284617167
11.413863939195593 -10.150335437903816
10.181113307662914 -11.24888811106589
11.018411737342268 -12.007730329049252
9.69499847120519 -14.975758812478732
22.75222168114486 26.22751957408215
21.24581064875536 23.957548036509674
22.03935544920309 26.039990825824464
11.892675513514176 -15.604412809915399
26.461357526816965 22.633508543038786
7.322397358787074 -15.544334645965709
24.9033845458638 28.592882471816317
9.970300318603487 -16.192964451241316
6.973032191909614 -10.684580145784759
27.645689947033222 27.980546855596298
8.850490790149543 -8.769510096281499
22.314888910855473 24.00432988796463
25.087094239802685 27.196268902445347
8.170259451580169 -15.746979120561376
24.810110629804853 26.958924388544897
23.120705197317477 28.504440442848455
7.872327305950503 -8.94188015016013
21.199113796227916 25.734211361039055
24.876602107795446 23.534565306937434
24.788343444083836 22.05409152287744
8.781117905913135 -9.803973307436175
10.51568225394581 -11.88923208456179
7.186067296143077 -15.515059916611657
12.497318603481167 -8.732234271084215
12.43209488221145 -13.970486062900935
10.677789492872543 -11.92351752276745
23.633305865642274 24.503461142703163
8.501013553948495 -10.37452340584643
26.847883209690547 24.853556701018345
5.602237014347102 -10.168936011479046
10.244975184146591 -10.609910312269843
23.699495175139734 20.904889774215594
24.294514109063044 25.924146030031768
9.303582481983552 -11.315446888797458
23.40367497547461 28.634403250382046
10.89347442091533 -9.414132352222214
12.371360981049039 -9.295432005535707
12.29486990255642 -14.115578208110534
8.665686568862524 -8.909534651200099
23.91165897865888 24.06238964528214
6.365058407258062 -9.554840010862629
24.467705781786364 21.335058984424254
10.915658209732907 -12.128070989951771
24.767752008615474 27.36026146752126
12.053365270131213 -12.45983869545004
12.856340952708308 -11.2738048304801
10.52864670628704 -10.443536631726568
10.44666836890114 -13.058694106344413
25.53196726388667 27.243032598025493
27.921642283560402 22.29521508893163
24.781415700686352 28.702922065314173
11.059853131282782 -15.413946025382048
22.770912322332258 26.50030778891709
26.071516635860196 20.931659144503456
6.541248454834764 -11.114562987859966
8.92697399581281 -8.802777723092664
6.258620273542049 -14.180534243191868
23.286120396301992 21.163039892217054
21.31203291605471 28.556305794506184
26.774485392355917 26.07804747909865
25.281274687126327 22.42987949006485
22.72223036316923 28.20847543737748
21.653669643372844 27.997494342200774
9.36439340766438 -13.321789330843599
5.609563744581314 -14.516314029719592
6.793589597359034 -11.103529036810672
25.717852850035307 25.863233392727857
10.274877619279488 -13.713207604048158
26.11581951217845 21.013468054223033
26.84782390121605 26.70295692947823
22.693545510909654 26.186630434160108
27.897094564205457 24.68538771231489
6.36761278585918 -15.34323196284322
9.020591984023241 -16.788735269389722
4.801034877557655 -14.986807372167723
6.535076128437029 -8.073757260098049
23.80827778549343 28.857479723967014
19.05157810714254 22.86817662648032
19.902912126684992 24.622836744402058
28.664553345700906 23.152399722629156
28.896394931707764 26.057818822439557
25.19494894173445 20.059297711454104
28.265348504511582 25.06364373414446
14.335708260757311 -8.570578692831804
13.524998706219515 -16.830186400202837
28.354763007306822 25.02865048321671
20.02536512170683 25.313579943696308
20.30664032317149 22.504556345161483
4.621431946947804 -7.856554337042035
28.016756187202127 20.471779735338774
27.645199257844308 21.09638328049328
13.6189594087541 -15.705667785421017
