6.203000 10.215302
5.586299 8.453959
6.124700 6.771938
8.105762 22.084436
4.767071 7.913921
7.217981 8.064554
4.950901 8.338688
4.905821 7.548259
5.642987 8.806503
10.434994 21.260294
5.307469 8.836222
4.510165 8.185245
5.588693 8.944787
6.533268 8.959076
7.123165 9.330012
4.880595 8.321447
8.424654 20.031644
9.930903 21.120105
10.310128 20.818069
8.534516 22.353642
7.393568 21.583089
6.438099 7.470591
7.108299 8.229150
4.674853 8.717633
8.785866 20.732507
6.100464 7.915868
4.212894 8.201228
8.672134 20.597161
8.496282 21.066610
4.926221 8.348451
5.105363 8.751282
6.364857 9.170880
9.090101 20.296672
5.630949 7.627985
8.988071 21.402534
9.790615 20.140417
8.800859 20.814428
5.488828 9.299431
9.380264 20.831509
9.958666 20.700662
4.793921 8.588932
4.259674 7.567863
6.348489 6.583449
9.414545 21.349799
4.426502 9.120298
7.995898 20.986082
8.547270 20.330469
6.702912 8.808592
4.814944 8.467971
6.610581 8.383028
8.828480 22.119446
5.928464 7.769799
5.507666 8.930985
6.074474 8.569920
6.095199 8.733452
8.969476 21.019677
5.956479 8.178087
8.370579 22.540847
8.491524 20.857800
6.849227 8.337692
6.677211 9.007462
5.571708 9.490064
9.999378 20.336916
9.191956 20.393239
8.138018 20.567223
6.917088 21.292058
6.222620 9.187194
9.609135 21.459214
6.629977 7.808188
8.575954 21.231457
9.743344 19.964240
5.421483 8.299818
8.976491 21.692303
9.132943 20.866397
8.201587 21.456950
8.081635 20.352014
7.676746 20.883573
5.019109 8.677505
6.202955 8.041837
8.664545 20.140952
4.210781 8.186748
9.727195 20.662213
6.124913 8.459764
5.870743 8.305567
5.536429 7.030997
8.809006 20.201462
8.609172 20.730170
9.891101 21.035946
6.965170 21.763160
6.201808 8.052888
4.062328 7.192297
10.142174 21.117934
5.900114 8.206985
8.532094 20.123674
7.589425 19.906669
6.517769 7.863601
6.397903 8.960168
8.834580 20.455041
10.720527 19.673900
6.577041 7.730382
6.434473 8.188549
9.415341 22.073849
9.076953 20.727231
9.691419 20.878962
9.030281 20.834831
8.625267 21.666490
10.619873 21.413765
7.451948 9.232999
5.179903 8.735772
9.176334 21.087822
6.631413 9.294375
8.856724 20.159193
5.880656 8.555829
5.579442 7.879997
7.420231 19.499858
9.093946 20.365745
7.930101 21.182491
5.702801 9.090038
9.794352 21.256263
6.789196 7.572226
8.579900 22.266427
7.517330 20.942363
6.530095 8.929796
8.570368 20.618358
10.174740 19.795002
6.728087 8.519590
5.765071 8.351460
5.533512 8.050085
10.400922 20.165568
7.628883 20.779183
7.983450 7.279631
6.457440 9.196123
6.073975 7.024887
9.031330 20.810785
6.014009 7.155851
7.839365 22.096541
4.783950 8.849061
8.789933 21.150134
6.110558 9.128271
8.696532 21.788370
7.024987 6.714536
5.349548 8.658766
5.317549 8.498906
6.037668 7.919844
6.292895 7.829039
8.466035 23.134476
8.340141 19.432667
9.806672 20.062183
9.091195 20.615390
9.488302 21.450685
7.426052 20.852118
10.432561 21.866934
6.804581 8.305713
5.230200 7.942093
9.802989 20.081883
8.383410 19.899070
5.796820 8.312823
10.123995 19.176295
6.761506 21.386150
8.483392 21.169356
9.350904 21.216575
8.313297 19.408067
10.097976 21.730232
5.072438 10.045737
6.569896 8.897908
4.991385 8.609480
5.408977 7.897962
7.538371 21.811030
9.012298 22.213552
7.962984 7.917681
6.281585 8.303680
8.698845 21.792414
6.238738 8.742355
8.514251 20.351915
7.396877 8.544864
6.190431 7.774244
5.390479 8.171499
7.766504 21.829257
7.244753 8.747405
9.875885 20.531287
6.225656 8.221518
8.941916 21.292030
8.439060 21.127366
6.698177 9.068939
4.898659 8.425203
8.216425 20.834978
8.143590 20.259774
4.479382 8.845963
6.113887 8.737158
6.624474 20.960531
6.133020 7.404996
7.420837 19.974878
7.524728 20.555423
8.986917 20.848855
8.266729 22.158859
10.177343 22.068504
7.995219 21.089433
5.364671 8.594582
6.228763 7.496091
8.785712 21.030796
5.675136 7.957194
8.620533 20.666715
6.051200 9.760928
6.113142 8.867957
8.466601 20.790463
8.828056 19.751836
6.859817 21.954656
6.459320 7.338562
9.600136 21.170580
7.110326 7.908797
8.644157 19.886304
8.671479 21.672313
6.477546 7.410517
6.227932 21.351712
5.861868 8.871450
8.507083 21.058172
7.821961 8.436680
7.662324 21.269179
9.092984 22.046532
7.529489 20.837472
8.047835 21.102386
6.880894 9.013869
9.401375 20.342514
6.290539 7.802132
4.222584 7.619925
8.831849 22.101412
9.857650 21.177025
6.127374 8.415399
9.854353 20.855738
9.835686 20.068444
6.539061 8.798928
6.800878 8.239576
5.899456 8.031293
8.618212 21.112358
9.269462 20.820332
6.743439 7.993670
6.358301 9.025470
4.848170 9.354248
10.202189 20.695567
8.460631 20.463181
8.830834 20.837024
7.199702 20.750952
5.898142 9.028512
9.658594 21.200866
6.636060 8.090676
7.964013 21.482896
8.941371 19.968270
5.337759 8.396523
8.698381 21.683038
9.771096 21.104950
7.849540 21.225222
8.062987 21.208559
7.779197 21.512638
5.355495 9.251716
5.286356 8.624013
9.184043 19.901211
4.346664 8.315567
10.372908 20.131349
5.166774 8.390446
5.889617 8.430528
5.767063 6.809218
9.052078 20.035926
9.691030 21.525113
4.001865 8.474515
4.440500 7.513342
6.444261 7.188772
8.974119 20.760783
4.679135 8.831755
8.487245 20.831137
7.864674 20.199241
6.357795 8.242687
4.676606 8.798948
6.128098 7.568025
8.363835 22.206390
5.753568 8.176755
4.896208 9.065726
6.768637 8.947507
6.926526 8.354109
9.368587 21.096650
6.417049 8.518853
8.390032 22.584942
8.407637 20.640155
6.007122 7.612494
6.250958 8.901339
4.844460 9.907343
9.762204 20.507507
8.480897 20.974603
8.209136 20.621941
6.705034 21.421878
6.064725 8.905803
9.177353 21.891693
6.785062 8.023177
8.074300 21.619846
9.447966 20.674028
6.032494 8.639018
8.275555 21.193463
9.772057 20.760478
8.181954 21.234610
8.293478 21.107556
7.428058 21.005586
4.821204 8.503642
5.944969 8.577788
8.751370 20.534270
4.261731 7.797465
10.294886 20.718178
5.247454 8.403499
6.257854 8.658284
5.476317 6.858879
8.804792 20.124347
8.376030 20.698891
9.355112 20.693931
6.450185 21.528323
5.832481 8.360804
4.180360 7.364708
10.461094 21.681272
5.309328 7.826234
7.987690 19.779864
7.272075 20.372459
6.474234 8.752643
6.281642 8.466778
9.519070 20.798391
9.914327 19.033860
6.124380 7.312288
6.918277 8.584391
9.105147 21.883069
9.152286 21.213332
9.174791 21.134175
9.534637 20.419728
8.366647 22.164437
10.520468 21.593915
7.576228 8.996541
5.307607 9.115016
9.040962 20.594563
6.145141 8.559958
8.207575 21.053686
5.688883 8.704216
5.574731 7.546003
7.384033 20.038888
8.575547 20.673912
7.403992 20.261167
5.473549 9.658381
9.910746 21.196258
7.160786 7.789143
8.436243 22.209232
7.959685 20.979140
6.695166 9.063953
8.438097 21.119033
9.472146 19.377264
6.584098 8.339112
5.052368 8.368080
5.558314 8.282176
10.134650 21.069686
7.944850 21.066351
7.312065 6.394232
6.577188 9.416144
5.640009 7.323175
9.511681 21.665080
6.215279 7.293347
7.377097 22.098747
5.120874 8.759802
9.474291 21.259168
5.207639 8.619331
8.551384 21.031222
6.836024 6.705920
5.556288 8.610512
5.598878 7.968871
6.127787 7.948638
6.774392 7.959188
8.148997 22.698338
7.819428 18.991861
9.416531 20.479540
9.590092 21.046000
9.331120 21.153463
7.793728 20.685761
9.794468 21.377849
6.168388 8.027089
5.892927 7.601459
9.654110 20.534620
9.129482 20.411263
5.955916 8.371187
9.901932 19.180966
7.418784 21.259175
8.326513 20.300561
8.693227 21.019648
7.510737 19.674075
10.291100 21.456506
5.437410 10.174831
6.859338 9.181543
5.380589 8.294173
5.261592 7.627134
8.030437 21.495713
9.510659 22.332948
7.994027 7.190184
5.955003 8.592762
9.423418 21.813442
6.475416 8.737530
9.006639 19.972763
7.560039 8.828630
6.047369 7.502050
5.700019 7.550935
7.127669 21.937300
7.039026 8.908451
9.673054 20.941785
6.241328 7.992509
9.384197 20.819739
7.763241 21.224445
6.279534 8.656820
4.980355 8.695100
8.705814 21.275900
8.106909 20.498080
4.751719 9.474426
6.139623 8.926096
6.378043 20.951034
5.583520 7.707639
7.693389 19.343051
8.092931 20.317077
8.887708 21.437227
8.720272 21.747934
9.973381 22.287747
7.836194 21.063268
5.963162 8.624402
6.167180 7.554599
9.073020 20.868050
5.942731 7.412830
9.141175 21.376730
6.207277 9.177225
5.753434 8.660636
7.887884 20.841226
8.749987 19.215172
6.995332 21.441225
6.872843 7.223720
9.361915 21.233375
7.070656 8.004588
8.152765 20.660708
8.054169 21.973613
6.336873 6.694066
6.746129 21.588724
6.797738 8.472376
8.233253 20.800589
8.333954 8.267455
8.211279 21.606293
9.423575 21.986817
7.796261 21.379082
8.155810 21.030439
6.769782 8.265247
8.576273 20.379455
6.350778 7.687514
4.267246 7.452577
9.037674 21.789985
9.298723 21.096493
6.457418 8.394419
9.961637 20.644540
10.216172 20.164992
6.518707 9.348539
6.528369 8.033196
5.819768 8.218931
8.834056 20.700664
9.339623 20.227279
6.010521 8.283797
5.709633 8.488979
5.104414 9.031719
9.739604 20.309275
8.770705 20.983930
8.214229 20.648503
6.885127 20.836840
5.962653 8.539459
9.145968 21.974701
6.856649 7.731378
8.840149 21.374744
9.269186 19.953246
5.434000 8.172218
8.714784 21.402526
9.463425 20.554438
8.156095 21.470218
8.633913 20.686376
7.707501 21.450777
4.488281 8.578475
5.798494 8.582225
8.786101 20.369875
4.295887 7.778315
10.488338 20.607212
6.100222 8.508543
6.021563 7.878801
5.711500 6.887197
9.321462 19.640463
8.481130 20.680346
9.499541 20.937086
6.885012 22.129914
6.154690 8.743973
4.626735 7.706778
9.891755 21.567038
6.109983 7.902369
8.598978 20.689454
7.106801 20.086986
6.590014 8.126584
6.089226 9.044899
9.351862 20.388751
10.320113 19.346331
5.818280 8.116554
6.275075 8.034959
8.952126 21.825300
9.171858 21.280012
9.758706 21.473631
9.116024 20.650062
8.996471 21.475257
10.038853 21.102229
7.174384 8.637631
5.753236 8.966926
9.701958 20.898428
5.832925 8.459118
8.820565 20.796491
5.805097 8.762574
5.950014 7.534527
7.019745 19.776335
8.755585 20.718403
7.857816 21.010415
5.172192 9.399451
9.519759 21.321995
6.581388 7.561414
9.283667 22.041803
7.922550 21.092477
6.812029 9.249610
8.189116 20.679118
9.731533 19.321928
6.958135 9.220943
5.702344 8.311621
5.729208 8.267516
10.338436 20.633789
7.684982 21.009680
8.184066 6.899241
7.210447 9.631063
5.761397 7.677884
9.037204 21.082568
6.317551 7.105196
7.254207 21.429211
5.016812 8.361964
9.321976 21.266763
5.907050 9.054072
8.912343 21.727637
7.181818 6.424658
5.227404 9.280498
5.140081 8.468958
6.237608 8.309997
7.153551 7.766697
8.369238 22.663212
8.350406 19.047167
9.524370 19.994784
9.790492 20.321242
9.104689 21.240242
7.672264 20.911244
10.635296 21.458925
6.277744 8.534879
5.816551 7.720834
10.030016 20.348373
8.222416 20.052129
5.897917 7.921134
10.109939 20.053102
7.252348 21.529160
8.620858 20.289920
9.357397 20.815213
8.171650 18.939822
9.751844 21.562849
5.863744 9.645551
6.202412 9.186382
5.629976 8.044230
4.798819 8.009842
7.602245 21.605575
9.463007 22.038951
8.442702 7.792774
6.448914 7.667645
9.460364 22.153576
6.690724 8.387296
9.242341 20.268754
7.057696 8.249785
6.220208 8.257987
6.114880 7.984162
7.790689 21.567091
6.832560 8.951773
9.299762 20.178326
6.115206 8.097434
9.087148 21.409298
7.885557 21.247937
6.801627 9.226634
4.899337 8.511613
8.886477 21.596442
8.108075 20.519907
4.697039 9.236435
6.633980 8.837360
6.570134 20.657280
5.260000 7.165358
8.293829 19.148092
7.809857 20.482706
8.975027 20.628418
8.137667 22.264124
10.434301 21.958722
7.447412 20.913195
5.245930 8.079608
6.366427 7.288198
9.080370 21.236702
6.160638 8.300705
8.719671 21.581601
5.958108 9.272386
6.042293 9.172609
8.310393 20.806512
9.343579 19.158475
6.498737 21.551179
6.815203 7.286557
9.342973 20.714475
6.757465 8.009776
7.698802 20.563102
8.501133 22.239174
6.340513 7.617675
7.007888 21.555864
6.780703 8.613249
8.712428 21.434848
8.392191 8.267421
7.505171 21.385131
9.667041 21.615888
7.960147 21.346740
8.390494 21.053223
7.005020 8.507174
8.784271 20.636474
6.670822 7.732739
4.605486 7.821698
8.715338 21.660405
9.528382 20.742320
7.008162 7.838405
9.606548 20.552568
9.670933 20.264700
7.745646 7.499892
5.490231 7.830485
8.846524 22.120304
7.047778 8.078340
8.970014 20.768219
7.215586 8.975506
6.232198 8.242338
5.884197 7.836251
7.808927 22.394299
7.111635 8.514643
10.263496 20.785660
5.611586 7.727345
9.072632 21.129592
8.572406 20.966094
6.626276 9.135643
5.881769 7.810873
