1000 
30
98470
102408
106504
108953
112766
119983
130301
142809
143094
154112
155190
157673
163979
176441
179440
184823
190182
206727
216856
231819
253378
278715
280666
299189
326415
344041
359178
372108
389969
426626
454783
458421
483634
521841
566719
606389
667027
682368
749922
764920
826878
891374
978728
1059962
1059962
1142639
1194057
1198833
1253979
1253979
1339249
1388801
1412410
1456194
1483861
1512054
1598241
1673358
1820613
1991750
1955898
1811161
1671701
1549666
1428792
1347350
1344655
1212878
1209239
1143940
1061576
1019112
970194
914892
914892
848104
793825
786680
840174
860338
894751
933225
970554
1000641
1059678
1068155
1143994
1197761
1310350
1348350
1448127
1448127
1493018
1637840
1729559
1876571
1900966
1916173
2090544
2188799
2204120
2301101
2312606
2400485
2426890
2567649
2724275
2841418
2892563
3112397
3355163
3566538
3641435
3972805
4290629
4397894
4406689
4525669
4905825
5116775
5183293
5074443
4622817
4336202
4171426
4125540
3853254
3687564
3551124
3245727
3067212
2938389
2653365
2409255
2293610
2238563
2086340
2038354
1838595
1772405
1689101
1570863
1552012
1399914
1345317
1263252
1145769
1103375
1071377
1059591
962108
931320
867990
831534
783305
711240
640116
579304
548600
521170
486251
468745
460776
417463
416210
398729
395539
377739
375094
347712
331717
302194
297358
295573
266015
260428
245323
250229
273750
285795
286366
302116
318430
348680
377969
395355
430936
454206
457839
489429
512432
526267
570473
619533
647411
666833
682836
725171
767956
775635
808987
810604
811414
817905
845713
919290
977205
1048540
1052734
1146427
1234701
1316191
1363573
1405843
1485976
1512723
1588359
1675718
1834911
1996383
2180050
2223651
2314820
2391209
2376861
2143928
1985277
1828440
1687650
1596516
1503918
1461808
1441342
1400984
1335137
1275055
1250828
1153263
1058695
973999
913611
898079
854073
811369
756195
707042
702799
669064
603495
601081
549989
498840
468909
455310
443016
421308
415830
412919
410441
384993
376138
362597
344829
344139
314198
292518
279939
272940
286587
304928
314990
326014
346226
364575
388636
420892
459193
487662
489612
498425
538299
589975
639532
684938
740417
779659
839692
885035
905390
980537
1001128
1077213
1184934
1260769
1335154
1432620
1564421
1567549
1592629
1686594
1846820
1987178
2080575
2184603
2285094
2314800
2365725
2510034
2532624
2560482
2598889
2791206
2847030
2847030
2966605
3025937
3316426
3648068
4005578
3977538
3858211
3692307
3629537
3321026
3241321
3079254
2916053
2883976
2866672
2723338
2524534
2408405
2353011
2136533
2004067
1986030
1900630
1739076
1695599
1648122
1573956
1528311
1459537
1446401
1330688
1209595
1120084
1021516
923450
862502
801264
790847
725997
678807
615677
574426
606593
667252
676593
732750
774516
782261
826849
826849
903745
957065
980991
1021211
1083504
1132261
1133393
1216130
1253830
1339090
1448895
1553215
1607577
1684740
1757183
1811655
1922165
1922165
1935620
1786577
1632931
1593740
1453490
1390989
1282491
1279926
1167292
1136942
1026658
928098
904895
830693
763406
697753
683797
615417
582799
554824
504335
474074
445629
415771
386251
349943
320897
301964
293207
275614
272582
261951
255664
254385
242937
229332
223140
202834
200399
190779
180858
176517
170338
170167
165572
156465
142852
132566
137338
149011
149160
156618
171496
177155
192390
194698
208132
228737
247950
254148
268126
268662
285856
292716
316133
344901
365250
386434
415416
449480
474201
516404
544289
584566
631331
676155
730247
789397
798869
801265
786842
777399
764960
724417
715723
677073
662177
652906
590227
533565
501017
475465
444084
433870
413911
375417
343881
341817
323017
312680
298922
284872
276610
264715
241420
230556
216030
199827
193832
191312
173519
156514
156044
146681
140373
140373
132792
127214
119453
107746
105375
102635
96374
90977
88884
84262
80975
80570
74768
69833
65992
63748
60496
64125
70473
71318
72673
76888
81116
82981
83478
86817
88726
96445
101170
105722
113122
122511
129126
130933
131456
143155
151457
152820
156182
157275
172216
189093
194954
198853
202034
221025
226771
234707
244564
248232
250217
237205
230563
228257
214105
212820
207286
192568
190449
185497
168245
162019
147275
144918
141150
129152
127860
119165
113325
108452
108343
100325
95509
87390
79524
72605
66941
66606
61743
60261
54596
53121
48605
48605
46660
45586
43443
39359
38729
38109
36432
34246
32259
33710
34822
35692
38261
38873
42565
43075
45444
45943
46448
47191
47474
50749
55265
55375
59694
60231
65471
67958
73938
78226
85970
90182
93699
101288
103921
110571
115657
125487
135776
145280
158355
162313
148516
144060
132967
127781
122797
110640
106988
106560
101551
91395
85362
82288
80313
74048
73455
67431
66621
63156
60503
56267
58461
64131
69646
76262
79617
83597
86940
92938
93030
102239
106430
110155
120179
121380
130604
140529
140810
151933
154971
158380
163764
175718
183976
195566
204953
215815
223584
230962
247129
246140
235063
218138
217483
208566
200014
194813
184877
182843
180466
178841
176158
175805
166663
165829
155215
143729
131224
127549
116834
115431
103887
97549
88672
87430
80348
74482
71130
66435
66169
64911
63547
58145
60005
60605
62120
66592
72984
76852
82692
88976
94047
94235
95365
96795
101344
101850
111831
116975
122823
129209
131534
137453
141164
127612
121741
121254
118828
118828
111460
107113
105077
102029
101926
95198
92056
88097
82899
80246
74628
82016
88495
90176
93602
100715
102830
104989
112128
123340
124080
131897
143372
150253
155662
165468
179036
184228
195650
210910
231579
245473
258728
277356
299544
316018
336243
366504
396190
414018
452935
456558
457471
457928
484945
520830
566142
610301
634713
651850
713775
774445
781415
846272
862351
889083
970878
1064082
1164105
1197864
1214634
1320307
1387642
1434821
1503692
1586395
1702201
1828163
1692878
1611619
1555212
1522552
1377909
1267676
1164994
1135869
1047271
948827
910873
908140
839121
835764
803169
782286
704839
702019
639539
613957
595538
558614
545765
515202
473985
473511
445573
420175
388661
366895
360657
345148
337554
324051
314005
294850
294555
272463
266741
266741
246735
223295
221285
225268
236756
239123
244383
248537
256241
260597
281965
300292
308700
323208
332257
348537
365963
368524
374420
381533
418160
442831
453458
469782
509243
544380
568332
587086
628182
647027
683260
743386
805830
822752
839207
842563
858571
940135
991842
1088050
1160949
1203904
1252060
1280857
1356427
1424248
1505430
1535538
1626134
1648899
1663739
1751917
1921852
2089053
2224841
2278237
2385314
2466414
2254302
2028871
1846272
1663491
1520430
1388152
1256277
1209794
1200115
1182113
1177384
1077306
1046064
949826
940327
890489
837950
814487
749328
696875
673181
615287
609749
585968
550809
497931
454611
436881
435570
412049
395567
373415
348396
327143
306860
301336
293199
271795
252225
239361
222605
221046
215298
196997
190102
172992
165207
158268
154469
149989
143389
137079
130362
129970
118402
106561
111249
121817
122304
126584
133925
136201
142466
156712
170816
173378
180313
196360
198323
211213
220083
223604
237467
238179
242942
244642
258341
274616
295486
320011
329611
362242
366951
370253
373585
381803
392875
419197
456086
484363
515846
544217
546938
559517
597564
601746
627621
677830
702231
719786
739220
807967