30
500
90014
42872
71695
60804
83898
46157
25320
30295
72489
87496
49777
54540
68896
57457
77312
20227
58792
65257
85310
82734
14004
55405
16405
97315
5653
92997
74378
55349
26091
68353
81028
26064
38653
95172
7158
94797
74751
69384
64196
84471
47611
6779
8563
19382
66762
83293
82737
83738
66958
89954
11339
730
16497
74893
16400
26997
20577
59174
67741
56844
96023
55725
50234
73995
98704
49974
65281
46499
35706
9447
31263
79581
20881
27117
63372
56519
93462
88797
29911
11068
31026
89299
17900
73013
5202
49246
16382
87541
11826
41437
63566
96630
43489
48611
80642
52080
18780
7430
60952
9023
96837
64783
70039
19005
40023
5004
57709
30035
12475
22921
47016
9341
89399
25214
43328
96636
51810
36807
80213
78377
9623
24008
32161
6980
52358
33670
5935
11719
36843
35261
42675
10058
30753
52390
1877
95772
47372
96732
52454
80087
68665
41000
15524
80866
73828
15399
58587
5979
54704
20931
11796
43122
19117
73038
31368
42504
26713
61986
4297
42168
61708
16004
97028
90000
29881
23016
74542
15730
96049
97286
91225
40598
90588
69137
24478
96912
20384
32968
56719
15334
69749
43606
31143
43402
242
38567
76887
23312
20762
19040
39101
13961
7549
91369
5781
9129
8521
10429
99534
29922
1401
2394
92127
76681
6832
17269
64638
18266
39029
31048
52996
13760
1800
96401
63834
24290
16931
86820
78044
57774
57602
89420
73266
94165
25085
47585
76021
70603
54102
74300
836
81181
13155
77670
11800
51652
55225
94416
4272
40530
3396
37971
38852
14391
35811
4431
22010
40745
62527
32857
63880
43553
68409
24157
29631
94075
17678
44704
22746
568
47695
77418
60422
48311
56381
4740
53207
20032
16443
4197
61670
85060
26003
36397
34992
52752
27675
22051
98399
12280
17212
43228
95429
34130
66761
87630
77310
85074
55052
80149
36301
40565
22468
27281
44505
63749
7739
95442
53248
52829
42197
54949
64886
4730
51267
75256
47329
61166
23594
55917
91616
43617
69304
94384
69570
46609
79292
13821
7283
74425
72251
31956
27337
20176
95808
94507
95865
77747
9240
47791
28687
73419
45167
73041
36630
16314
14570
64395
80732
62983
97255
42326
64617
97133
44008
42975
61539
7054
44363
28905
62209
91327
57576
31058
46805
42558
38308
48346
56770
89066
58283
53843
97592
85057
58929
14146
4348
70354
68828
7992
12679
98791
32279
34439
20619
63710
80675
56144
28021
26165
26716
35655
32878
64778
51576
32653
18868
41665
4106
94863
8616
61080
5382
80784
1464
33811
37046
27722
90712
59351
21023
8522
44674
24074
70627
32693
23827
33918
16705
4542
17643
53074
59941
77387
55412
92939
24914
5587
39159
98444
41274
92669
55872
35129
68967
53979
46205
20363
48777
56633
10542
78299
49029
12882
94576
2721
56703
68158
25955
94877
87055
401
19718
79730
54227
47375
27650
19498
18139
76222
51096
208
76509
41057
64863
30735
93399
15731
65740
4260
48527
70555
60897
45098
59594
74594
3282
87665
84630
4761
62658
18428
66470
30907
54810
27349
48378
40817
75044
76573
40215
69600
72204
20724
55943
7386
3318
64883
39947
75737
38878
95748
74120
10725
83430
38925
84792
23878
87684
8257
