6.412136 10.106562
5.466008 8.589759
5.774265 6.804660
8.823460 21.840848
5.525192 7.456743
6.765835 8.616091
4.401768 8.205306
5.694896 7.674946
5.602564 8.209031
10.669928 21.242812
5.725255 8.106524
4.913957 8.201518
5.123602 8.073189
6.246395 8.955860
6.733056 8.611656
4.740461 8.738252
8.981978 20.011512
10.488798 21.091376
10.761247 20.624063
7.709472 21.589621
7.584914 21.247323
5.701349 8.003653
6.444861 8.235410
4.256004 8.555547
8.936496 20.988632
6.250346 7.134192
4.496255 7.807663
8.576829 21.152369
8.166927 21.476675
5.385279 8.329117
4.845750 8.204491
6.619273 8.712669
8.806049 20.858506
5.737701 7.563407
8.679702 21.553760
9.810416 19.916901
8.660700 20.771833
5.850512 9.192885
9.070639 20.157297
9.395724 20.847919
4.688503 8.991313
3.625960 7.853181
6.337598 6.503785
8.961130 21.013781
4.844284 8.463712
8.678914 21.270562
7.979734 20.689866
6.303434 8.415514
4.947826 7.972944
6.853360 7.775796
8.743456 22.678587
6.396618 7.682723
5.080187 9.020811
6.512090 9.294927
6.850190 8.578604
8.630519 20.968376
6.422659 7.635352
8.415196 22.129554
8.293801 20.395253
6.017217 8.334924
6.430027 8.678008
5.254144 9.505327
10.138981 20.681423
8.809128 20.244249
8.478966 20.393662
6.866793 20.622785
6.777877 8.352836
9.521309 21.830557
7.086241 8.520033
8.801167 21.137098
9.821776 20.256647
5.606088 8.121886
8.868098 21.547009
8.938389 21.263528
8.456485 21.905776
8.290427 20.538367
7.668273 21.105585
4.699555 8.810453
5.923450 8.839545
8.900799 20.344688
4.627407 8.217965
9.749051 20.890212
5.247151 9.064910
6.079589 8.261647
5.864320 6.895266
9.301235 19.628716
8.807281 20.995346
9.926763 21.356284
6.135249 21.466921
5.863448 8.720431
4.525772 7.147775
9.762999 21.585902
5.987399 8.258074
8.102345 20.340499
7.502448 19.672064
7.015496 8.106942
6.019975 8.886814
8.724843 20.454045
10.189779 19.323155
6.139734 8.022596
6.426122 7.953209
9.317456 21.399393
8.689144 20.855023
9.212966 20.870101
9.730518 20.415933
8.613236 21.965039
10.324454 21.673649
7.682888 9.232660
5.827556 8.318623
9.453992 20.371414
6.018134 9.169354
8.198677 20.449218
6.002893 8.943109
6.112854 7.939398
6.993475 19.304508
9.213598 20.567191
7.629602 20.254473
5.084017 8.967428
9.613399 21.549400
7.427001 7.549196
8.551506 21.580089
7.265353 21.372904
7.197117 8.764384
8.660427 21.299594
10.362084 19.742395
6.485433 9.070276
5.710680 9.150430
6.049409 8.761418
9.665703 20.525200
7.867601 21.554377
7.669260 6.959706
7.406104 9.275282
5.386059 7.496105
9.030581 21.161773
5.629849 7.388453
7.460050 21.664841
4.989156 8.470407
9.014409 21.650133
5.687616 8.415583
8.012567 21.098334
7.137431 6.617415
6.152111 9.248124
5.047064 8.646649
5.497609 8.004488
6.684845 8.296080
8.401071 22.464839
7.880007 19.525246
9.627731 20.364616
9.513593 20.436962
9.423901 20.688524
7.128518 20.624607
10.196275 21.800553
6.336740 7.965655
5.198729 7.931052
9.691509 19.952696
9.157620 20.339274
6.085703 8.210580
9.927728 19.960834
7.060781 20.906197
8.321437 21.124873
9.259824 20.914273
7.762116 19.701284
10.063382 21.978242
5.954372 9.349401
7.021595 9.369820
5.324069 7.867670
4.774918 8.170383
7.310640 21.966433
8.824051 21.698055
8.162427 7.897850
5.936423 7.980205
8.845681 21.613995
6.656812 8.059466
9.115451 20.213246
7.074203 8.449939
6.723326 7.456162
5.432045 7.417119
7.508947 21.724917
7.244465 8.665810
9.374122 20.431074
6.453754 8.353638
8.898999 21.128265
7.797312 21.259111
6.425476 8.943905
4.912962 8.621074
8.045123 20.912828
8.306966 19.897341
4.909874 8.911919
5.733816 9.064992
6.599393 20.056361
5.433551 7.559209
7.543766 19.754957
7.790157 20.293790
9.322180 20.786811
8.748670 21.577832
9.865645 21.946756
7.433051 20.811068
5.669806 8.469958
5.916331 7.261114
8.736713 20.694315
6.416991 7.932428
9.355251 21.546586
6.400514 9.803393
6.567092 8.285689
8.257987 20.638044
9.167583 19.493430
7.105543 21.393920
6.833336 7.459155
9.019336 21.042900
6.943724 7.282024
7.782274 19.967541
8.127953 21.706833
6.139568 7.220444
6.139371 21.732615
6.346724 9.082176
8.855189 21.094264
8.088054 8.408404
8.129994 21.422001
9.433743 22.313843
7.770405 21.141204
8.920054 20.753326
7.446228 8.649783
9.183985 20.628692
7.024926 7.952300
4.942467 7.513635
9.435807 22.054863
9.269839 20.840439
6.479519 8.190291
9.216692 20.743765
10.178491 20.041474
6.566549 9.210916
6.326899 7.948871
6.303702 8.541850
8.984590 20.719073
8.842146 20.441655
6.262136 8.293801
5.802017 8.630919
5.800764 9.918334
9.627965 20.389396
8.956145 20.232776
8.446267 20.978259
6.775567 21.350739
6.641322 8.837045
9.919110 21.502201
7.230449 8.042580
7.880685 21.958387
8.939737 20.794841
5.586534 8.143843
8.633702 20.937339
9.321105 20.683777
8.155172 21.708114
8.020617 20.757533
7.367319 20.834660
5.214448 8.434860
5.860870 8.855977
8.835899 20.426566
4.434452 7.870142
10.352418 20.153204
5.225750 9.174689
6.849255 8.713912
5.958559 7.285158
8.872614 20.452823
10.002281 20.868499
4.546544 8.998428
4.438086 7.234517
6.594344 6.760497
9.429325 20.544402
4.189612 9.243123
8.620213 21.033611
7.997394 20.808490
6.309015 8.732567
4.656113 8.555894
6.211224 7.683777
8.163804 21.990151
6.244072 7.992423
5.732241 8.893982
6.262492 8.438432
6.753768 9.019480
8.986358 21.182860
6.849668 7.607770
8.574196 22.935689
8.617083 21.207873
6.155088 8.555050
5.969193 8.508313
5.433184 9.242844
9.788550 20.460924
8.681948 20.600269
8.425851 21.048982
6.697360 21.437107
6.616585 8.308621
9.484287 21.641896
6.976624 8.439306
8.441887 21.006832
9.710589 20.373403
6.075738 8.177917
8.676495 20.824044
8.889077 20.792780
8.668258 21.148704
8.293708 20.304846
7.477227 20.833765
5.317469 9.085970
5.764684 7.980081
9.092980 20.440480
4.959494 7.924939
10.575863 20.239536
5.890619 8.730549
6.831647 8.291792
5.302413 7.749843
9.533183 20.459251
8.751540 21.124214
10.108518 20.860945
6.405676 21.856651
5.381824 8.325477
3.854316 7.733114
9.727631 21.283892
5.871722 7.921820
8.011077 20.149621
7.820560 19.534170
6.896154 8.326567
6.575094 8.317029
8.737488 21.044785
9.966058 19.415953
5.850632 8.085452
6.519749 8.737875
9.096449 21.312687
8.877612 21.005472
9.271370 21.103025
9.942571 20.927638
9.043030 21.426175
10.877405 21.187639
6.773651 8.721029
5.295933 8.657690
9.010968 20.395846
6.180538 9.020745
8.512407 20.681846
5.734096 8.152810
5.982709 8.012278
7.012885 19.984055
9.360254 20.721639
7.550564 20.856094
5.619094 9.643800
9.857980 21.491412
6.712294 7.801473
8.456005 22.141278
7.180459 21.611171
6.500070 9.188070
8.606743 21.242381
9.622408 19.298313
6.793935 9.043989
5.228992 8.352254
5.635254 8.660314
10.224797 20.751693
8.550804 20.930071
7.641834 6.825458
6.463598 9.436848
6.197356 6.822562
9.042110 21.083133
6.298417 7.693838
7.254011 22.089731
5.055167 8.726740
9.247986 21.690242
5.459316 8.841824
8.345318 21.400912
6.886372 6.946991
5.524858 9.348541
5.450686 8.482761
5.989471 8.061305
6.274095 8.601388
8.258003 22.681723
8.217536 19.510989
9.829429 20.655932
9.603330 21.085804
9.332629 20.726374
7.613183 20.931286
9.716600 21.042547
5.913341 7.670834
6.034245 7.857929
9.858701 20.097810
8.673072 19.982485
6.588111 8.381386
10.204029 19.630814
7.281714 21.477790
8.719099 20.630159
8.925402 20.481296
7.849379 19.589219
9.852041 21.742691
5.536659 10.188973
6.203924 9.399743
4.842510 8.353052
4.954265 8.539351
8.122385 21.025356
8.650295 22.037938
8.114078 7.864387
5.592150 7.937650
8.738850 21.878080
6.635477 8.037736
8.734991 20.401522
7.240416 8.480442
6.761086 7.587702
6.141443 7.347023
7.825845 21.616896
6.846009 8.052733
10.233170 20.997339
5.943670 8.258393
8.894682 20.569816
7.774163 20.823099
6.761447 9.264724
5.858883 7.907754
8.890542 20.904697
8.648895 20.649423
4.576723 9.290997
6.253803 8.740819
6.344274 20.830162
5.435614 7.105746
7.507621 19.295987
7.784361 20.755381
8.676643 20.499684
8.510904 21.684197
10.253318 22.305850
7.266661 20.613873
5.740851 8.068550
5.681770 7.452210
9.449626 20.789285
5.490659 7.968926
8.909284 21.509172
5.541416 9.630661
5.972012 8.352997
8.185929 20.192954
8.941972 20.010923
6.753849 21.868941
6.703624 7.292753
8.815578 20.944823
6.931692 7.821333
7.863173 20.168320
8.122361 21.463285
6.431874 7.477317
6.784916 21.715660
6.271391 8.868825
8.905843 20.763822
8.383419 8.201853
7.597488 21.749920
9.785531 22.157773
7.406119 20.874064
8.623856 21.100991
6.502114 8.423154
9.237308 21.028813
6.418400 7.753800
4.424238 7.416559
9.350608 22.089108
9.281875 20.532696
6.488834 8.241677
9.640211 20.676413
9.732529 20.181009
6.503892 8.815497
7.095079 8.177855
5.476134 8.645259
9.118511 20.800127
9.194916 20.536546
6.580161 7.997294
5.893126 8.282033
5.382233 9.026776
9.604650 20.635245
8.997207 20.960176
8.295871 20.809418
6.985464 20.982901
6.568538 8.938272
9.645637 21.260871
7.017264 8.350344
8.687837 21.675405
9.656003 20.203226
5.701469 8.104615
8.692211 21.636087
9.133226 20.671497
7.899937 21.835487
8.689277 21.165649
7.969543 21.158620
4.541575 8.997046
5.945739 8.509139
8.567992 20.186215
4.775485 8.113908
9.882368 20.227181
5.635282 8.902090
6.508932 8.679133
5.752210 6.989478
9.066786 19.845026
8.394031 21.017985
9.989850 21.280390
6.916020 22.270947
5.952331 8.675430
4.163811 7.658932
9.618542 21.145305
5.268270 8.152952
8.836536 19.708408
7.893999 20.167227
6.431309 8.227445
6.655975 8.533375
8.711740 20.980084
9.940363 19.682139
5.844873 8.129896
6.891172 8.323196
9.459041 21.368458
9.253258 20.849827
8.954438 21.638922
9.432120 20.233612
8.375090 21.758409
10.342482 21.030933
7.011896 9.543898
5.334416 9.084603
9.890514 20.737721
5.868405 8.590598
8.812312 20.607985
5.383915 8.133026
5.865138 7.552537
7.385561 19.807984
9.337877 20.881828
7.838948 20.432963
5.721264 9.047313
9.381873 21.550348
6.725879 7.773864
8.993208 22.203481
7.727535 21.459421
6.827262 9.299722
8.173172 20.894008
10.265834 19.146942
6.420195 8.267514
5.683281 8.667459
5.996315 8.208159
9.989398 20.871611
8.334991 21.116348
7.491131 7.152252
7.304416 9.575847
5.397506 7.202582
9.467558 20.954533
6.124203 7.524016
7.753863 21.400438
5.477575 9.174229
9.197843 21.491035
5.786923 8.446819
8.340380 21.100456
7.128968 6.352852
5.444945 8.574829
5.508730 8.057980
6.082567 8.206247
6.859173 8.413712
8.046609 22.875501
8.575398 19.623335
10.128624 20.649311
9.477713 20.869998
8.812870 20.553548
8.014502 20.931304
9.786986 21.375536
6.439828 8.490467
5.127282 7.475826
9.587314 19.745568
8.357763 20.231508
5.768809 8.657960
9.709205 19.941019
7.113952 21.573990
7.979810 20.946780
9.203554 20.902878
7.610616 19.675576
10.031742 21.200874
6.008784 9.999465
6.096920 9.203994
4.801294 8.358716
5.479742 8.458866
7.734614 21.504583
9.523363 22.020330
7.798295 7.452245
6.165720 8.414531
8.956060 22.082085
6.691647 8.361789
9.177747 19.857184
6.715899 8.600276
6.001310 7.874932
5.634907 7.657758
7.513673 21.696408
6.979159 8.000067
10.074693 20.736519
5.686663 7.716054
8.930757 21.432386
8.146443 21.050653
6.722076 8.818519
4.904643 8.560465
8.720214 20.948873
8.892452 20.144312
5.017369 9.697692
6.595705 9.162258
6.723241 20.926591
5.907489 7.519508
7.625475 19.750957
8.478994 20.359259
8.714044 20.935528
8.129274 21.877827
9.830612 22.036229
7.853694 20.389170
4.990614 9.000315
6.251940 7.390936
8.694113 21.024280
6.269806 7.445977
8.907344 20.881882
5.732712 9.800994
5.790945 8.517285
8.481996 20.205361
9.079022 19.427466
6.792601 21.948779
6.826626 8.194412
8.711805 21.396552
7.143692 7.775882
8.106364 20.567867
8.662112 22.121912
5.953547 7.536494
6.670578 21.696341
6.552034 8.688679
8.119195 20.711471
8.011181 7.900844
8.371627 21.281111
9.363358 21.735829
8.049174 21.443523
8.120819 20.453395
6.891047 8.704774
8.489974 20.041378
7.093193 7.756036
4.122830 7.340599
9.294604 22.000560
9.507173 20.797874
6.220890 8.422774
9.181177 20.763699
10.516719 19.866559
8.262554 7.728668
6.163346 7.954821
9.130078 21.447562
6.448611 8.387961
8.413611 20.766621
7.237043 8.831463
6.691502 7.462801
6.199873 7.864424
7.824533 22.386955
7.200811 8.034733
10.279348 20.814361
5.724890 8.592053
9.579126 21.184038
7.760494 20.751240
6.633451 9.279402
5.548176 7.948827
