128 8244
7 149
43 17
199 58
269 25
347 142
349 80
575 39
584 193
616 88
649 134
671 18
685 115
740 106
898 176
917 162
1023 179
1089 179
1122 169
1192 170
1228 64
1353 187
1551 82
1593 197
1627 40
1653 189
1663 110
1711 37
1797 156
1829 20
1861 57
1908 100
2022 97
2103 78
2143 100
2184 190
2268 47
2324 87
2512 130
2517 18
2549 28
2562 198
2597 191
2617 97
2704 28
2797 151
2804 82
2822 131
2860 144
2936 11
3272 152
3370 204
3486 79
3505 18
3606 26
3755 81
3908 159
3938 167
3973 24
4003 209
4053 141
4062 114
4070 11
4142 204
4164 137
4215 129
4224 76
4261 39
4364 72
4365 66
4370 133
4379 23
4429 71
4504 54
4525 64
4576 97
4787 51
4800 143
4804 28
4934 109
5006 48
5153 114
5274 135
5293 102
5337 184
5355 160
5445 39
5479 24
5481 9
5501 124
5556 190
5619 73
5628 174
5655 22
5671 138
5700 108
5838 121
5843 75
5898 179
5921 18
6090 134
6094 21
6098 124
6122 159
6252 130
6300 41
6358 104
6446 55
6505 140
6516 117
6575 34
6707 123
6723 161
6860 24
6863 212
7023 152
7115 128
7318 25
7370 88
7487 131
7549 155
7550 177
7584 22
7594 36
7610 207
7732 55
7734 170
7829 46
7988 132
