155
775
77488
78467
78459
88204
80503
81605
93164
87051
78590
84114
79000
88247
92201
92185
84876
87140
91462
81985
88316
90263
79816
85576
81728
83007
93352
77279
91980
84690
90533
78219
87478
77494
79532
80880
85470
78518
79605
84239
80121
78066
88719
83414
90433
82922
86521
80933
77204
82529
88432
85590
83150
78803
76909
79678
82410
83299
83679
91664
90329
82030
91561
85142
86301
76823
93375
86265
88961
90128
86283
81864
79646
82132
84185
84347
83090
82471
82008
83535
78369
91624
84639
85375
90468
77313
84966
92328
82744
91286
91988
86618
76897
91042
83953
79703
90658
90716
77125
83926
88345
86274
85351
82780
90245
90126
90779
82663
89599
91547
81008
83219
82876
92385
83171
78852
87937
84157
83008
93166
81241
81232
92427
84015
78247
83145
78953
91066
84490
82863
86250
90224
85095
84827
86490
89342
80929
89514
93362
91455
78028
84118
85916
89726
85407
80549
91857
81762
77730
80303
79954
83087
78378
91056
84313
85120
78434
91192
76881
78402
90603
89817
90211
92165
79160
76984
91115
84644
82184
81548
88404
77492
77309
86696
78755
92321
78765
86523
81955
78930
79100
84005
76931
77550
90679
84256
77887
88459
84097
83319
83116
80322
78417
85659
88554
92466
82736
84540
78171
87748
76939
81079
91255
91873
90671
89651
88506
78210
90348
78508
87008
84377
81777
88482
91008
77229
83377
90130
85870
82901
84759
88939
80065
79876
83769
79235
85170
88882
86937
78497
81730
76941
82333
55238
84080
91319
88713
80383
82966
90381
81642
89250
87934
79268
79157
81952
91312
77025
80751
88419
88247
85931
82602
78836
84433
90041
91820
88226
89445
79882
92195
86314
89401
78059
79176
88181
88343
85708
79175
77643
81659
92001
87937
84139
79360
92987
83660
83904
92921
88069
80908
77576
79581
82103
87920
83316
83667
84981
81932
77126
88700
91800
88730
83873
92981
80868
79037
87456
83767
84281
90942
77633
90070
81968
91899
85409
89033
81977
82884
91176
89757
80714
47324
47139
42228
46101
42294
45636
48923
42850
49667
42305
46973
45649
41866
47728
46275
44846
42039
44588
43271
43309
47701
46007
43617
49583
44020
44259
49462
40198
43024
40486
43614
49656
46049
40798
45043
49430
49582
45955
42704
83554
87034
83533
83365
85312
84810
86029
87938
84898
82158
88094
80194
88830
83964
86337
80498
81690
85117
88762
80762
88441
87461
85125
80324
88020
88908
81394
89210
81130
85611
82423
87233
82971
82623
82508
81442
86052
87051
80197
85256
89026
88754
83679
80794
83877
81322
88436
55826
84983
84819
82149
81267
80285
87545
86712
87538
87275
89455
81495
89389
86621
80303
80066
80383
84870
80502
80293
82930
80444
87953
81816
81254
85874
82898
80217
85862
41452
40722
43034
40604
42508
47929
40168
47558
41699
41153
45114
40796
40025
49186
44887
47851
43719
43065
48700
40661
41218
41096
43137
44301
47576
40015
43684
41556
40397
42309
45415
42315
44614
46599
49324
47945
46500
89019
80207
92910
81039
79472
91664
83040
86029
78629
87821
89730
78801
84114
92264
93305
90256
91926
90756
77504
92992
89216
92399
91146
81638
81494
88461
83422
90671
91084
78214
77709
83299
78338
82276
77796
80263
86153
78537
79663
77778
78056
83867
85945
85178
91396
88139
84831
83192
84166
80989
90721
82660
83328
82447
86451
90075
88049
85308
78773
89585
81392
89967
82499
85549
85405
90890
90243
84140
85430
90805
85010
86905
90864
85985
89895
92780
79048
93204
82009
81479
87806
86675
81895
88949
81254
88979
89386
91985
87671
91685
88047
90933
83226
55934
81446
78082
85653
86023
81204
89173
82506
89037
77294
93182
80632
84253
80259
91759
85905
80604
76906
81714
86050
77592
79822
83796
78003
79606
81174
85341
85356
77167
80479
91249
91872
81081
78711
80428
82459
84219
84735
77447
91802
92443
85743
79121
87204
78194
90254
80430
80342
79998
92730
79135
80839
84379
90478
92903
88512
79310
82534
90758
79684
83401
84152
92987
93133
77768
89706
80050
79891
83351
80320
86063
92800
84601
91377
87260
86141
89989
84483
80084
81149
81815
91885
79211
82617
82581
88155
85192
81643
87837
77424
85042
88083
78715
81221
87553
81767
83330
92859
81541
82811
82917
86763
86615
93245
87591
81094
77934
90215
79559
79841
79392
91776
88875
77703
91695
92618
89688
89844
81949
81005
78572
89338
78070
83535
88810
88610
80941
92555
80295
82306
89045
90360
79808
88963
91327
87257
85107
82259
76913
92639
80326
92879
81135
85285
79748
84225
78336
91976
79402
86865
84665
79375
81295
78292
90850
90200
80480
86950
77957
86031
83811
91518
87994
90948
86050
88274
90777
86526
78112
78139
81725
88523
79760
83364
83021
89780
77407
87062
88578
82054
89832
84328
79477
81240
89374
78588
92142
78570
88118
86063
77898
87303
81244
88346
86817
86277
84135
82458
83221
86109
86455
87018
83535
89236
83365
83780
87739
85613
86607
79600
93173
87918
92897
80160
85961
91565
93532
80649
81068
92059
