606
14690
9153
5311
1808
5424
2373
7458
17063
12317
14803
5085
904
15029
9266
13899
4294
6102
5537
12882
11526
12091
2599
12656
3051
14803
12317
16159
15820
5876
8475
7571
14012
15933
13447
7910
5537
12882
8701
16498
13560
8588
10961
14916
339
14012
6102
1017
14012
6893
8588
2938
13221
2147
7458
8588
17176
10396
14012
1921
14690
1356
6102
2712
14916
4068
3955
4633
6667
14012
10509
16272
2486
8136
16385
12656
11752
7006
16385
14916
1017
4294
9266
12317
6328
8814
7458
3729
6667
6893
9492
6328
10509
4633
13221
12317
1582
14690
5763
2034
1130
16272
15368
5650
11639
1243
17176
11074
15255
1243
9492
7797
3277
9040
13899
15820
13560
8927
3729
2260
14464
8475
11413
7232
7006
10509
15368
10848
17289
1469
11187
4294
12656
16837
14012
2486
13673
9266
226
8475
3051
10396
15142
4068
10848
6328
10283
4068
11074
5876
16159
791
8701
2147
11413
5198
14690
15594
1130
4859
2825
10848
7797
10961
13221
11865
5198
2260
7006
6441
10961
678
226
8249
10622
11300
6102
15594
1582
14351
678
3955
3164
13560
1921
14803
2712
5323
1582
12091
11865
6667
10509
6780
15368
8927
13334
16724
11413
11865
8588
10961
2486
9266
4746
9944
13560
14690
13221
13786
6102
10509
14916
13221
7119
13221
10848
4128
1130
14690
1243
17176
8475
7797
6215
11300
4407
2538
11526
14238
113
4068
13334
15933
7684
10961
10396
7006
678
226
14803
1017
8249
5876
11413
678
9722
14125
9605
17289
4068
2712
12882
13786
10170
2147
11526
5537
7345
8588
7345
13899
11074
8588
791
4294
11865
6319
1017
452
1130
7458
16837
2147
6441
5876
16724
12091
2938
10848
7797
4068
10622
8136
10735
3277
1582
3729
5763
7571
13560
2599
9605
4633
14916
4859
1243
15594
11752
3051
17289
4633
6102
4633
7571
16046
10509
14351
10396
14464
8249
7458
11413
3729
3390
14125
15594
2825
10057
16611
10283
5763
6667
4068
16272
10057
4068
2260
8701
2599
11413
15707
1921
2825
5424
13560
16385
10509
7571
10283
5537
5311
9379
7458
8136
12656
5989
4181
16724
12769
11187
14238
8023
4181
14464
11639
6215
16046
6215
1356
4068
3842
5085
12204
5763
2260
4746
1921
13786
12430
7232
8927
904
904
13108
4633
12317
11865
1017
4181
7577
14012
12656
15368
8814
7684
8362
3729
4181
16950
2712
4068
7006
14916
7458
4181
791
9153
791
1356
9718
1
16950
17063
17176
17289
17176
16950
17063
17063
17289
17063
17289
17063
16837
17063
16837
16950
16724
17176
16837
16837
17289
16837
17176
16837
16837
16724
17289
17176
16837
17176
17176
17176
17176
17176
16950
16950
17063
16950
17289
17063
16837
17176
17176
17289
17289
17289
16837
16724
16837
17176
17176
17176
16837
16724
16950
17289
17289
17063
17289
16950
16837
17289
17063
17063
16724
16724
16837
17063
16837
17063
16950
16837
16837
16950
16724
17063
17289
16950
16724
16950
16950
16950
17063
16950
16724
16837
17063
17176
16724
16837
16837
16837
16724
16837
17289
16950
4068
113
1
15142
17289
15142
16385
14916
16611
16385
15481
17289
15933
14916
16385
16385
16950
16046
15255
16611
16724
15142
14916
15707
15820
15255
15029
15142
16950
15481
15933
15707
16159
15820
17176
16950
15481
15368
15368
17176
15142
15142
16159
15594
14916
15707
16385
17176
15594
15933
16272
16385
17176
15368
16498
16272
15933
17063
15594
15255
14916
15481
17289
16385
16611
15255
15594
16498
16385
16385
16950
15820
15481
16498
16498
15368
15142
16272
16159
15933
17063
17289
14916
16159
16498
16272
16611
15368
15368
16272
16837
14916
16611
15820
16498
17289
15481
16498
17176
17176
16611
15707
15255
17289
12656
1695
226
339
113