-5784
-7322
-8901
72063
-7029
3137
4703
-1841
8009
33973
-6039
52613
-7833
34813
9730
-5393
12593
22413
-5332
2778
83293
-9534
-2699
8853
-517
-8640
44123
-8299
9893
78553
23713
7904
-2472
-3081
95073
1306
8743
1360
52753
50443
4703
3179
4726
51113
27373
-1632
6587
-938
-944
25453
-7546
96623
-5866
2929
25733
63613
38933
61803
861
2572
4607
72533
94323
6077
-6956
53623
16813
7615
86563
4964
-1250
391
1529
-6343
4408
-1482
77813
2992
13543
23393
-7743
46143
9832
3543
1163
23843
2206
16373
4264
3777
19023
50023
33673
94933
-6871
4355
28503
9076
194
8192
42583
91093
74493
-4463
87873
9166
7130
50533
-2965
3123
9693
81763
9573
-324
22963
85593
35273
-9671
87143
3293
8575
-2355
97803
24023
10963
-2777
78103
-9519
32263
4928
-7455
5316
-2085
62213
97503
17683
-2945
7313
-4334
78303
-448
50293
6534
9768
63733
50963
-2498
32573
4893
1675
7773
6143
-842
9154
-6462
7907
23183
7411
-8250
-1451
5228
9736
87533
89893
8346
74463
81843
8856
-7967
-4567
-9146
37943
-697
71123
7707
49343
38033
9893
3904
-9672
10703
4393
-7563
66043
-6889
86503
24963
3800
85973
-1526
-9155
80003
11603
9462
7412
46003
-2303
48813
49723
3669
-6054
20133
2355
29993
-175
-9829
48213
-9530
899
45213
-3935
67403
-3966
2246
2505
48623
83623
5933
-5631
-188
27933
-4277
3653
13963
36133
7429
68553
81633
95223
1573
9324
85823
5643
-2088
9905
10223
9974
42213
31593
55383
81323
-3347
65583
97663
-3912
24723
-88
71443
886
81003
2815
1874
-767
70163
-3848
-7406
22403
73683
45063
64843
873
5189
37243
4194
-2645
-185
50513
3779
4858
4903
9651
6487
69233
60103
-9714
44103
-5741
44003
1303
-6533
10753
83863
1795
-29
-8897
3115
58353
4317
2561
7876
5764
60993
-7181
-1715
5973
76633
81353
3759
62013
3922
-5572
63803
5843
93893
6928
7696
7263
-4828
-7640
-1542
-280
35823
-2126
61683
-5152
8128
47473
3691
-3618
6393
-527
23363
6314
96693
6398
78993
77883
21533
1468
19033
60773
-555
-6042
5173
43143
-1165
8561
91953
-319
52653
-6029
76343
6478
-653
-7144
39543
89073
23263
46173
3936
62453
12883
-311
-5698
3572
37843
3613
-3435
3833
50293
78773
33933
8013
-5641
-173
61033
56003
-4216
72483
67863
71583
60963
88143
-5713
-3362
73143
-1318
-3406
-8242
54513
919
-7897
-1505
20143
-4123
75773
26853
-1432
30203
14173
-7639
15583
9058
7199
8113
8841
-8807
882
1601
527
7596
3756
88723
49563
21533
675
99883
-7556
36363
7271
4213
96923
98363
83683
80403
9053
118
42493
4366
17253
-9063
45553
80653
11073
79643
6153
91763
4049
89153
-4853
76193
28443
98333
-8637
87863
24293
6851
6403
4888
67753
7423
-8810
-8210
-6760
-7977
15813
9363
-9123
4100
19463
-3785
38613
89233
8578
24583
6753
52563
93403
2524
69733
-202
25773
3829
331
-4877
2083
4579
20223
53003
-4574
35363
5046
72213
6039
2550
-7941
7503
-3454
-6668
-6842
7350
94033
48923
-1534
92453
1453
64583
47663
87743
-7728
1975
1403
8524
243
28633
53903
-1303
-4525
6515
921
6563
-5897
83233
8041
1304
65823
2977
-2733
48163
33963
1012
77493
76643
33733
51743
98403
-384
38893
6769
42183
2010
85123
6093
67233
5999
26373
7649
62703
12303
31213
34043
1120
-2515
-1587
-2208
-5248
-3862
3470
-1950
-8714
1823
-2382
8664
6051
1335
4171
15353
-4875
49
75963
43293
53633
92763
-3529
3693
9463
3370
3177
37243
80633
36823
7027
88113
-7103
17973
41533
4463
66853
76483
-1977
49393
79583
-4252
-8991
96193
36253
-9814
49993
-9584
98633
25063
7607
21283
8496
85753
-9601
76283
20863
3933
4327
47573
52173
76153
71163
93963
-2242
-9080
27493
9206
68543
80763
-9795
6311
13433
63753
4044
-6343
-9062
6963
-9500
6453
76933
-7317
-3307
6443
-3798
-9634
22463
-9246
6409
73513
86443
18383
-5184
1033
2293
782
97593
80663
82033
6723
-3664
4255
9991
76053
1415
10203
5780
-9086
63693
26253
47403
17753
-2986
-3691
5793
9101
-1194
13723
8443
46293
32433
99063
8896
-9151
84543
4641
2963
-1061
35033
-1940
30063
-2754
1475
-4912
1039
3493
88353
8281
1530
4358
2901
8842
94143
34323
-8091
5383
19603
16033
8724
63313
2688
-8689
-6221
8839
7108
13093
17073
-2442
-3673
2528
45743
1029
9553
-8307
-9805
98583
3520
84223
6988
69733
-9628
30893
-9779
55063
1909
33473
77523
94843
4796
77603
3951
-8085
1492
22843
-4429
-8259
1218
9702
177
-7492
8893
73213
79323
-2629
39773
95873
9503
2998
89323
3386
47893
30513
56323
-1131
89973
-5376
-1516
36143
67663
28
51433
44893
73013
1649
-3414
72223
3264
39113
-6761
-7333
57543
95933
16743
57043
3502
70083
42813
77073
3477
88283
82073
87243
-8805
6320
-4068
-9266
9003
20993
64433
-2944
6055
330
-510
6101
-4782
-5130
7520
39433
86353
4914
71133
-3909
2910
39793
-2934
81583
2236
58453
3708
345
48733
81333
68953
-4908
-6799
69033
4981
-4447
2383
626
3401
9672
9963
5915
15773
2742
8555
7571
674
56303
-3960
95483
7373
34253
22163
3938
9045
95763
44703
38993
-5777
-1335
-3008
44
13443
5393
52033
-3367
72533
-4374
8843
17503
9158
4293
5758
7482
-3493
1093
52503
90143
21813
98433
-6040
82253
31893
4043
9532
82543
75223
86753
32743
61873
1372
1703
16313
34063
61263
-5428
21733
6690
-6143
92043
42703
9165
5885
27133
-1952
-8811
31633
65793
9588
60933
62723
9213
97353
56433
-7805
31653
21963
3584
-4041
15453
5814
5103
36703
11173
10313
2188
1087
36393
32583
51813
7697
3459
1183
3504
7123
9002
8137
-6505
9213
7204
-5516
30743
6437
1044
8951
76423
-7648
64553
46613
-4803
-7805
51583
9595
42843
-2482
90363
5872
-5302
5293
-4985
15093
16213
92333
-5742
57003
-78
26423
6127
-4683
651
38543
-3865
34533
27793
2412
-4994
53603
47603
-7294
50383
-6289
60103
-9738
98463
-3930
48973
1780
-8743
-5307
27833
-224
63653
19363
94563
60273
-103
-1005
1377
-418
47853
64833
-1738
2207
36513
27703
-9909
14133
4363
49613
-7409
1743
4378
77203
73743
18723
-5178
6779
8099
52633
2475
-9863
-9878
99173
4903
4135
-9665
15753
93793
-5139
98553
72863
48413
2049
34723
92553
22
-4751
-5425
3403
17333
44203
-4266
74753
-8855
9673
69333
-9478
15873
45
5265
-4214
5692
6588
98563
92793
-3146
33113
24323
31963
28333
93743
96333
-6118
56293
3513
94913
295
59623
52313
4460
1536
730
14313
7144
-3684
39573
37013
-5284
38173
91083
94843
-3700
63953
-8154
28793
26203
59963
91703
71273
53083
-505
85923
58183
86853
68863
-1625
6853
81463
4903
66343
41723
-7524
53813
14943
-8500
82573
91163
22283
-8611
82813
3273
32623
-154
932
2409
22693
4569
-9008
-1119
-8432
-3416
9839
-8008
60583
-6759
19053
6756
-4655
62333
7738
-2010
-9564
77953
656
9011
30053
6131
-4166
49363
7466
3779
50543
22453
30403
19473
-5355
-1086
11203
-1897
6903
48923
21143
6505
7338
68653
-7753
1633
3749
-207
6113
27123
3773
-6550
3247
3487
2263
99093
5393
-6425
3133
91063
70673
-721
81633
70683
-4693
-4346
7349
5273
72843
61493
53083
6527
3588
-8465
45623
-577
2793
52463
2823
-4650
83723
1554
57303
47903
9666
-5201
2953
32113
36523
49323
2039
28393
72793
16773
44313
-4745
8041
3938
-9190
33713
78363
81633
-5949
1568
33253
-167
-8440
42273
-5245
-4115
57953
64923
39773
1503
22763
92583
94333
3658
45563
80513
49573
11003
-9513
19203
6203
-7251
82813
-3765
6141
78683
68363
82573
90163
52593
-5718
97403
-6628
-4809
5069
8964
34353
74973
-4479
-2788
39583
8298
5430
63643
8146
66653
8031
3709
12123
40213
5923
-3310
1546
445
42083
88
89573
45723
-3533
-6330
78443
-6375
-1213
1225
6806
85383
-3377
20983
6025
-9082
2255
72073
70733
5493
3512
36333
29543
-8489
7581
92193
4315
90453
-3089
-5172
-1038
66903
4843
5692
83633
1869
29333
13873
60033
76863
5761
721
39333
-9398
48503
6213
85303
39373
35183
8645
88313
-9019
-290
61433
9053
6707
61923
97413
-4518
26563
3435
57163
25373
9293
93983
5563
60353
91383
73233
4371
18973
5816
-4707
-1998
13753
18893
6188
74093
-5492
-4684
32383
9748
3983
46543
37713
7154
32383
71343
7563
-7203
3658
-2632
84953
94453
15203
8507
4897
-8024
9435
2828
53193
50653
15263
9525
-2456
94623
-9826
-6472
-1549
-8364
2739
-4811
74773
8747
-5163
61713
61143
25433
58533
-8685
94263
6666
-9066
42523
32573
44213
78493
93233
4177
34203
49853
13693
-6118
72043
2424
34743
2213
3253
93343
15423
18323
-1702
-8888
3603
6817
21553
2713
5972
1575
3603
-4336
2936
-9549
-1293
21263
29343
3904
3433
9107
-7116
90703
67083
1899
7044
4772
42993
-843
2197
4947
78453
14673
29603
6583
4720
7063
-8808
87303
4395
-6680
9538
2332
-1784
72763
11843
-3175
53183
-5377
11003
10683
37743
-2530
8439
8388
36513
15283
40663
-8022
67853
11453
5250
1724
-9813
5206
-2754
9121
23653
74793
69663
-8355
9113
83803
-7277
40233
90093
40553
-7834
95303
7823
4705
53913
5523
70603
8963
11923
289
91463
55883
82263
-5258
79873
-7423
-8053
36283
178
-328
-8333
-4956
1516
-6894
45023
-8397
-1181
24023
7481
57643
83373
27763
48713
-5182
99863
53433
69953
-9917
93383
7458
-8482
4968
-7679
49583
32273
29193
5928
-3191
5118
69503
-3579
-9402
2473
825
65813
41853
-9718
7326
28073
5780
44323
55703
-3678
68343
58103
90893
59483
9473
56013
-5629
21913
76383
9453
48823
-6088
36853
2088
86243
-9922
-3923
-2598
-2688
8080
9943
2522
46423
-8322
-2004
9783
24473
56283
85903
54263
-4172
44703
7786
-5737
-6671
191
96043
85303
12963
8156
9995
44983
33943
27063
3921
65853
27053
2193
-1107
19803
55803
-4242
56573
27573
6412
72753
7474
5833
91483
59173
4869
-9095
66043
60073
22113
3976
-5694
41273
74403
52553
43963
-3295
2403
-4117
-3885
22223
-6222
-2078
2202
-7315
-3819
-7700
86333
28143
78123
8372
61963
-8773
74033
167
79723
-8975
-2856
-6489
50013
53753
59383
81203
42503
-1467
33253
8127
27133
64133
25963
16893
-4723
425
-6062
246
9950
59423
79363
4749
-5273
49053
-6202
-8905
-8067
7552
67573
-644
41723
3952
9555
-6400
46133
71943
3506
34233
70763
80923
-6683
43473
77863
2763
50433
48053
7487
16423
687
4513
6553
1132
-4817
7009
93013
-901
891
64693
59973
-2664
8974
396
89953
-2094
-1637
82503
6903
4306
48843
7003
4043
39193
-5703
77663
-9443
65783
2323
5003
2639
-4743
6284
77113
4031
7345
3575
7402
1507
885
17753
-5956
2903
32143
75933
-7567
-3075
84803
56423
-3502
53903
94863
27563
4981
5261
46483
55113
-6222
4139
-7437
36183
949
-4924
8154
-7004
1544
57893
68313
-6596
48633
4724
8345
-1272
69073
-6858
-2452
17263
15773
12553
-5053
50663
-3517
50213
-8348
2508
49073
-8769
-2194
32423
34923
88013
407
56203
30633
11093
46243
78873
53623
52563
41423
45113
3115
16453
-3427
-3332
8350
79883
51043
22213
-6425
40063
8013
77383
52983
2489
-3796
40423
3002
-2118
16913
3540
-7404
77713
21813
6712
24193
-9759
-3907
-8029
5329
65853
-2720
33003
16743
58583
55363
60753
91973
59643
7036
68013
-1778
11353
89483
-4328
4059
58863
71333
78543
60063
2179
63943
-1975
7338
-1027
6170
19953
1824
8058
15803
-1203
45903
49323
-5478
-150
-4673
-1089
12803
5722
46913
20563
92673
29653
-553
-6198
19213
49013
4187
55893
-6630
36573
44383
7992
38153
2881
11723
89203
-947
33653
96093
99083
84643
-174
-4198
11913
-9834
4889
-8568
-1061
3498
-1527
84773
41583
54013
70823
-6421
11063
12943
-2630
6207
43913
97123
261
98383
6007
29043
84343
-8426
3983
5143
6773
3288
3411
61193
3124
28003
4149
-2545
31093
11443
27873
-6890
84853
1422
-6097
-6851
-4538
9322
42703
-5414
2101
-2763
4633
97733
-9635
12203
3481
69703
59943
5556
76053
-1984
1140
80363
93713
65843
-7149
6393
74433
17113
99213
65023
-3823
6165
98023
-6793
5310
96703
53643
55363
43483
17483
86643
39683
62093
63613
5432
6573
-6564
19343
16463
83583
40983
61983
14993
91083
-6288
-3532
4571
42153
-7094
-8131
53723
63923
81083
43663
-1789
66473
69053
-8349
32673
66353
-2182
8274
-5899
9397
-3374
-9867
-5055
3303
86323
70653
-9570
20473
23553
76633
75573
-3449
-6845
82283
3431
-2242
3243
1293
64943
-3493
-4199
-9465
-5828
7083
50643
9
-1775
30933
-7629
86013
46243
-801
6643
-8019
15883
50453
-467
-7551
5137
59733
10303
-4158
-7854
-5775
9144
3973
46793
99803
94433
-8295
1993
-365
-2934
80103
97683
-685
-9362
82253
4782
46833
6770
5075
17703
58133
2199
58403
-9539
44893
86853
70553
45883
4329
-7758
-4205
-8879
-1258
-6112
-259
1847
-5236
79053
-6203
-6258
7157
7401
73023
9708
82243
9911
89593
7933
64733
13383
4979
8326
39593
-8204
-7476
4625
77353
5333
39453
85043
40803
-4902
880
10753
-7046
-274
42663
-6574
44863
76093
7053
53973
56243
63163
23723
-7836
92173
45343
70873
5627
1337
7027
-5419
-643
-7948
718
578
77933
64343
57523
-7095
35563
4243
5503
30383
54393
10353
6180
19023
3175
8789
37293
62813
18703
83773
26123
74253
32113
80583
38
8980
85403
9843
2624
3248
13743
75633
69033
-9920
5468
2019
-4702
-4929
44403
83893
9661
33403
76793
-7727
6937
37393
27573
14943
-155
47113
-4925
7063
88923
71963
88713
7426
98553
7937
5947
93503
45913
25233
10573
57213
667
1850
-6164
45483
14003
51413
5407
27063
33523
6703
6934
4339
-7768
9175
8962
28443
8478
48753
6113
69553
59423
92053
2603
38093
64533
62403
-5662
10923
-381
47973
-1598
1617
33983
-6350
-4718
74333
-956
65363
2398
86253
-9771
-5109
2994
32033
-7676
81563
10263
93923
99133
28743
9825
18893
-1103
47783
23203
83313
80403
81033
6483
57373
-4635
67763
4843
55873
-3389
-237
735
225
-4676
28613
1314
6305
3953
541
24293
99673
-2601
4095
34473
-2076
-688
9716
-7350
1053
5946
5906
49333
29583
9681
9450
52493
52583
-9965
-8793
41803
-8126
21763
-1780
87063
97
5274
1088
49613
-9657
-2894
1048
5753
25023
46233
33203
58243
90423
19593
3680
22653
6599
-9800
-3464
14513
-6985
8007
53723
28823
20643
-140
73573
10203
8520
98683
26673
6292
9213
58063
-5515
56593
14863
28403
8134
57463
5995
9437
8537
52443
8867
-2860
77243
-3725
70333
-3416
17043
27423
-6985
-8353
94333
30973
7976
4693
-6623
53673
96283
4133
-4829
15733
61943
8483
79093
7897
3388
3230
4842
61263
3057
24633
63963
4627
76873
-7684
38063
80163
3121
10403
-8424
86253
72213
9882
61263
47293
-4001
-7809
89493
-1662
95353
5087
-676
-182
2331
1132
6249
29603
1543
65203
-4740
-8647
-4529
-6971
90563
32943
-8511
67703
27773
-1670
-5380
9015
70753
82123
39763
-7467
43723
-2089
48133
80663
37423
84213
89363
82213
-2054
-5345
181
-497
5323
2785
29383
8449
22713
8321
78533
6903
7726
7355
986
2496
9926
35083
-463
17
47573
-1396
70643
85523
84253
75243
63263
97863
-9565
3035
7324
31063
39033
4427
143
5346
91683
18933
80543
62153
45303
25783
69643
51453
2693
-16
1702
-8523
99093
83703
45383
-5401
66443
57743
60923
684
1639
8873
7763
14423
4203
7203
80223
70953
4373
85383
69673
90773
79563
41653
6060
-1532
57963
40243
3956
-4351
77963
-124
10263
-9019
-6289
97653
55253
78963
22853
28063
9386
4733
-3853
-2974
-6741
63593
-4651
86613
-1651
63513
-6463
38293
-6076
64603
64963
9219
88863
8592
-6026
14183
64353
-6240
4284
4492
-6086
83003
25313
-4534
6365
55753
6017
2625
40403
9794
76103
2690
2356
7403
-2702
19163
2943
-9303
52603
-5330
72473
-417
3487
54573
-5460
-6952
-3855
37433
22683
-4608
3946
44913
47093
18753
6201
25783
3251
66
8787
83353
38873
78143
9274
8168
-9583
6097
-6069
-5403
-757
26303
17013
-6694
228
14593
281
-8666
98723
3905
85543
-8346
33993
535
-9318
-6089
-1849
95833
-2849
714
10193
-8938
62183
63983
-7770
1153
40583
65913
-7603
9340
45593
722
61663
-7909
47493
2596
18143
-6469
67003
91873
6674
4141
3428
9917
421
2017
-714
4515
43093
5698
6042
90783
21903
30823
84063
5941
30173
-4723
-8033
-1151
-8818
84223
55343
99853
50663
77583
-5660
45083
-7221
-3783
6946
68113
-4032
-8896
5117
-5603
6192
7871
9447
28473
20693
7176
-781
478
90023
25523
2633
16503
3685
89073
27623
94423
99961
21473
31903
52123
-2726
-4796
-3725
-8845
8081
7343
7793
-7318
-1526
-9609
93203
26783
78773
65323
88973
18753
37853
86923
-4767
68063
65523
24993
92483
5663
6279
46133
6233
33973
61883
-2662
49643
6826
-2327
8911
68813
-7040
2746
9113
95163
-2761
43263
56093
-8994
5127
29973
39803
41723
-4807
-1230
61923
-5642
5682
16683
1402
13473
77733
-2202
-810
-193
7916
9798
15483
-1063
85453
32553
-5636
47903
-1851
85793
4821
89753
-9609
4400
45183
-744
-9663
70183
31153
97333
-2735
-6577
3992
578
78143
1722
1031
-1690
71983
-6881
58053
10703
11333
-1273
44203
-6376
97723
38223
2236
54593
84263
-4437
11733
-3927
4246
6533
25323
24763
661
14463
13573
-4224
42313
-7556
37163
-8252
4403
-5286
4123
9669
51233
-4630
-3148
-2983
-9089
87483
22933
-473
63703
-5289
18273
-4162
71363
-374
8104
88223
4403
6413
36773
17693
9783
52253
35283
98493
35913
-8573
3549
99123
7206
46133
2632
28473
6330
5938
33653
-8697
24103
42503
6038
3061
3013
92893
43813
7025
7545
-25
67893
-3693
-8947
3436
-6900
-8702
1384
8261
-3638
33223
37093
-1823
42293
9815
-9272
89753
1823
16963
32693
97543
-2355
83993
5703
-2168
8070
87553
3135
-7895
65553
42643
-5851
1791
90373
9671
6297
182
45693
94223
38683
4045
7013
6606
5218
4624
-941
47943
51463
-2332
29853
89473
4783
-3634
63
-8817
59403
90303
63203
-699
-3083
5407
8499
1118
9952
9143
-4798
4079
88673
19963
233
-8034
-8084
85803
-1490
-3292
25803
1486
-7697
58273
7190
5963
6817
3148
-3266
24773
8913
-8608
97573
8223
97303
9790
78053
9451
73063
2094
-5413
64473
-7956
-4028
21863
44433
84803
-1674
43123
6853
6280
8014
19753
4476
-1157
9102
9487
6657
14183
50913
32513
-7068
8083
-8814
56893
17373
58873
1612
8850
7087
41403
722
6083
28693
21673
11893
6894
-9234
-9476
-6991
90543
-9802
-4485
-8512
4183
36763
6446
65133
99433
-4461
48943
-3116
65263
66543
9415
54143
797
47613
68923
-3733
51193
-3358
56733
99153
24183
64613
-2936
6311
-5503
-9569
55373
6029
95473
88733
47293
49663
45593
93803
92213
-2259
4481
-6398
8904
36583
78183
16113
8715
-9612
19203
55893
30793
842
44113
-7466
1112
9847
4085
71423
9171
73183
18203
-7571
89193
733
8222
99713
-8846
80723
117
12783
-5124
-8269
4296
10243
59463
73553
89543
-1941
-9798
5023
1786
1322
4825
39013
30093
-2068
41993
44423
2303
9091
43203
6381
49123
12183
2406
40093
44593
-7358
86633
4405
68443
96053
20593
43593
-4821
5994
59143
600
27763
5333
2233
5573
-1345
7118
44963
71513
-487
15003
-7592
4948
3531
6015
82973
14933
93063
47433
11523
-3744
94463
-8084
-6905
-7878
9120
20853
97243
9960
4791
-2917
-2593
1556
7189
4095
92743
55493
-8453
46833
-1489
5993
7266
9957
3533
25203
-5534
25303
3493
22353
76813
46693
740
33993
-8210
67403
80253
-168
-1981
5146
-3149
25783
9039
6261
-9263
203
13173
51003
9939
-7470
-6162
2388
72203
-5127
6823
-1382
6819
-381
31923
-6759
80703
-5477
18423
53743
1255
4893
1453
-4770
91013
2424
-6144
66643
-911
-4973
5895
65
22483
5093
-1851
5847
3383
89833
-7014
2869
35923
7133
27633
20073
27973
537
-9121
48523
30743
36123
4176
-3621
9583
76953
63183
1155
5620
9531
5273
3011
-8672
20403
28823
31793
43863
61443
5768
60123
47133
27263
7652
39253
34083
3996
26693
-8802
5495
41573
41623
-9268
99193
72783
7278
81683
5753
-8352
64103
5871
-1867
43813
78293
80063
14253
1610
6606
4789
94143
-8375
3483
5692
20613
5385
-4818
96173
69753
155
3843
65103
8882
93113
1059
89303
27093
99073
510
-2646
-2064
-1026
55473
6780
-2718
44583
18373
5559
43063
-3197
28063
54523
96503
97673
7353
-8183
12633
29073
-3620
8482
6086
95953
-5170
-1047
5454
57933
55663
4051
-3745
43093
-2005
-9319
27143
-9929
82933
66243
74453
92343
78763
10783
91893
59553
-349
-6200
3050
7660
76393
-3802
4948
48113
-9420
3581
5825
79433
33243
-5288
66533
56253
1322
-788
7891
-8110
13293
-8322
-2892
35463
5008
37583
-4642
-6034
82023
6672
58763
-2186
-212
8011
-474
1965
20803
2936
-8783
40703
20063
18043
69863
8146
-1505
326
5844
1302
82113
49923
9040
17623
-8770
74373
6273
7070
16863
54653
3793
6347
68183
-1143
7917
79983
-8608
47883
12973
-8649
3397
7626
42123
9802
-4201
38013
-4878
1760
-7302
65293
2673
66623
5767
68943
60603
97583
29583
59793
6813
56333
97103
4581
4584
50183
60383
36973
-2932
9969
6906
-3647
-9997
32883
8633
-5094
22733
21993
35883
41413
1815
5482
7181
89173
-4401
-3105
36203
6934
29463
-8094
-2483
49403
75383
17993
5298
5927
2281
6316
29253
8343
8725
17273
-8525
14213
84283
935
-1125
9253
67193
30203
73093
40223
30393
3214
75133
28933
89713
37663
123
9994
8993
-7392
-1250
50843
4693
-4157
3477
82453
-3560
68473
42213
1603
91063
7329
-8622
-3255
46293
2543
3889
10103
-4751
86243
-6571
1762
76913
5685
6214
593
8818
58693
-7256
63413
5992
97903
66423
81933
82983
97373
-6835
42373
77713
17963
81233
8423
-9877
31923
53573
-1047
3028
3124
90643
-2877
6779
4543
22023
-5343
39093
72633
3700
-8044
28333
4788
5977
64083
2903
-9942
-9373
-9507
-906
44663
-5002
36783
99793
-2886
48933
-4882
63423
52563
8957
-8232
69783
4630
98103
-6643
88973
-1485
90793
37723
7825
-3507
1743
8323
22783
1506
9423
79293
4903
3080
2912
77243
56923
30343
7785
21553
54433
7745
58913
-6498
41393
52973
59303
40583
3206
2290
9513
36553
74963
96813
-2456
52083
2599
1063
85843
-2968
2202
3012
25663
-7253
8644
8277
65873
4967
32003
35183
5063
-2305
-7136
91693
65743
-785
-4034
-5796
1513
-8414
39683
-3681
-451
58733
66293
-8836
-8447
1393
-7278
1574
19223
23293
8265
8233
-1978
6921
16543
72343
5177
-4351
-8232
-8406
-1306
-2149
6806
-5190
-4559
9363
-4218
-9744
15493
51273
2978
20283
53653
7943
57293
5545
-8442
4070
1273
-3305
739
74643
1507
-2133
-5575
23623
92413
97823
8246
7714
-5304
27513
2165
1936
6751
87
4581
69593
84063
97053
70673
90263
19863
-5907
2412
49463
-4404
53693
4942
76653
-8047
49793
-3190
69673
1407
69143
44263
44053
30463
-2577
9173
677
-3221
700
64333
-4107
1996
4953
32383
11723
46653
37613
81173
23913
1003
92813
2113
83533
35483
1674
63243
86583
-7782
-9722
80803
97973
79183
-9323
4843
162
8853
96703
3377
-6167
6136
3015
51683
6336
8471
-2694
-2814
74373
7443
7093
19913
11603
3537
7980
-6718
77463
52113
5816
-3700
-9827
-5972
2962
72093
39273
80113
68183
15203
74223
9818
95493
1623
8545
3856
12133
92183
-1580
32293
17313
37763
2728
7335
-4078
7474
-6204
32733
-8822
-5907
74973
3223
78883
16153
-4342
49243
40583
-943
9898
594
60583
5788
8541
7793
5156
-3617
6518
6171
-6115
2181
97063
-9812
41743
12243
27563
9191
5281
-6513
32873
93163
9763
4742
28633
7209
7801
9740
6781
-6398
9324
26333
8199
77033
4374
78823
6096
13203
-8384
-434
8072
1265
54183
40323
4323
80733
62103
92433
-8336
-9844
-4482
4934
-8545
18743
-7846
-8590
89193
45353
95513
4479
57953
26043
78583
54593
24953
14923
4737
38603
62603
-2063
97723
53353
9440
45793
-6275
28533
4453
59513
5013
3387
61743
-9968
-4861
-8057
22753
6463
-1652
-2323
85573
77513
-3214
14563
-9929
9242
-9728
41853
5448
-138
59843
5103
-3482
6308
1162
10163
57903
82443
37593
-6718
-4644
46073
2931
5358
6800
46053
82503
24323
56713
-6678
65983
-2929
41953
6107
-8953
76593
42673
-4023
-3964
87883
-183
7733
681
20183
1838
-2181
31953
27493
24983
54583
69333
27543
7983
-1483
-9067
-8322
3353
-7143
36523
49973
-251
-2980
-4798
-7118
-6236
7923
87733
88013
-2593
-3519
-2008
47433
11973
-426
-2948
-9821
-3858
-1715
22743
48283
46253
55903
43713
-7353
82933
63103
7605
-6222
15003
96843
26003
9239
5762
6325
9483
69923
46963
52623
36803
28803
17573
71143
96573
19953
8047
64153
27783
72653
-6308
86133
1023
80003
5282
73013
-4875
31893
-213
-4697
-311
4577
8961
98053
-8565
-2963
49533
9713
20143
14153
7728
6196
8114
-8883
-7301
33003
-7364
6558
-8573
24483
-8617
98903
-6449
-9014
52053
8593
997
47143
17723
61343
-6040
-7027
-4434
2664
6103
49253
7632
87703
24103
2371
6021
8643
30823
8768
48683
2411
9241
-9998
7894
3597
56103
-9260
53823
96243
-340
44393
-9673
85893
76383
-7536
5572
-7490
8328
6388
3373
24203
-9773
40433
67973
26753
7047
-941
74323
61993
-3825
5173
4571
16223
34553
81983
37713
-5741
4462
31913
8052
16083
4246
3613
94623
-8964
30993
93203
77263
47453
25143
3587
40803
1214
-5736
29903
-5601
42303
51673
2262
6351
-3593
9784
9833
-4833
-8598
766
2508
13633
35383
88523
6902
-6323
47943
68203
89083
7525
20763
237
30843
4113
12143
-3436
48853
914
2950
98213
78073
-4601
68533
18203
8194
-3087
39463
72433
82703
89803
3457
8273
-9929
6893
628
79273
30793
-8160
60953
8046
-9627
-3557
-1614
-9748
43803
7016
79573
74853
50843
1510
1095
-2219
-1239
8127
23223
67373
97223
79463
-9149
50273
7814
11103
-8312
2043
32433
62213
25423
38273
-5985
41953
-6629
15193
23903
8590
-8213
9805
16223
48603
-8098
-7613
89573
30443
67433
80723
19803
28253
37923
76503
7873
56573
5986
2393
15203
3233
59123
-1756
52813
74103
3300
52283
5893
22943
39413
-5020
5498
5096
-6450
27533
30533
5683
38543
6373
84713
-8499
5579
65743
35303
-5591
9083
97303
-2918
22013
88563
5099
44213
-1807
2304
61203
1383
1100
98573
72913
11183
7781
65543
79303
7693
5169
3245
30733
-5161
28593
-55
4214
3413
57543
-1763
59913
82093
-9030
14983
27813
9944
80873
93613
93073
72583
8038
-6495
38063
72093
-4308
27693
92073
76853
67283
33203
48703
65153
7255
-1199
90253
-8648
68813
6016
-1574
69863
9736
22043
95333
63893
-3888
7583
3212
72453
85663
60023
33933
1803
-762
-5485
4304
8603
-369
9387
72243
7523
2561
96603
87673
-7694
12213
99013
85623
-2834
-8135
-5501
-3354
1746
23433
74233
-3095
72413
21913
4034
-7797
-4703
80503
44233
-8362
8223
5887
-2675
3833
79433
-3689
-7291
-1941
-9041
-2564
1370
2885
51623
92923
4417
-5707
3545
50513
2853
-9955
43643
1033
63713
-3943
85873
72723
6353
-7487
-3779
2870
392
94723
3430
51193
-6469
2591
3806
5896
57923
-2042
-3913
3953
60893
96023
86583
-4296
-4820
84663
-399
-3686
3090
8066
1567
-4872
-4660
2346
3740
45333
3263
4321
7767
61253
53973
83153
-8427
-9436
67093
68083
6033
12283
-89
23993
60863
37893
19803
31213
2036
3565
34063
6498
66523
9394
6045
85693
7136
26713
-1719
3929
5843
-2916
7467
39203
-9333
9155
-1247
-7348
-192
8397
8127
4574
-482
4513
438
83733
-9864
64233
5273
-9035
22113
5662
41663
4792
65683
66853
-4564
-3524
40033
-9653
-7025
936
2833
83203
-8371
2003
-9510
65643
39163
75413
95023
5244
12293
6909
95793
17353
4918
-8576
19083
-6741
-3858
3497
42873
8546
-7863
91863
-8329
5772
92933
3046
1923
83883
5117
39343
-8860
-7268
60123
8584
-8578
8835
-2300
6425
-8206
1123
-2126
-7837
3983
113
3512
-3197
26033
-2462
-6631
56133
11163
1497
-509
95903
4613
54023
32263
4966
22153
54363
54143
86163
24793
-6670
10443
3929
-723
-9267
52283
9179
-9965
92873
2312
-6761
22213
85533
2402
32263
58473
-801
81053
13753
69933
3183
88853
-2437
641
5213
6940
-8261
7904
4045
6733
38263
5796
6079
75843
-201
-5786
84323
67423
7136
7604
15643
84563
8213
75073
6036
16433
94723
89913
311
79493
76873
7832
2817
79403
98813
4283
46693
3840
-2734
2873
-3232
144
-9780
-7645
72333
6335
94663
16253
-7770
1063
82303
14263
84853
66393
40493
91943
15023
61573
-167
65093
-9511
7856
52333
25483
9293
2253
85233
40593
8479
60313
8942
58143
27353
-8523
14673
9236
3325
-6555
83813
-8615
-7567
-9915
30093
25983
61253
60953
62653
-2298
41693
7733
29683
-8238
8029
1669
-820
8588
1979
22413
-8291
96843
2319
26233
638
42443
86253
-9480
58413
66663
392
-4421
391
3040
41873
-7690
-6914
130
40913
88093
85893
66853
44903
55473
3593
28133
-455
90813
1215
5743
7058
-8969
49353
-5893
73473
5112
243
8743
4944
6835
10463
1541
-9950
12193
3608
-3066
-9392
30983
2154
73543
68353
-9200
70913
8173
-6595
-919
69293
-2154
13023
31973
73093
53923
48403
-8158
-7132
92323
-7845
22883
-1933
29823
6340
64023
-886
-9247
61983
10203
48783
16033
8678
-5900
-2513
1632
50663
52003
-1010
65753
26803
89393
43393
57033
-3332
-2113
1718
4849
17813
-6016
4408
1492
8495
-9388
-1626
90503
7199
69703
59713
78593
-5149
27003
57103
6754
8087
-7525
91453
19123
5064
-8846
2253
37533
3652
810
3090
-6103
87853
6787
9063
8769
-8429
70933
9813
38293
4014
-8029
70803
5793
7451
45823
36753
38273
-5656
-1187
69593
72743
9951
70303
4933
14653
99963
-5205
8533
9259
6856
-366
9558
10633
8142
-4523
48313
34903
-894
-7619
-6066
91373
2463
-4683
55463
64333
-9429
6593
43063
1463
-3497
74963
3148
11513
79143
-7513
91243
77193
5713
5223
58783
-795
3619
-150
71203
72143
62453
-4955
-5259
35183
8329
16363
45193
-4620
63913
99143
-4893
18663
30823
4773
42283
985
4033
29303
13243
-1066
-3897
77313
69973
14043
28
5284
1835
-5561
91073
88123
-307
959
3515
16203
500
-5957
27413
90923
-3684
25703
90713
70743
5293
62183
6093
2701
27053
81613
13933
26053
-1941
164
8953
93533
-601
-9974
86903
4185
7363
60253
-4434
4784
12943
87493
9552
95603
2552
51993
65603
93753
4075
-2349
-7720
42173
-6410
38913
93193
904
62573
9948
44253
36423
70473
-4576
5089
94493
86783
7183
2431
81823
1194
49743
42073
93993
1499
70573
46543
56233
-539
98843
-4941
1773
25633
5839
9351
51703
73463
63553
-4588
-5649
86293
69253
9983
3623
-472
5097
7743
9715
40913
38193
-7872
8817
-7348
47723
-7557
43663
-9472
-5773
-8191
71473
177
44013
9431
9099
77893
-922
46673
9573
-9463
64333
23013
595
2533
35053
-5165
14053
49583
959
-1583
91603
7724
7263
5804
46953
-5417
7086
-4722
3997
931
4891
33033
87543
10573
-9932
10173
-9545
61853
115
4112
99473
99403
-957
-9860
6545
-556
49323
4205
66113
284
7723
9291
85593
55453
16493
76003
4856
76553
68723
4309
52793
-6173
97803
3393
57753
-3663
93873
-8122
-9912
-2458
-7360
-2209
22313
-8769
421
1949
-2826
8987
-865
34863
51703
58313
95083
-4214
-5255
97803
3998
-6112
28153
-4380
92003
3015
-5895
26733
7616
4536
91063
2121
-539
843
76253
-3870
6529
83943
88693
974
1694
48143
-980
-6516
-1511
-1205
7123
50413
17683
9270
82743
42873
6600
1150
40513
2764
5287
-9060
18553
87263
79523
60243
7157
79
79973
22553
7868
43793
10153
4653
7730
4821
77073
9590
391
83123
9146
7986
-3323
89753
6453
-8515
51263
29223
9324
4223
81113
6975
58073
79063
47733
9183
9723
-9953
50133
3240
-9593
73163
33753
-7013
-9053
1365
99913
70343
21143
-9889
-9028
-1547
-7972
-7817
-8240
-7201
4900
90333
90173
4883
12183
40043
2603
59733
58203
-7893
2855
-7052
47893
61213
83803
-1515
28863
66723
91113
5016
80633
-5626
15083
23953
41313
51673
42513
99183
42943
40373
88283
66473
-504
40933
57453
65913
13213
-6848
4843
95423
9228
-2185
-1333
-9277
18193
89093
5433
18213
88093
91313
91373
98793
-6384
81093
-4890
-8049
5208
-1506
74193
-5129
1974
19473
-2028
47333
7251
13773
3564
255
73763
3267
7474
6493
68023
2220
-9844
2215
18333
9623
-1452
18683
4676
-7092
80823
-9799
5713
4427
63413
24583
56293
-1437
-5502
46453
60233
37143
-2462
5990
-8323
30823
8402
73093
46373
-6895
9793
30573
-803
6928
2770
-1728
73043
57043
32713
-9035
39773
53753
-2820
9763
-6336
4539
24113
28963
78193
43843
52823
48243
8952
-570
89633
-9089
71213
7230
15773
8174
79643
17703
89093
1302
-4529
38893
17363
-7989
4093
-5907
-7143
4533
96383
9165
1043
90083
28983
80863
-7213
32803
5890
80583
-8556
2063
3550
-5134
51493
-832
9895
3723
-9455
63723
8134
84763
6913
-5481
44593
65213
8603
3069
1681
74213
18083
7216
98303
2949
-2557
69943
-4906
97023
15513
12563
-6368
-2050
9821
17643
72413
1270
15753
77433
51133
28613
76203
4632
-3710
8849
986
-915
-7624
33243
1517
15893
7219
7833
62073
-3851
2534
610
48653
49493
-4839
-8094
48373
30613
-8308
-917
5900
30383
8442
27833
36593
-8051
5440
7208
7048
92883
83413
29663
303
-9035
15863
-5205
80253
57143
9037
80583
-9557
-7125
74493
18383
74873
9380
6103
9049
-4803
62453
39103
5318
63303
53003
6233
32533
-6152
3074
-4930
-353
-1448
-4695
2072
49603
12513
94093
45773
-6906
92143
-9529
35093
5093
79733
-4690
2509
28293
-7456
30373
12963
-8533
-6481
8384
48773
7596
71663
9864
39073
46883
73003
51193
38373
81463
3976
44923
37883
2371
-233
9
91433
-9871
3096
74713
96493
6930
77103
73543
5596
-2249
-4916
1290
42063
68203
88503
-2181
36233
8954
-497
71123
-9235
-2960
8094
59253
-9845
7722
39773
93163
2233
3238
3081
-7729
-2832
7526
32373
27403
-4442
40853
67003
-5457
8386
46413
-9333
44653
-5342
-6520
6139
-5345
15813
77753
19143
-5507
97213
63643
72103
10733
59533
51963
4187
6601
77633
6291
-8049
76013
51653
81933
6165
-6695
-1901
-9219
82673
8039
-2247
72863
11233
7513
17083
1273
5996
37753
-5347
-9410
27323
3481
3487
-6157
-6866
22593
69283
8211
6532
1319
-7319
8132
916
94233
3924
-9474
7673
49573
49243
9810
-9791
69423
7290
-4354
3646
-7823
9223
63823
27803
3115
44123
44863
3103
9642
-8711
9182
3756
98503
3008
37393
67633
96043
4782
18503
-1784
46863
5519
7752
6653
-9417
1835
-7159
26903
66653
57923
2353
6143
28973
-1457
93153
72933
8537
-609
8379
-6455
51693
97713
-916
6311
33033
7444
5389
31523
7504
30473
73223
57803
6361
95343
52233
13253
49433
5937
45873
9278
8834
-2599
43543
4126
-3204
6472
17143
-4046
22353
8443
60703
92283
1073
6058
14123
11493
4043
52523
-8250
75053
-9327
21323
89283
7452
85903
93243
2386
3043
4854
-6112
39923
27383
80663
38813
21933
-3330
-785
20943
-9321
86203
95383
277
81533
70963
-614
32393
3862
9092
-4385
6894
25513
18013
45103
6049
-709
-1809
-964
-7357
98993
-9542
1836
27023
521
4163
6675
2060
62803
18663
4846
-7376
-5557
2296
4547
19863
-3757
29573
98463
26313
8841
57503
86043
97383
-3765
9453
61593
7049
6456
49233
74283
23653
35743
55343
51623
65783
58403
40393
9018
-2787
-6843
80
93813
-168
7007
93453
81713
99603
8573
93823
3977
7313
9438
6973
4793
18323
53873
24103
-7706
55143
5945
69
2517
8249
22933
34033
76103
9985
67203
3142
64373
56663
-2403
62243
96283
4143
8885
638
-8195
77943
47613
-8769
41473
2036
-7606
72963
81933
39703
6652
20383
2383
98033
1173
27543
98903
19073
71683
13643
9463
-2340
91703
60833
74693
5387
6113
4163
84283
58203
55103
52333
86673
2732
5620
8538
23053
7401
-7862
24053
4352
-4520
8460
-5451
-1634
55423
1973
66973
86493
62143
3043
93163
41213
22423
9023
66503
69343
-8394
9303
8540
74133
83563
3323
67583
58653
188
69863
14153
-2702
-2933
9607
45833
86413
-6287
22853
50253
6154
34753
91763
74483
1761
12233
61243
2702
33203
2630
1847
5428
31253
-2036
-6064
65183
42173
68143
6427
7994
-187
6860
6753
5928
12553
86213
65893
-5246
8968
49053
4629
53223
85393
7851
52203
15773
93783
46923
5114
21933
8833
82253
95823
-8518
45393
9955
3940
71493
-3157
82223
-2024
16943
75233
4787
84633
36213
-9191
-5562
358
39193
92153
5796
-1917
27403
-613
4030
8623
69343
14693
73123
5112
9547
63143
54453
50133
75473
70943
5671
94933
46033
8075
36783
993
52683
65153
4658
3525
-3163
53293
98783
-1690
-498
3990
-8586
61423
24823
-6870
56333
9993
1365
10743
-6012
3379
-3067
-3303
7786
-5862
47673
-2553
87783
80493
80183
60593
28783
82453
68573
3422
-4170
84713
6665
67373
17993
80293
8845
59433
33413
976
74103
-9941
95103
11043
544
88863
-1883
1106
-5575
8993
-5608
4042
38663
9271
74903
-6590
68913
42463
61103
4590
-3010
44803
469
-6551
22453
-2935
71923
52993
21663
6399
63223
-3744
77953
3068
-7902
-8365
88773
1036
1471
26173
5178
4033
-1580
-127
9750
-9717
72473
21473
40033
24363
2187
52943
9114
24033
95943
3216
3796
-9609
92383
90943
-6958
49733
37363
-9548
-2993
1822
54033
4132
-3532
26993
9715
9289
-8365
44703
12923
81783
8613
4851
-9625
5624
8199
12463
57543
10793
7493
3898
-4843
97723
32783
5175
81053
20993
-5326
74793
59403
4097
6681
-8294
-1312
56083
68993
31683
85603
6195
-2587
8036
7353
6399
1610
36663
-5044
3943
12213
-5657
-2339
4203
2885
-7733
74473
-9238
9603
6373
493
-6715
94493
30843
82723
-1416
98913
5333
998
78983
2656
9008
12793
8233
2243
66083
28703
94893
60553
-9106
-1932
66803
9004
95983
8091
-8633
9263
-5916
72483
-4423
29943
-4366
-5870
7558
6394
25883
8413
-4311
197
-1609
-7425
14243
82783
35493
32833
-965
86183
86133
1083
27493
-5015
30173
29923
98393
48823
92203
81313
-2878
6194
-9755
9222
-2450
4046
7615
78923
65583
7961
9343
5851
14693
3743
96723
61513
8653
-9984
-990
945
33613
95543
-870
46833
-7952
41933
-5189
-1623
127
8163
3313
8370
5192
60003
61973
2440
7638
-3958
13513
-6588
-6011
77953
42993
60273
9881
2455
38963
63853
7042
63043
-2720
23473
27803
61513
8323
1418
-1317
-9717
5145
7505
2326
14073
3935
-2127
13703
71583
18453
-6099
-7212
19923
75873
6747
216
8275
3893
1944
2020
8943
3097
-4565
9810
3390
-6783
84653
8022
-9922
7928
43473
4715
1962
5773
52263
51313
54763
39053
45933
2218
4425
78053
-8674
79963
39303
42483
90453
-8811
2033
1987
66783
80903
38583
46203
73763
12643
-6702
68513
1781
-1893
-2701
8659
1589
-9035
-3694
2697
-5918
90403
45713
10983
-6178
3212
8462
5583
-7264
-4491
-5574
-7128
36523
9701
-4698
50933
19853
3523
5605
32863
5663
48173
5233
57073
-260
22283
26923
-9903
7923
8242
49883
99483
23853
4873
3063
6643
79383
9837
4901
36333
-1485
86133
77093
96353
-2802
25553
53203
27793
-5564
68633
54633
4100
91303
36193
90343
1792
65783
-8197
39153
8519
59343
88303
-8461
-8916
8579
73723
2606
57773
20463
-259
85463
-5083
-4709
7873
27343
5409
79103
3274
2226
2497
71373
1229
6827
-9965
9063
-76
-224
48123
69703
7133
45103
-1870
14903
9797
54273
-5835
16753
-8538
4553
-1851
81403
71453
99353
81253
53923
923
31003
2269
1267
8177
808
-3661
61513
4418
34583
9128
-9053
33483
53903
-3634
85923
-7904
13683
75313
4382
-5106
3975
14943
-3423
5451
27643
3031
6327
73893
9672
8993
5768
91763
65463
13523
2053
68613
7518
-312
5847
86513
66103
7611
34433
58503
25363
42233
1763
-4766
9507
-6606
43073
55843
5603
88713
46
68313
34183
97793
-2525
8812
27353
1239
9646
-9419
69393
12123
34443
9143
8236
3289
-6656
39903
92793
21633
-8162
-4363
3969
9700
69373
-1285
96463
-2885
4719
-9999
60793
-6169
56853
-7139
59673
-4376
1148
4863
-4458
7277
41463
79633
6089
1907
71403
84973
-6425
1200
61433
26223
-2636
742
71183
40863
-9720
-9626
93103
97303
910
3536
213
98253
9461
74263
78943
67833
16903
2683
63723
-1657
-671
-4331
-9542
67473
7188
-5483
86893
-6512
10393
8196
-3194
48013
-2585
6393
2084
-8165
91093
48723
8717
-9559
97083
8963
3213
70653
-6055
78123
22883
24563
-7518
8433
9583
2519
3123
84453
-2158
65673
66133
-9011
2243
7470
95583
9775
8723
1710
3590
445
5110
92873
-955
4220
34313
19443
53693
79443
-6586
-8952
-4010
27953
-5774
8763
534
-6249
13843
61453
99323
65753
-5652
-199
8809
-6344
-6998
26583
-6533
50513
44213
22463
85113
-663
69673
-3058
-1502
37583
-8629
7689
65733
44193
30333
7045
-4040
66403
5284
1973
-2631
2918
-6508
-4782
45123
78673
9472
50253
80163
41933
-8558
-1423
9638
6743
19373
94933
35353
2765
5362
97033
6808
20503
4481
-5226
-6098
63063
17303
-7719
7320
-6597
9150
-622
49913
5275
-4900
278
-4136
18443
81523
94393
30983
630
2861
-6720
60793
-8402
76283
2791
-2907
98473
30873
9418
-1147
15553
27163
-8276
56123
-8310
32623
25063
-2108
-8114
43693
-9953
7413
-1481
9249
12263
12153
31443
6315
-8932
-7225
78983
501
47833
72903
32223
-9456
34063
-8607
75073
-4962
92343
965
-5121
19463
28953
533
95163
-1380
6325
74733
-214
26143
1034
75543
6673
23353
25193
-2208
-7171
8129
-1788
81723
7537
-5946
-6796
78393
5071
91093
42053
-2151
2843
13323
55413
5029
30563
-7569
59573
73333
1207
-9391
1101
30243
96173
-712
-3885
-3362
13593
-1081
195
65803
70633
6010
9812
91483
37483
-3593
64393
8875
12733
60113
-7800
15243
7567
-5849
3403
23203
22423
3783
3753
1560
53503
-5163
1168
7490
73063
-3680
76673
81093
11963
-3941
72523
51493
3483
3466
40473
30863
-3957
75833
-2763
-8911
-4219
67013
-7203
27213
62073
-6437
-3472
40853
3171
13563
96363
-5002
99563
36043
71513
6446
-3880
2873
38203
-5891
1143
76783
60133
83003
4886
57883
1223
98693
37953
-9484
14593
50133
-4255
46213
24963
3980
88053
76763
72463
15563
74913
5453
4978
2059
5478
91993
-1645
96973
18233
92893
1023
4247
-6945
-6635
-2660
255
83463
-4411
94243
27883
99343
65923
-6030
-9870
25323
7538
-7927
-4103
5936
-9318
22863
-3009
20533
7236
-5582
-9061
772
42553
18553
38493
3795
64413
-7604
-2223
7742
1250
2513
-8412
84723
-318
95753
7743
3364
-8005
-1082
45773
39523
43293
-9164
72893
9211
-7594
9785
5173
35713
72073
3484
-3378
38773
-3515
45503
18313
-2122
14093
-8938
629
154
6980
7215
5795
3137
7744
-9691
31583
8320
-1271
41183
33593
44903
-9480
-9817
31393
6326
5545
-415
-1842
24053
53113
2774
30143
5393
72843
7644
-3467
6823
2006
-3710
1239
-3684
-760
41773
10963
74893
-1820
21783
-8079
67693
8376
30613
65993
-4693
92473
44873
89153
35573
65303
97683
9954
17443
-1989
-437
2108
45893
90883
-4748
97763
9372
82153
-5699
7206
6923
-4498
-3108
6723
8483
16113
33903
84343
2095
6616
50393
9575
-6100
-8304
14823
3284
-7990
10183
78563
-5999
-2867
2973
-3013
-9594
67093
91853
42173
3633
55033
66953
56513
86563
1331
8360
92083
-7596
7583
7473
25033
4491
46753
57263
56393
-9896
47083
-3851
8412
44713
87533
14623
8734
40763
7314
15653
15363
33093
8179
27953
60413
85593
1275
-4534
99323
5565
6876
82613
22523
20313
9359
5140
23103
1353
-9579
5333
21003
6503
8523
5063
2592
-2089
51283
6329
23993
9261
62523
28753
-4037
-4055
4416
90673
1324
99343
9551
-7834
7199
4863
-4153
8949
38103
-19
-1625
-4760
57623
60343
74703
49243
-2044
55203
3081
-5195
85553
30693
73603
23563
58913
98143
-8662
-3465
-6010
4830
-8811
55243
5681
5546
73333
5426
73153
-7744
87883
19713
97453
8759
7438
32053
-8662
97123
13563
17823
61633
90263
24373
-8264
47223
-9288
-5247
14963
40923
3659
38943
47483
57273
-761
4650
53223
77283
-4761
54843
9649
81543
-6414
-8235
28603
53943
40133
-1275
76873
-1371
30583
72693
50873
4768
99793
90103
45993
84273
10443
32033
80483
87803
55433
-7801
65453
94093
9991
87953
37863
7362
4802
92063
-6642
35633
-4037
528
7699
85903
79423
45943
81803
5513
19113
79633
-7289
-3104
4510
-9346
-3722
8593
164
21433
-2688
6943
54523
2518
63243
57693
6342
-6428
36033
25603
5916
42723
81453
158
-8152
-9412
3677
16643
86173
18423
59163
8549
58183
5547
56443
-183
55993
60723
60693
52133
87133
3427
55813
23083
41763
-7918
3220
73613
-2480
89343
88783
2595
2163
55843
63153
-3890
4043
3445
40813
80903
-3239
-4103
3163
80403
52743
2374
20583
8515
7264
90153
3021
856
2331
8974
6079
6175
87973
22683
-5910
69553
-5453
8630
-221
-7828
-5316
69463
4728
-2671
-4820
42933
97303
-4202
455
66513
-6416
65663
-6139
9547
-1988
3605
72543
-4452
3420
4103
47173
5318
2559
8000
4463
17393
98013
9182
34233
95553
-1571
88723
7813
63513
13943
14893
11753
-8444
98023
84953
-8250
69693
76233
23683
11743
40133
78243
38883
1327
86243
-8042
45423
-2028
23873
74303
-5165
4163
96033
-6579
-1855
-3628
2829
40373
5571
9763
90033
95163
21783
6180
-8443
2638
-5410
-5971
7723
67873
595
89073
-570
7835
45993
4655
-7946
42493
-6170
4131
-2109
5184
57523
26313
63483
51563
71323
29153
35743
6423
1629
76443
-5914
24283
57453
44933
14023
3807
19693
-6657
41843
8316
76313
65293
55583
66513
8548
76043
96943
-942
56023
3205
8442
5686
65613
81613
2959
73093
17993
-1329
3378
53233
1796
12863
5514
5554
77053
6653
2009
69583
8963
-9005
35063
11823
92183
32503
-2888
317
62493
47973
39343
15703
-36
1805
20313
93723
42433
83773
3871
4954
58553
5447
-9775
1397
-6516
26333
1844
8284
69243
8852
-3316
20873
-563
-6481
28173
40353
18493
-7783
93003
-7795
2761
2020
5903
35453
45843
9696
-7643
90543
86573
-8236
7243
-5090
8043
3065
2941
80373
-4157
-8787
6653
-4042
77843
31913
6199
-5132
91803
1583
372
-7647
60493
80563
33583
97583
-2166
6906
66633
454
12923
-2490
55183
58553
54153
5331
-2350
-4656
4863
4379
3883
2564
56513
72543
37383
57503
43713
8783
2363
64243
14133
5884
7216
-3518
-9883
4243
59293
59623
5294
-328
7650
16503
91003
5039
93583
68513
-7763
-1702
75343
72503
32173
-2781
-4114
58053
-6477
29573
2839
27583
-5860
-1752
60533
32793
86733
-1145
75013
45493
66213
-8352
96543
95553
67853
8103
359
-5393
6150
2839
75803
-5639
55543
9668
82363
9080
9583
68263
96043
42793
71503
-9564
56763
-3334
37943
7808
37343
8424
6693
6016
76553
36043
8180
3819
10913
5125
9123
84363
97303
55163
78863
4689
1897
2155
1137
63913
192
569
7098
7453
70133
-2738
53613
74433
51293
-2089
3343
-9510
338
80613
94403
95503
8556
95493
6646
19673
3730
21653
-6268
21543
3857
-6045
53513
9082
2993
753
-7848
9157
-9596
1323
89503
89363
8394
3724
-8754
98463
42173
45993
-8135
34673
85063
2655
6203
-7997
-6727
8771
76533
1623
864
-9074
3162
76023
66803
7122
-9416
22983
44643
3393
47443
61033
6337
48353
34913
6792
93693
-6733
57203
4369
52973
-478
8964
68603
-5321
99773
13253
79453
-3327
45793
35803
-9165
3946
-1180
97253
27893
40623
-9865
4968
34113
4326
93513
-3025
1984
-6123
868
740
60433
6744
8090
74173
21513
98403
-4798
-963
53083
9920
46273
22123
4973
5002
-3779
4702
69823
7639
5409
92913
-1221
6411
-527
-5080
4257
58733
11413
-6657
2340
8283
98373
23153
16213
11253
6383
48463
-135
40823
-4877
39033
2266
-8756
-1275
20473
31843
84323
7464
-8693
58823
20963
19443
-1001
-586
6786
6033
61833
76733
73693
5764
31733
19923
63843
3271
65663
7713
8894
38453
97753
24313
7174
-7884
27423
7412
29013
778
5540
77163
-1838
93663
63493
18313
5819
-552
-4943
29863
-5230
-9288
3253
5293
56383
94733
54223
1555
76503
1164
-9608
-463
-7972
-3048
-5417
86003
9045
66173
-4135
33243
8980
9663
76603
15963
70333
3006
79853
23513
32953
-3465
-9240
2792
7528
8760
89183
29583
-8616
29443
94413
36943
98793
48433
1479
5207
67123
85363
690
95013
1990
3728
32143
28163
-4743
5452
-1793
51883
11803
7540
-476
-4356
6017
4808
80463
8780
38543
-7956
37733
76213
7973
94993
40223
91913
50843
72183
95573
3763
73143
-3709
94223
92833
98663
-4642
66463
72473
98003
64703
55623
-7722
14223
9739
-3376
-1355
28723
5119
68653
70553
929
-6155
99273
593
-9809
-1489
31973
8284
20343
82403
72973
11023
15203
96913
9291
-14
6039
1392
59503
915
63493
89023
35393
93723
16513
75863
5395
98973
81753
48823
56933
65803
9956
-364
8805
-9882
-113
9507
27393
3593
969
4915
9782
8283
21413
39773
4093
626
-7830
8447
30313
16163
98913
11223
-7660
56473
-2353
-2888
75783
45713
98053
6129
3273
-7688
9156
65613
32753
13813
9103
10083
5506
8165
-9681
2170
6168
30173
8324
-738
61893
-2175
8583
-4803
444
-331
93653
-563
14633
87733
53793
-8819
11153
10023
4700
2395
35073
764
20033
50463
-7214
5623
6869
76283
-3131
-5677
-3300
3364
2493
85113
70253
-1507
23433
-6234
1873
63793
56173
-4222
9746
20083
-6636
9473
-6569
-8032
7487
-4075
73793
9088
4313
63263
65273
67693
2263
6133
-4831
7132
5655
87323
9742
5673
56653
-4063
4297
-1190
90703
15393
71303
77653
43923
33483
28103
64433
9683
-4802
27723
5375
-4823
6433
29413
8991
1075
603
3673
6533
-8697
64043
8483
7547
2677
3643
8992
87173
-2186
-4175
-2378
45713
12603
60083
-2797
-7544
94963
4334
9971
4262
27523
14723
43173
30013
98643
65563
60573
81413
21
1483
70033
3655
72393
19043
-3132
29553
8625
90713
709
43293
73643
5239
1639
84983
8322
3933
44153
6208
21073
4995
-407
80023
-9305
-8201
3447
28823
47703
-3079
6603
11103
-8120
5358
91363
57063
36253
37003
-7270
-1409
-2549
-75
450
-2207
40533
-8947
68493
15573
52183
-7905
59823
35273
76953
89993
81443
6053
7733
34133
16213
55663
23163
9129
3199
92543
3117
90513
5912
7022
50113
77933
-5957
-2564
23513
57773
8153
-5757
12743
91993
84243
2828
53323
-7371
-4363
23873
73823
3903
4184
15653
8733
55203
-6838
-4958
-8444
62643
9105
2612
70673
2613
91803
-2121
40753
9787
68073
-3812
69913
-6469
94123
54093
7111
56843
60123
87023
2469
68143
7672
44673
18443
-1148
9683
71773
64953
3783
99813
879
85213
5963
-3349
-7384
3537
4121
-2465
8239
-6517
-3000
38503
3784
81813
-5725
74313
50773
-3779
5420
23503
21323
8716
79553
-9507
2482
9591
6083
9756
50763
2973
14443
46253
3894
4792
-1202
2034
-9350
86303
31233
-8771
5969
49833
81973
-7575
88883
33183
-3763
-6008
-7788
-1237
40743
95323
2769
33163
61333
39593
6890
-5027
59363
34673
-3428
9465
84843
-9686
48753
8344
56903
5650
41963
84963
96073
69263
9504
7141
-5608
7768
5379
44223
83723
8213
11453
2083
5490
3266
-1842
2314
-3126
-5761
-6661
-3159
2024
-5700
8911
49173
27513
53763
47803
-6060
-641
31773
37643
-7212
8523
5860
90433
-721
-511
2371
6718
22753
78623
-3734
54963
36823
9692
33293
1004
5613
89713
5583
-7089
9403
26623
-6941
-5465
6
64363
4509
-755
58923
-9824
80913
23543
2678
6023
-3247
7963
-2537
9362
55693
32293
-113
3551
-2052
-518
8223
83163
73753
3721
-4482
-6643
2443
66563
67133
7306
11523
91993
-6170
75113
-1824
-1208
3360
3053
-7588
27503
1692
92723
80893
45133
-7144
8519
81013
50893
71213
16033
83533
96633
24113
-3470
-755
30163
24243
-8535
7403
24663
348
31303
7289
5055
78053
-4890
-9051
83243
95173
66683
6971
72933
24093
-4932
36313
8564
13313
-5413
18853
5922
2405
17373
52863
92423
-5856
1154
6966
8573
-9981
9600
55433
23173
1973
20193
52423
8679
-1947
746
65903
95323
5435
61173
89213
81563
44993
7127
-6655
59763
-3816
54473
42183
39973
72343
-4044
80723
36923
41643
-3439
-9158
6813
90073
6451
8893
-2281
9862
88343
1048
3398
57873
-2524
-4855
88023
10713
10203
13483
7830
-8003
8672
-6483
23593
61223
7033
7472
7962
75663
768
98833
26343
21673
-8750
-6611
73383
-9294
85453
-7405
-7143
342
-25
58803
679
-1974
84023
-8766
36093
66153
-8688
68343
90783
-7563
-6871
-4869
52843
63753
-9760
-6902
5753
4692
-5445
16453
2012
-261
97433
3454
42193
6833
30073
28773
-6161
68603
12433
-1223
37083
7733
443
-9505
4173
87743
4943
-575
4013
-170
2106
29453
70953
671
10553
-5543
28303
-1519
66153
-4892
3705
34523
3826
-7818
4246
4312
-6416
77443
34863
85613
1666
-5141
51873
-1215
3206