9954 982
77
85
57
66
91
73
82
30
31
54
66
68
68
68
83
83
39
66
31
35
41
93
43
55
69
55
48
91
91
46
74
56
77
47
61
66
53
48
50
79
40
46
29
74
75
77
38
80
36
74
86
40
44
36
49
39
74
66
74
92
39
82
71
62
62
93
58
50
85
46
61
84
61
51
81
90
42
34
41
61
69
57
38
41
57
70
89
54
62
65
52
64
84
44
50
80
53
93
43
41
76
78
53
57
45
47
51
62
49
51
73
59
82
68
42
61
51
82
93
49
69
48
89
84
31
61
77
93
31
66
91
71
63
64
48
53
62
76
78
91
51
51
77
33
56
77
79
82
51
68
40
42
57
82
42
40
57
38
72
47
42
69
65
55
80
85
64
59
33
63
35
30
49
36
61
36
89
79
45
88
61
38
46
92
55
87
29
87
79
50
93
39
61
54
52
86
88
72
52
33
90
45
36
52
75
82
68
42
62
47
64
72
90
64
54
82
90
58
62
53
60
87
81
64
74
92
60
69
46
62
45
36
54
91
46
33
36
76
34
59
80
78
41
77
76
66
59
90
50
38
93
54
41
62
82
92
83
69
46
75
61
38
50
47
48
86
52
48
29
89
40
48
70
44
64
47
79
81
74
67
74
38
31
91
72
34
69
76
83
57
56
66
87
63
51
48
49
84
54
52
90
48
81
81
51
78
44
42
68
37
34
54
66
37
49
70
79
54
75
91
72
81
76
66
64
29
57
77
84
69
42
29
55
72
57
41
89
49
67
46
65
62
92
54
40
91
49
33
52
29
83
48
54
50
74
49
91
48
35
69
87
33
60
51
60
45
80
46
78
89
77
93
79
46
71
89
52
33
65
41
66
46
47
56
87
61
66
45
70
65
91
32
72
87
32
76
32
35
32
46
38
55
72
40
34
44
30
66
93
79
59
79
76
70
84
72
85
85
54
63
59
64
83
31
40
72
73
44
86
50
92
43
93
29
86
59
42
55
91
49
46
49
55
86
89
48
91
58
48
77
71
73
79
36
51
54
29
37
30
37
89
60
85
89
54
66
75
84
79
92
39
46
55
89
45
42
34
43
54
48
68
46
84
93
41
49
57
91
88
87
29
67
71
61
91
83
34
63
89
77
79
51
75
55
87
43
44
47
78
83
29
57
44
41
86
31
49
44
78
36
90
88
91
67
58
59
70
61
53
62
46
90
81
80
42
32
55
83
76
90
45
81
73
35
79
59
82
47
92
91
40
77
82
57
83
55
92
39
76
80
60
72
60
79
92
39
31
84
49
66
44
88
33
93
83
84
67
35
53
89
68
89
50
44
34
60
53
90
52
86
46
45
33
30
39
89
40
85
67
37
37
46
80
65
32
38
93
37
48
93
54
70
37
63
45
83
36
50
75
67
91
65
58
86
33
77
71
30
54
87
45
52
62
31
92
43
38
81
61
77
79
62
67
63
67
61
42
35
58
29
62
56
87
77
62
57
39
61
85
47
79
57
79
42
33
35
47
42
83
76
63
91
34
41
67
61
29
58
62
32
71
67
50
67
29
43
77
84
80
62
93
69
57
46
75
64
81
36
47
82
44
54
56
37
92
33
68
85
82
90
89
44
71
77
47
42
46
83
41
70
62
38
87
90
84
56
32
89
38
70
79
64
54
87
33
53
71
69
75
37
49
46
73
61
60
69
50
41
29
30
64
51
74
59
56
32
60
60
32
59
56
53
68
39
66
83
63
59
44
83
70
83
91
33
39
55
54
80
68
52
42
66
84
43
36
36
68
41
79
41
51
80
65
85
79
46
55
38
55
77
60
77
86
49
45
54
89
86
82
33
85
66
78
84
85
41
74
37
87
57
51
49
55
86
50
91
92
59
79
91
35
85
92
73
55
66
43
81
71
87
84
72
75
83
37
31
51
68
59
53
72
84
68
59
35
36
56
75
91
71
67
90
46
87
72
61
61
37
67
76
67
44
56
76
37
86
51
55
91
66
64
67
83
63
46
74
70
72
30
67
79
60
93
55
86
63
70
47
67
53
47
42
82
62
93
55
61
89
78
75
68
61
53
71
59
64
89
53
75
67
49
76
64
82
63
89
91
56
80
51
84
41
55
53
53
59
68
61
37
49
47
67
73
35
48
55
81
65
46
50
77
34
90
55
82
45
65
43
61
33
38
62
30
45
86
54
42
40
77
57
67
34
52
40
66
68
47
92
58
91
64
61