100
11 108
13 110
49 45
62 108
81 110
85 102
87 50
90 52
92 93
93 72
109 81
113 76
120 22
136 44
143 45
154 94
160 64
173 32
207 73
216 32
219 52
228 49
232 19
236 77
238 108
245 77
282 67
318 107
319 88
325 59
333 53
341 38
354 15
361 13
363 42
370 20
401 30
402 13
405 43
417 4
453 23
470 92
472 57
487 33
488 75
497 55
508 69
520 69
522 36
523 107
525 97
536 89
547 59
548 70
556 65
561 90
564 87
573 56
579 83
587 60
602 23
605 24
614 79
615 46
621 72
646 74
648 38
664 94
666 76
672 111
678 102
681 45
682 53
683 59
684 81
703 58
718 89
720 81
793 18
829 92
837 51
838 105
857 97
865 25
870 67
872 79
887 24
894 105
898 72
908 41
911 32
913 13
915 101
948 103
954 94
968 4
970 8
978 57
989 83
997 5
